NIF_RUN Passive 18x snout on TANDM 90-348 Pinhole
  140    5    1    0    0  <-- KG    KA    IPNT  IACT  KQT  (5I5)
0.005  9.0  0.005  0.001        <-- ACVX  FCHN  FCVX  FS         (free format)
0.0   0   0  1 1.0  <-- AK1   NORML ILOG  TIME  ACNM (free fmt: R,I,I,R,R)
ZR902    1.706E-12 0.010                       IFX
IN115N   4.881E-13 0.007                       IFX
AU197G   8.079E-14 0.010            AUNG 3.937 IFX
IN115G   1.161E-13 0.020            INNG 39.37 IFX
AU1972   1.218E-11 0.053                       IFX
Flux Uncertainty 
   4                          <-- NGP  (I4)
 1.00E-11  1E-4 12.99   20.1
 0.1  0.03 0.02 0.01
Input Flux Spectrum
 140 0 1.000E+00 0.000E+00 0.000E+00   <-- NGP, ITHERM, TNORM, TMPR, ETE  (2I4, 3F10.4)
 0 0 0 0 0 0 0 
 0 0 0 0 0 0 0 
 0 0 0 0 
5.5156E+11
2.3284E+11
5.4812E+10
2.5559E+10
1.4617E+10
9.3993E+09
6.7194E+10
3.4024E+10
2.1327E+10
1.2675E+10
9.5312E+09
6.3023E+09
4.3829E+09
4.6242E+09
3.7439E+10
5.1624E+10
1.1676E+11
1.4357E+10
3.1642E+10
5.5206E+10
1.2162E+11
1.2253E+12
1.6057E+12
1.6175E+12
1.9748E+11
1.8157E+11
1.2901E+11
1.4155E+11
1.2126E+12
7.8815E+11
7.2089E+11
4.2863E+10
4.1150E+10
3.4925E+10
3.4099E+10
2.8294E+11
2.8941E+11
2.6219E+11
2.8719E+10
3.8104E+10
3.3596E+10
4.0546E+10
3.9907E+11
4.9607E+11
6.1841E+11
7.6592E+10
7.7744E+10
9.2358E+10
1.0640E+11
1.1805E+12
9.3708E+11
9.4036E+11
3.5365E+10
3.1012E+10
2.5189E+10
1.8399E+10
1.1275E+11
5.0806E+10
4.2185E+10
3.5441E+09
2.2891E+09
2.0481E+09
1.9243E+09
1.9236E+10
1.6608E+10
1.9547E+10
3.0182E+09
4.8547E+09
8.7007E+09
1.2349E+10
1.8819E+11
2.1762E+11
2.9825E+11
3.8688E+11
2.6522E+11
1.3443E+12
1.5073E+12
 0.0000E+00 0.0000E+00 0.0000E+00
 0.0000E+00 0.0000E+00 0.0000E+00 0.0000E+00 0.0000E+00 0.0000E+00 0.0000E+00
 0.0000E+00 0.0000E+00 0.0000E+00 0.0000E+00 0.0000E+00 0.0000E+00 0.0000E+00
 0.0000E+00 0.0000E+00 0.0000E+00 0.0000E+00 0.0000E+00 0.0000E+00 0.0000E+00
 0.0000E+00 0.0000E+00 0.0000E+00 0.0000E+00 0.0000E+00 0.0000E+00 0.0000E+00
 0.0000E+00 0.0000E+00 0.0000E+00 0.0000E+00 0.0000E+00 0.0000E+00 0.0000E+00
 0.0000E+00 0.0000E+00 0.0000E+00 0.0000E+00 0.0000E+00 0.0000E+00 0.0000E+00 
  10  13  28  11  8  5  8  7 10 40
