$SPEC_ID:
Pulser
$SPEC_REM:
DET# 2
DETDESC# DETECTOR 2
AP# GammaVision Version 7.01.03
$DATE_MEA:
05/05/2017 10:44:19
$MEAS_TIM:
86400 88583
$DATA:
0 8191
       0
       0
       0
       0
       0
       0
       0
       0
       0
       0
       0
       0
       0
       0
       0
       0
       0
       0
       0
       0
       0
       0
       3
    6908
  424530
  515120
  288139
  261696
  260526
  302761
  489300
  906589
 1376570
 1481971
 1145427
  716644
  490915
  549137
  993781
 2020706
 3332567
 3822473
 2907695
 1549136
  696417
  397000
  430070
  632515
  790895
  742279
  563246
  398400
  296140
  241841
  214637
  203697
  199825
  199664
  202414
  208415
  215535
  222085
  239997
  302546
  408108
  450925
  370014
  258121
  198832
  181406
  174528
  170317
  166828
  163786
  162291
  160292
  158721
  156749
  156456
  155713
  154139
  152798
  151173
  149020
  145566
  142615
  141248
  138622
  137001
  136350
  133891
  133531
  132235
  131547
  130496
  130083
  130303
  130966
  130587
  130689
  130095
  130924
  131685
  131310
  133539
  136677
  141269
  144539
  146952
  147801
  147203
  147869
  148476
  151159
  151552
  152766
  152764
  153935
  154775
  155822
  156517
  158365
  159640
  160967
  162950
  163700
  165353
  166629
  167774
  169908
  173354
  188958
  262539
  448474
  671540
  715768
  528490
  315253
  210430
  185442
  184134
  187419
  191408
  196196
  202896
  214291
  237350
  274976
  299774
  293956
  266233
  249002
  244074
  247904
  250772
  256310
  261037
  267531
  277638
  288626
  297821
  305421
  308600
  312636
  315490
  320750
  324280
  329680
  335026
  342932
  352378
  362219
  375379
  387817
  401522
  417391
  432049
  445883
  462841
  480551
  506081
  572279
  727328
  941883
 1034101
  901971
  732353
  761385
 1026515
 1273259
 1196824
  861878
  583079
  466869
  437022
  428252
  423516
  416720
  407730
  399728
  392107
  388655
  401068
  457554
  568478
  673836
  694981
  627456
  533117
  505686
  725700
 1406736
 2343029
 2778072
 2285339
 1365626
  684446
  390856
  320496
  332995
  362387
  370441
  350443
  346552
  433370
  729484
 1236535
 1635331
 1545744
 1064385
  620748
  442642
  505198
  783368
 1325319
 2041695
 2682932
 3366937
 4296847
 4872747
 4231583
 2744351
 1464199
  808598
  598296
  841028
 1983224
 4330249
 6851082
 7466110
 5605682
 2950564
 1178761
  462510
  265009
  228645
  251540
  311318
  363056
  351986
  289887
  237061
  244431
  331322
  486838
  662328
  777128
  755088
  604441
  428660
  329273
  325554
  416102
  608148
  891584
 1163994
 1330535
 1452508
 1710604
 2157742
 2592485
 2660872
 2186648
 1417079
  777622
  462216
  426209
  597684
  872484
 1073486
 1056309
  845996
  589335
  387806
  267393
  212928
  190657
  181998
  176332
  171809
  168947
  171822
  192905
  247495
  335645
  400413
  385577
  302349
  216141
  167808
  149796
  144322
  143087
  143519
  145828
  148630
  146554
  141730
  135334
  130481
  128346
  126766
  124491
  122917
  120878
  119953
  117338
  116278
  115192
  113654
  111931
  110893
  109038
  108565
  107333
  107356
  108291
  109603
  110540
  109754
  110279
  112649
  116760
  116378
  110672
  103135
   98264
   95225
   94157
   92908
   92383
   92555
   97578
  109348
  128737
  143449
  141697
  128259
  134007
  246921
  650455
 1475941
 2452072
 2906365
 2467393
 1500091
  661690
  243280
  116335
   90290
   83947
   80555
   78409
   77521
   77828
   76846
   76724
   77684
   79835
   85273
   91071
   94977
   92520
   86097
   80032
   77263
   76212
   76323
   77073
   76333
   75506
   75279
   75255
   73783
   74177
   74092
   74502
   73630
   73100
   72659
   72515
   72747
   73390
   72894
   72724
   71729
   72096
   80451
  129409
  293233
  655718
 1153415
 1504103
 1449153
 1021525
  533184
  223714
  100861
   70320
   64178
   63476
   62618
   62753
   61757
   61603
   60965
   60744
   60625
   60077
   59859
   59209
   58712
   58450
   58561
   59242
   60096
   60930
   63251
   64729
   65818
   67123
   68177
   68549
   67761
   65387
   61975
   59548
   57503
   56834
   56876
   57305
   58887
   59805
   60247
   58789
   58424
   59917
   69475
   93295
  130620
  168867
  183029
  177089
  225392
  633910
 2162938
 5775012
11324780
16322727
17407542
13685541
 7810144
 3174403
  905630
  194217
   48513
   28015
   24530
   22552
   20910
   20296
   20294
   20329
   20928
   20473
   19844
   19385
   22350
   35837
   71043
  128502
  187837
  211746
  180973
  118696
   62747
   30993
   19977
   18391
   20565
   25761
   29946
   32066
   29394
   25418
   27882
   48865
  104649
  199521
  297566
  341239
  298477
  202026
  134460
  181804
  422811
  856732
 1331123
 1561006
 1378609
  906210
  437637
  154528
   43467
   14957
    9800
    9153
    8885
    8683
    8409
    8342
    8202
    7876
    7652
    7548
    7372
    7397
    7213
    7240
    7823
    9300
   11394
   14154
   15615
   14890
   13013
   11335
   12179
   14677
   17676
   18957
   17295
   13442
   10331
    9911
   13172
   21223
   31692
   40613
   41181
   33081
   21415
   12671
    7861
    6414
    6072
    6105
    6219
    6202
    6317
    6281
    6374
    6261
    6253
    6785
    7407
    8066
    8404
    7801
    7182
    6257
    5835
    5672
    5766
    5858
    6665
    8432
   11014
   13737
   14734
   13783
   11503
    9677
    9850
   11044
   12095
   12233
   10957
    9154
    7680
    6506
    6205
    6053
    6915
    8949
   13333
   19062
   23702
   25088
   21300
   15363
   10644
    7387
    5987
    5421
    5220
    5135
    5181
    6033
    7780
   11295
   15336
   18779
   19840
   16905
   12365
    8710
    6586
    6096
    5801
    5857
    5606
    5497
    5430
    5381
    5384
    5509
    5335
    5438
    5639
    5509
    5574
    5799
    6072
    6496
    7050
    7221
    7159
    6744
    6446
    6039
    6063
    5820
    5864
    5666
    5953
    5774
    5882
    5611
    5237
    4924
    4776
    4720
    4706
    4806
    4810
    4748
    4802
    5044
    5275
    5755
    6129
    6243
    6263
    6161
    6017
    6153
    6814
    7781
    8508
    8609
    8487
    8247
    7843
    7692
    7292
    6598
    6056
    5459
    5335
    6040
    7420
    9587
   12057
   13250
   13032
   11263
    8934
    7606
    7427
    8672
   10323
   12266
   12856
   12362
   10773
    9123
    7855
    6808
    6174
    5907
    5726
    6155
    6738
    7445
    7622
    7376
    6316
    5131
    4376
    3929
    3724
    3522
    3421
    3233
    3227
    3203
    3466
    3782
    4537
    5243
    6237
    7294
    8221
    9289
    9380
    9222
    7660
    6272
    5096
    4745
    4835
    5277
    5918
    6059
    6254
    5874
    5481
    4971
    4408
    3739
    3271
    3280
    3427
    3848
    4774
    5466
    5430
    5025
    4341
    3890
    3659
    3629
    3425
    3167
    2924
    2629
    2493
    2320
    2251
    2099
    1987
    2043
    1981
    1978
    1975
    1991
    1999
    1999
    2174
    2281
    2428
    2502
    2657
    2764
    2767
    2695
    2654
    2511
    2479
    2425
    2287
    2148
    2080
    1960
    2072
    2001
    2115
    2029
    1987
    1961
    1827
    1795
    1777
    1804
    1794
    1789
    1752
    1723
    1741
    1797
    1724
    1765
    1935
    2072
    2243
    2405
    2564
    2405
    2228
    2076
    1995
    2046
    1950
    2007
    1982
    2089
    2248
    2489
    2660
    2883
    3010
    2660
    2564
    2098
    1755
    1578
    1452
    1361
    1468
    1472
    1590
    1550
    1589
    1621
    1596
    1646
    1630
    1686
    1768
    1782
    1806
    1943
    1958
    1987
    1726
    1550
    1566
    1566
    1509
    1482
    1577
    1514
    1490
    1561
    1665
    1886
    2417
    3490
    5085
    6987
    8700
    9411
    8506
    6551
    4551
    2956
    2173
    1724
    1812
    1871
    2236
    2785
    3695
    4614
    5669
    5846
    5756
    4938
    3695
    2652
    1865
    1577
    1543
    1506
    1611
    1738
    1805
    1808
    1730
    1700
    1536
    1564
    1438
    1444
    1383
    1405
    1383
    1387
    1460
    1433
    1423
    1528
    1497
    1453
    1552
    1692
    1805
    1904
    1978
    1937
    1868
    1876
    1968
    2212
    2507
    2759
    3061
    2969
    2859
    2726
    2656
    2593
    2697
    2900
    2836
    2629
    2178
    1739
    1250
    1002
     849
     813
     770
     724
     736
     742
     710
     718
     777
     755
     748
     842
     807
     830
     768
     748
     838
     731
     740
     796
     730
     777
     756
     742
     709
     754
     756
     793
     892
     944
    1269
    1686
    2306
    3443
    4386
    5230
    5498
    4935
    4204
    2876
    1886
    1458
    1141
     998
     909
     837
     746
     660
     602
     560
     528
     548
     540
     602
     519
     545
     532
     564
     564
     600
     574
     559
     578
     566
     537
     588
     684
     799
     982
    1196
    1406
    1617
    1693
    1572
    1328
    1069
    1032
    1026
    1155
    1164
    1178
    1046
     915
     835
     639
     596
     531
     578
     583
     583
     636
     682
     724
     799
     697
     652
     606
     559
     541
     534
     481
     502
     517
     495
     488
     496
     541
     574
     534
     512
     542
     474
     484
     495
     503
     495
     518
     507
     538
     524
     534
     504
     517
     515
     516
     526
     526
     522
     504
     547
     529
     557
     635
     690
     755
     808
     767
     771
     713
     670
     606
     562
     529
     591
     525
     561
     621
     644
     675
     637
     598
     550
     544
     457
     491
     487
     504
     472
     440
     490
     465
     516
     504
     511
     480
     440
     467
     509
     502
     445
     520
     449
     489
     493
     483
     557
     547
     602
     580
     631
     742
     623
     639
     569
     545
     533
     549
     533
     543
     570
     532
     573
     522
     515
     505
     556
     467
     501
     497
     521
     520
     570
     523
     587
     552
     571
     544
     569
     517
     542
     528
     541
     503
     507
     454
     515
     496
     495
     474
     486
     509
     512
     463
     497
     463
     521
     478
     467
     480
     493
     454
     453
     471
     493
     456
     478
     484
     489
     479
     472
     477
     489
     428
     435
     480
     455
     457
     500
     459
     446
     474
     506
     480
     475
     494
     508
     445
     453
     473
     485
     469
     457
     472
     471
     476
     437
     408
     445
     471
     441
     420
     419
     413
     410
     419
     371
     408
     407
     380
     435
     408
     437
     461
     477
     552
     591
     586
     630
     574
     514
     461
     449
     435
     388
     387
     339
     411
     387
     386
     385
     374
     361
     354
     349
     359
     383
     388
     416
     436
     426
     443
     480
     443
     435
     423
     425
     396
     398
     397
     364
     369
     372
     380
     325
     343
     373
     374
     387
     381
     334
     379
     409
     403
     392
     370
     351
     383
     398
     434
     451
     437
     465
     524
     520
     530
     600
     585
     571
     574
     561
     508
     485
     402
     382
     380
     366
     397
     355
     394
     352
     341
     319
     390
     347
     383
     372
     368
     341
     353
     358
     356
     330
     370
     389
     367
     371
     366
     399
     347
     352
     356
     328
     357
     346
     323
     364
     346
     370
     305
     347
     331
     325
     343
     363
     354
     356
     364
     331
     335
     346
     347
     331
     298
     348
     340
     341
     338
     324
     367
     398
     376
     388
     405
     378
     395
     381
     363
     357
     329
     314
     310
     325
     318
     295
     318
     333
     322
     320
     294
     318
     321
     299
     312
     333
     301
     304
     318
     280
     344
     317
     320
     299
     292
     313
     289
     311
     296
     327
     335
     297
     334
     339
     308
     309
     294
     264
     315
     305
     270
     282
     292
     285
     328
     277
     279
     264
     305
     297
     295
     302
     298
     305
     286
     322
     282
     319
     279
     294
     300
     270
     296
     294
     291
     288
     258
     251
     293
     305
     293
     270
     332
     283
     296
     333
     307
     316
     279
     306
     331
     307
     281
     294
     282
     305
     276
     287
     270
     277
     287
     276
     264
     325
     265
     253
     264
     292
     299
     301
     323
     299
     301
     287
     313
     329
     314
     322
     321
     339
     324
     311
     292
     311
     314
     267
     281
     272
     291
     252
     271
     267
     252
     284
     275
     265
     273
     257
     276
     308
     259
     258
     281
     265
     264
     297
     304
     268
     250
     256
     275
     283
     283
     302
     270
     279
     274
     277
     273
     281
     303
     276
     279
     268
     249
     298
     263
     286
     297
     268
     282
     272
     270
     264
     292
     300
     289
     318
     386
     416
     554
     729
     909
    1222
    1553
    1772
    1847
    1811
    1646
    1253
     892
     603
     450
     362
     311
     268
     258
     256
     266
     245
     261
     275
     250
     231
     230
     265
     261
     247
     279
     218
     254
     263
     229
     263
     252
     244
     251
     250
     232
     259
     255
     258
     254
     251
     260
     230
     223
     232
     255
     258
     259
     233
     261
     252
     242
     270
     271
     266
     284
     286
     266
     265
     257
     265
     253
     260
     240
     252
     244
     253
     251
     239
     259
     271
     232
     265
     210
     269
     266
     240
     229
     248
     244
     238
     225
     237
     241
     233
     228
     215
     239
     221
     241
     232
     253
     264
     225
     224
     259
     233
     234
     233
     238
     249
     208
     222
     222
     269
     213
     219
     260
     234
     227
     227
     225
     247
     235
     232
     256
     249
     254
     239
     223
     285
     218
     269
     232
     311
     390
     552
     764
    1055
    1524
    2145
    2967
    3961
    4865
    5598
    5810
    5416
    4730
    3684
    2392
    1540
     941
     648
     460
     355
     341
     355
     358
     391
     421
     456
     422
     410
     366
     331
     304
     230
     243
     241
     210
     241
     235
     218
     208
     220
     248
     220
     227
     227
     205
     232
     226
     234
     210
     215
     227
     219
     194
     204
     196
     229
     223
     224
     232
     194
     173
     210
     214
     187
     236
     227
     220
     222
     210
     233
     232
     246
     209
     196
     234
     215
     198
     222
     238
     224
     205
     214
     202
     216
     208
     226
     239
     222
     219
     221
     234
     200
     233
     259
     187
     191
     215
     220
     204
     208
     231
     225
     229
     232
     205
     212
     215
     236
     198
     252
     225
     222
     240
     218
     229
     256
     245
     269
     276
     255
     254
     233
     225
     242
     220
     199
     225
     213
     229
     198
     187
     227
     190
     215
     209
     193
     234
     194
     205
     209
     197
     181
     217
     198
     173
     187
     206
     199
     176
     205
     205
     229
     215
     192
     210
     215
     210
     244
     209
     220
     268
     214
     214
     222
     239
     245
     219
     239
     227
     258
     226
     241
     202
     218
     243
     184
     209
     213
     202
     202
     211
     224
     204
     175
     229
     219
     215
     198
     185
     200
     191
     194
     173
     196
     188
     211
     183
     177
     203
     184
     185
     208
     212
     215
     212
     255
     243
     218
     241
     234
     240
     224
     275
     277
     266
     272
     267
     288
     231
     224
     218
     187
     185
     188
     209
     167
     194
     210
     190
     181
     194
     191
     199
     192
     204
     220
     191
     207
     203
     175
     202
     185
     225
     216
     222
     211
     214
     211
     199
     227
     214
     224
     223
     199
     178
     214
     198
     199
     172
     185
     200
     182
     189
     192
     217
     248
     249
     249
     292
     332
     350
     461
     506
     542
     531
     492
     517
     485
     425
     388
     351
     316
     277
     266
     269
     267
     280
     314
     313
     327
     314
     257
     275
     258
     236
     209
     180
     217
     207
     201
     171
     223
     196
     190
     187
     176
     196
     200
     173
     196
     188
     224
     214
     204
     219
     196
     205
     213
     201
     218
     210
     248
     230
     224
     245
     226
     220
     199
     175
     218
     171
     176
     194
     165
     172
     201
     179
     185
     183
     198
     189
     193
     192
     162
     182
     181
     204
     168
     182
     190
     173
     176
     149
     187
     191
     183
     161
     193
     183
     178
     165
     185
     184
     197
     201
     183
     190
     188
     189
     177
     192
     203
     196
     175
     195
     200
     183
     220
     185
     181
     185
     166
     181
     203
     177
     171
     176
     169
     151
     161
     177
     184
     199
     208
     209
     199
     194
     217
     263
     228
     224
     214
     212
     193
     161
     166
     184
     185
     175
     156
     176
     160
     147
     146
     167
     170
     149
     161
     154
     168
     175
     152
     170
     160
     156
     160
     171
     166
     169
     193
     202
     199
     225
     233
     293
     282
     337
     383
     382
     368
     365
     354
     273
     262
     222
     170
     193
     186
     164
     153
     172
     152
     171
     200
     183
     178
     161
     187
     186
     150
     180
     164
     160
     157
     171
     162
     165
     148
     149
     150
     165
     169
     174
     137
     169
     169
     163
     164
     156
     162
     165
     174
     144
     163
     163
     145
     154
     166
     136
     158
     159
     182
     137
     147
     147
     161
     155
     139
     155
     147
     145
     159
     156
     159
     154
     160
     163
     130
     148
     136
     150
     151
     151
     161
     153
     160
     156
     157
     139
     161
     147
     156
     158
     178
     148
     149
     151
     172
     167
     158
     168
     145
     144
     172
     171
     148
     147
     147
     143
     139
     138
     147
     140
     132
     150
     171
     145
     142
     160
     140
     136
     162
     162
     140
     148
     153
     137
     135
     165
     142
     178
     162
     168
     136
     171
     149
     166
     175
     134
     128
     161
     136
     161
     154
     154
     129
     153
     157
     136
     148
     130
     140
     165
     143
     155
     127
     113
     136
     141
     121
     150
     141
     136
     128
     138
     118
     140
     158
     150
     144
     146
     138
     161
     160
     149
     169
     159
     155
     162
     165
     135
     143
     138
     154
     160
     130
     132
     142
     128
     138
     156
     137
     139
     144
     137
     141
     143
     129
     153
     144
     143
     130
     160
     162
     144
     159
     128
     140
     139
     162
     141
     149
     132
     127
     140
     141
     148
     159
     118
     140
     146
     145
     115
     145
     148
     166
     133
     151
     140
     163
     146
     143
     128
     138
     133
     143
     157
     126
     149
     145
     156
     157
     144
     149
     169
     160
     144
     156
     154
     143
     129
     152
     140
     128
     129
     129
     113
     145
     152
     151
     156
     137
     179
     154
     183
     164
     176
     187
     168
     177
     133
     161
     147
     127
     118
     135
     122
     134
     135
     131
      91
     121
     127
     124
     110
     120
     139
     132
     147
     113
     135
     126
     117
     140
     140
     124
     129
     144
     139
     142
     133
      92
     131
     111
     159
     118
     112
     116
     127
     146
     138
     118
     123
     139
     127
     135
     156
     143
     125
     162
     108
     138
     129
     130
     118
     116
     143
     127
     117
     115
     117
     131
     125
     124
     123
     126
     136
     115
     128
     115
     109
     130
     118
     141
     123
     117
     105
     127
     116
     119
     130
     122
     107
     139
     150
     133
     126
     132
     115
     127
     105
     119
     124
     126
     108
     100
     111
     107
     113
     111
     101
     125
     121
     100
     117
     108
      93
     103
     103
     101
     115
     118
     110
     125
     119
     113
     115
     109
     115
     103
     111
     111
     108
     120
     119
     101
     103
      98
     114
     127
     105
     101
     115
     111
      91
     105
     116
     119
     139
     114
     119
     128
     105
     115
     126
     113
     115
     107
     101
     135
     121
     124
     147
     156
     172
     186
     193
     239
     275
     282
     416
     408
     441
     465
     469
     539
     456
     440
     363
     292
     263
     233
     166
     147
     147
     114
     105
     115
     109
     120
     124
     110
     114
     114
     113
      99
     106
     121
      98
     129
      99
     115
     107
     109
     120
      99
     115
      97
     113
     104
      99
     100
     113
      82
     104
      92
     102
      85
      99
     103
     117
     101
      95
      86
      99
     100
     108
      99
     117
     101
     109
     101
      83
     100
      98
      97
     105
     126
      98
     104
     105
     100
      99
      95
      86
      97
      86
      95
     109
     109
      94
      80
      90
      91
     107
     105
     103
      87
      92
      90
     101
     108
      84
      98
     100
      94
     100
     111
     106
     108
     100
      97
     111
      91
     102
      92
     107
     108
     101
      99
      98
     100
     111
     111
      96
      93
      94
     103
     103
     104
     112
     114
      82
     109
     110
      90
     106
      95
     112
     106
     111
      93
     102
     107
     102
     110
     101
     115
     105
      95
      97
      84
      78
      91
      88
      99
      97
      96
      96
      81
     107
      87
      99
      86
      97
      95
      79
      95
      92
      95
      86
      88
      88
      99
      96
      92
     101
     112
      97
      95
     100
      96
      90
     105
     106
      89
      94
      88
     106
      89
     107
     104
     113
     100
      84
      86
     102
      80
      93
      86
      93
      83
      92
      88
      87
      99
      93
      95
      91
      87
      75
      76
      90
      98
      77
      96
      94
      75
      91
     102
      81
     100
     101
      84
      73
      96
      74
      88
      80
      80
      95
     102
      82
      92
      86
      89
      88
      84
      78
      85
      98
      69
     101
      73
      93
      80
      85
      80
      82
      85
      93
      89
      89
      89
      79
      83
      79
      82
      78
      84
      78
      86
      88
      99
      78
      83
      99
      75
      74
      81
      88
      84
      83
      81
      75
      95
      72
      87
     108
      85
      83
      70
      79
      82
      83
      78
      87
      63
      98
      93
     106
      74
      83
      85
      89
      82
      70
      91
      97
      76
     102
      99
     112
      92
     121
     113
     135
     137
     156
     171
     227
     223
     279
     280
     271
     307
     282
     263
     242
     211
     163
     157
     130
      94
     105
      96
      96
      82
      96
      85
      58
      68
      85
      84
      77
      83
      67
      99
      80
      81
      89
      70
      93
      79
     104
      78
      80
      78
      96
      75
      79
      75
      86
      91
      72
      70
      77
      77
      74
      63
      81
      67
      82
      86
      84
      65
      67
      88
      64
      77
      88
      72
      68
      82
      77
      78
      89
      68
      77
      70
      84
      72
      82
      81
      73
      69
      66
      89
      87
      69
      76
      90
      63
      80
      76
      77
      91
      78
      86
      94
      98
      98
      91
     104
     100
      84
      89
      89
     100
      82
      78
      70
      67
      68
      89
      84
      65
      68
      81
      76
      76
      73
      69
      70
      71
      63
      69
      71
      84
      78
      63
      70
      80
      81
      77
      69
      82
      86
      61
      52
      68
      78
      67
      81
      58
      61
      69
      82
      52
      71
      81
      61
      69
      75
      63
      71
      82
      63
      73
      60
      72
      67
      63
      53
      67
      69
      80
      52
      68
      62
      64
      71
      71
      77
      71
      72
      78
      60
      62
      70
      86
      61
      69
      68
      69
      53
      77
      74
      52
      70
      65
      85
      81
      67
      64
      69
      67
      72
      72
      67
      77
      81
      70
      75
      65
      66
      76
      58
      71
      63
      70
      57
      59
      62
      59
      54
      60
      51
      67
      74
      73
      65
      75
      78
      65
      71
      75
      62
      62
      67
      55
      72
      76
      72
      74
      56
      90
      81
      64
      83
      87
      57
      67
      79
      73
      73
      72
      72
      84
      75
      66
      73
      67
      71
      60
      55
      64
      70
      70
      72
      65
      69
      64
      80
      67
      69
      58
      58
      65
      58
      48
      51
      59
      63
      66
      70
      60
      62
      66
      45
      50
      70
      60
      55
      72
      63
      56
      56
      65
      58
      57
      46
      59
      59
      67
      58
      66
      62
      67
      73
      66
      77
      90
      79
      96
      94
     103
     118
     116
     141
     134
     134
     118
     142
     128
     105
     120
      96
      82
      76
      72
      58
      55
      57
      67
      48
      64
      54
      60
      67
      49
      61
      54
      63
      51
      46
      59
      56
      71
      56
      43
      52
      51
      61
      60
      61
      59
      58
      65
      45
      64
      48
      54
      67
      67
      45
      59
      56
      71
      49
      53
      62
      39
      50
      52
      59
      57
      49
      48
      58
      47
      63
      67
      49
      58
      52
      58
      43
      58
      49
      37
      44
      51
      60
      55
      46
      53
      44
      59
      44
      45
      59
      48
      55
      52
      48
      49
      57
      47
      49
      43
      41
      50
      61
      42
      62
      53
      54
      57
      56
      61
      54
      60
      75
      63
      68
      56
      62
      57
      73
      61
      77
      40
      73
      61
      53
      64
      71
      54
      56
      52
      49
      43
      52
      50
      49
      38
      45
      55
      60
      68
      52
      40
      49
      55
      50
      45
      50
      61
      63
      45
      56
      38
      57
      60
      60
      39
      58
      46
      43
      62
      56
      54
      65
      53
      34
      41
      54
      46
      43
      51
      49
      51
      44
      56
      47
      74
      42
      54
      59
      53
      49
      48
      48
      52
      40
      52
      52
      65
      49
      51
      47
      41
      39
      48
      39
      56
      56
      43
      36
      46
      57
      50
      46
      48
      53
      44
      53
      49
      48
      41
      53
      49
      37
      48
      46
      46
      50
      49
      64
      62
      46
      42
      45
      52
      49
      40
      45
      49
      53
      47
      37
      43
      51
      42
      29
      60
      50
      40
      41
      38
      49
      43
      33
      45
      38
      33
      39
      38
      45
      43
      48
      40
      39
      57
      47
      34
      38
      51
      44
      46
      47
      43
      49
      42
      28
      44
      53
      52
      27
      38
      49
      33
      43
      55
      33
      49
      35
      40
      56
      46
      35
      32
      44
      44
      43
      43
      36
      39
      50
      38
      40
      38
      35
      42
      51
      50
      37
      46
      40
      41
      46
      43
      40
      52
      44
      42
      35
      38
      34
      40
      46
      40
      41
      39
      43
      30
      36
      42
      52
      39
      33
      47
      41
      34
      47
      38
      42
      30
      38
      42
      51
      37
      43
      36
      36
      40
      50
      40
      41
      54
      40
      45
      41
      43
      45
      39
      47
      36
      43
      45
      39
      50
      48
      68
      69
      65
      73
      78
      74
      57
      68
      75
      80
      72
      84
      66
      74
      60
      40
      53
      50
      44
      41
      46
      34
      44
      44
      35
      50
      37
      33
      41
      40
      49
      30
      45
      32
      42
      35
      35
      38
      36
      35
      23
      40
      28
      52
      37
      41
      47
      35
      44
      28
      26
      28
      34
      38
      35
      37
      44
      36
      40
      54
      47
      43
      45
      50
      41
      47
      50
      55
      59
      48
      42
      36
      51
      47
      42
      52
      42
      54
      46
      43
      54
      55
      52
      63
      60
      44
      45
      50
      53
      51
      47
      49
      40
      41
      44
      37
      39
      30
      25
      32
      38
      31
      31
      26
      29
      29
      33
      39
      33
      29
      23
      29
      38
      33
      33
      33
      28
      30
      36
      36
      30
      30
      42
      44
      31
      30
      30
      28
      29
      28
      26
      34
      28
      37
      14
      27
      35
      32
      33
      29
      37
      30
      25
      34
      39
      42
      21
      32
      37
      37
      29
      36
      29
      36
      29
      24
      39
      26
      25
      35
      35
      24
      35
      29
      41
      31
      24
      27
      35
      36
      31
      27
      42
      30
      30
      23
      29
      28
      32
      27
      36
      21
      28
      25
      25
      34
      29
      28
      28
      35
      20
      39
      27
      38
      34
      26
      28
      28
      21
      28
      24
      31
      31
      25
      31
      29
      31
      25
      23
      25
      36
      38
      55
      49
      38
      45
      35
      41
      35
      49
      48
      39
      42
      31
      34
      44
      30
      39
      27
      29
      32
      29
      24
      24
      34
      30
      28
      20
      30
      36
      22
      29
      37
      34
      27
      29
      34
      31
      26
      20
      26
      21
      23
      29
      25
      42
      32
      24
      31
      24
      21
      33
      13
      16
      18
      31
      20
      34
      24
      26
      27
      32
      26
      23
      26
      21
      23
      28
      22
      28
      33
      24
      32
      25
      26
      37
      18
      29
      24
      32
      21
      20
      25
      21
      29
      28
      23
      34
      22
      30
      26
      31
      16
      20
      24
      23
      27
      32
      32
      20
      24
      20
      22
      29
      30
      24
      26
      21
      27
      26
      23
      29
      35
      32
      26
      28
      34
      31
      32
      20
      37
      32
      38
      40
      32
      33
      34
      52
      47
      48
      39
      54
      37
      44
      40
      43
      44
      29
      25
      30
      25
      30
      21
      24
      16
      37
      22
      25
      17
      33
      31
      22
      35
      18
      23
      23
      17
      30
      19
      16
      25
      29
      19
      27
      27
      22
      16
      25
      20
      25
      11
      27
      34
      30
      30
      22
      25
      18
      23
      26
      25
      26
      24
      25
      28
      24
      23
      19
      32
      18
      15
      15
      27
      25
      17
      26
      19
      19
      25
      20
      21
      26
      42
      23
      36
      29
      22
      31
      27
      33
      24
      22
      35
      33
      21
      31
      19
      26
      22
      22
      32
      29
      20
      16
      20
      14
      14
      20
      26
      17
      17
      19
      20
      10
      20
      21
      16
      30
      23
      24
      19
      26
      17
      24
      28
      23
      18
      17
      21
      14
      27
      26
      23
      20
      16
      22
      21
      22
      13
      19
      18
      11
      20
      17
      29
      19
      15
      22
      17
      18
      17
      14
      16
      19
      14
      25
      23
      12
      19
      26
      20
      19
      23
      21
      14
      33
      23
      15
      16
      17
      19
      21
      23
      17
      19
      19
      16
      16
      23
      15
       6
      25
      24
      15
      22
      25
      20
      17
      14
      28
      21
      25
      17
      24
      24
      17
      19
      21
      23
      19
      24
      21
      22
      26
      15
      24
      25
      25
      34
      25
      28
      21
      22
      25
      24
      30
      37
      37
      50
      46
      48
      49
      67
      72
      88
      92
      65
      93
      82
      90
      67
     105
      76
      76
      68
      60
      35
      46
      37
      28
      31
      22
      18
      23
      18
      19
      19
      18
      17
      21
      12
      23
      19
      11
      15
      18
       9
      11
      14
      13
      16
      11
      18
      20
      14
      18
      18
      17
      18
      16
      19
      13
      24
      18
      13
      18
      14
      20
      17
      11
      10
      14
      16
      21
      15
      10
      11
      15
      24
       9
      13
      12
      15
      21
      13
      16
      16
      18
      13
      18
      14
       9
      15
      16
       9
       9
      15
      14
      20
      13
      23
      17
      14
      11
       6
      15
      14
      21
      11
      20
       5
      15
       9
      14
       8
      11
      12
      15
       9
      19
      14
      10
      19
      10
       8
      18
       8
      12
      13
      13
      19
      16
      14
      13
       8
      12
      15
      11
      11
      11
      16
      12
      12
      12
      16
      11
      10
      14
      14
      13
      16
      13
      12
      13
      12
       8
      11
      13
       8
       8
      15
       7
      10
       9
      23
       5
      12
      15
      12
      17
       8
      16
      19
      13
      16
      20
      19
      23
      20
      26
      20
      22
      26
      15
      20
      19
      10
      23
      21
      12
      11
      16
      12
      18
      21
      18
      14
      10
       6
      13
      15
       3
       6
      18
       8
      10
      17
       6
      10
      17
       9
      11
      15
      13
      11
      11
      11
       9
      16
      11
       7
      11
      14
      10
      11
       7
      12
      18
      14
      14
      17
       9
      12
      14
      10
      11
      10
      14
      12
      11
      11
       7
      15
       7
      10
      11
      23
      11
       9
      14
       9
      18
      12
      13
      11
      10
      18
      14
      12
      10
      16
       4
      18
      11
       7
       7
      10
      16
       7
      14
      13
      13
      12
       9
       7
      15
      10
      10
       7
      11
       9
      10
       7
       9
       9
       9
      11
       8
      10
      14
       6
       9
      10
      16
       8
       6
       8
      13
      19
      14
       9
      15
       7
       9
       9
      17
      10
       7
       6
       6
       9
      10
      12
      14
       9
       4
       8
       7
      15
       6
       8
      16
       9
      12
      15
       8
      15
      10
       8
      10
       8
      11
       6
       5
      13
       8
      17
      14
       7
      18
      12
      17
      17
      14
      21
      12
      14
      21
      24
      33
      32
      27
      23
      35
      32
      28
      25
      35
      37
      29
      23
      21
      20
      18
      16
      12
      17
      15
      14
      15
      10
      13
      15
      10
      16
      13
      15
      13
       9
      15
      20
      19
      11
       3
      12
       9
      11
       6
      14
       5
       7
       3
       6
       5
      13
      11
       4
       9
      10
       7
       3
      14
       7
      10
       9
      10
      11
       8
      11
      11
      11
       8
       9
      12
      10
      10
      12
       9
       7
      16
      15
      20
      19
      18
      25
      27
      26
      23
      23
      37
      41
      60
      57
      72
      65
      84
      74
      85
      87
      86
     108
     118
     125
     107
     118
     113
     116
      97
      98
      89
      75
      60
      35
      38
      19
      14
      26
      12
       6
      10
      14
      13
       8
       6
      17
      12
       6
       8
       8
       7
      14
       8
       6
       7
      11
      12
       4
      10
       7
      11
       8
       9
       6
      10
       6
      19
      11
      13
      14
      12
       4
       9
       7
       9
      11
       5
      10
       8
       6
       8
       8
       8
      11
       4
       5
       3
       6
      11
      11
       7
       8
       5
      13
       7
       8
       8
      11
       7
      12
       7
       1
       9
       8
       8
       6
       3
       9
      10
      10
       9
       7
       8
       4
       5
      11
      10
      10
       9
       7
       5
      11
       7
      10
      10
      15
      13
      12
       6
      11
       7
       7
       7
       9
      10
       4
       6
       8
       7
       8
       6
      13
      12
       6
       7
       8
      10
       6
       7
      11
       8
      15
       9
      12
       4
       6
       4
       2
       5
      11
       3
       6
       4
       7
       8
       5
       4
      12
       4
       9
       5
      12
       8
       8
       9
      10
       6
      11
       7
       9
       6
      10
      14
      11
      11
      13
      11
       6
      10
       8
      11
      15
      13
      12
      15
       9
      13
      11
       9
      14
      13
       9
       5
      13
      11
       8
       8
       8
      13
       9
       4
       7
       6
      13
      20
      11
      11
      13
       9
       9
      13
       4
       7
      16
      24
      16
      18
      20
      17
      21
      17
      23
      30
      22
      15
      26
      18
      24
      16
      14
      13
      11
       9
       9
       9
      16
       5
       4
       4
       6
       5
       7
       7
       9
       8
      11
       5
       6
      12
      10
       7
       9
       9
       7
       6
       8
       7
       7
       8
       7
       8
       5
      13
      10
      10
       9
       6
      10
       7
       4
       7
       9
      10
      10
      12
      15
       8
       8
       7
       9
       9
      13
      11
      10
      11
       9
       8
       9
       3
       8
      10
       5
       8
       6
       2
       5
      12
       9
       5
      12
       9
       6
      10
       7
      10
      11
       7
       5
       8
       9
       9
      10
      10
       6
       7
      10
       7
      12
       4
       8
      12
       9
       8
       2
       8
       5
       8
       7
       7
      10
       8
       5
       9
       9
       7
      10
      12
       5
       5
       4
      10
      11
      14
      10
       8
       4
       8
      13
       4
      10
       9
       7
       6
       9
       8
       7
       5
       5
       9
       9
       8
       6
       5
      12
       6
       2
       5
       8
      12
       4
       5
      10
       2
       6
       5
      15
       7
       7
       4
       6
       9
      11
       9
       6
      10
      17
      10
       3
       8
      13
       7
       5
       5
      11
       8
       8
       3
       7
      10
       4
       5
       8
       8
      12
       7
       6
      10
       6
       5
       8
       9
       8
       7
       6
      11
      10
       5
       4
       6
      12
       8
       8
       6
       4
       9
       3
       6
       7
       7
       6
       6
       7
       2
       9
       3
       7
       8
       8
       9
       5
      11
       9
       7
       9
      12
       8
       9
       8
       7
       6
       8
      10
       7
       9
       8
      10
       5
       8
      11
      10
       9
       4
      10
       8
       9
       7
       9
       5
       4
       2
       8
       6
       4
       7
       9
       5
       2
       4
       3
       8
      10
       8
       5
       3
      11
       5
       7
       6
       3
       5
      11
      10
       5
       9
       5
       9
      13
       4
      11
      10
       5
       9
       1
       7
       3
       8
       6
       7
       6
       5
       6
       6
      11
       6
       7
       5
       7
      11
       7
       7
       4
       1
       8
       4
       6
       9
       9
       8
       9
       8
       7
       9
       4
       5
       4
       4
       2
       7
       7
       9
      10
       4
       9
       2
       3
       9
       5
       7
       8
       7
       5
       2
       4
       7
       8
      12
       6
       9
       5
       6
       9
       9
       4
       8
       4
       4
       3
       2
       6
      10
       5
       7
       8
       8
       6
       9
       2
       8
       3
       6
       6
       5
       7
       7
       8
       7
       7
       4
       9
       8
       7
       8
       2
       6
       6
       9
       2
       7
       5
       2
       9
       8
      11
       7
       9
       7
       7
       2
       4
       7
       1
       3
       3
       3
       6
       6
       4
       2
      12
       8
       6
       3
      10
       7
      10
       7
       4
       4
       4
       5
       4
       9
       4
       4
       7
       4
       6
       7
       3
       6
       4
       3
       9
       4
       4
       6
       4
       6
       6
       2
      11
       9
       5
       3
       7
      11
       8
       3
       5
       7
      10
       2
       4
       6
       6
       4
       7
       6
       5
       2
       8
       8
       7
       6
       7
       3
       3
       7
       7
       3
       5
       4
       7
       6
       2
       7
       6
       7
       4
       8
       8
       5
      11
       5
       5
       6
       8
      10
       3
       6
       6
       3
       6
       4
       4
       5
       3
       4
       7
      11
       8
       5
       3
       4
      10
       4
       3
       5
       8
      10
       5
       5
       5
       7
       1
       6
       6
       8
       8
       2
       5
       1
       6
       0
       8
       3
       4
       4
       6
       2
      10
       7
       7
       3
       5
       4
       2
       5
       4
       1
       2
       6
       8
       6
      11
       3
       6
       4
       4
       4
       6
       2
       6
       7
       4
       2
       5
      10
       3
      10
       3
       2
       1
       2
       4
       3
       2
       7
       5
       4
       6
       5
       6
       5
       5
       3
       5
       7
       6
      11
       5
       1
       4
       8
       4
       3
       5
       2
       3
       4
       7
       7
       9
       6
       2
       2
       5
       5
       5
       7
       8
       4
       8
       9
       4
       5
      10
       5
       6
       8
       3
       2
       5
       9
       2
       7
       3
       7
       3
       5
       6
       5
       6
       8
       8
       4
       7
       3
       4
       4
       4
       5
       4
       7
       9
       3
      13
       4
       2
       1
       4
       4
       3
       2
       4
       3
       6
       6
       3
       5
       4
       6
       8
       6
       3
       5
      10
       4
       3
       3
       6
       5
       0
      12
       1
       2
       5
       2
       6
       5
       5
       2
       8
       3
       3
       2
       6
       8
       2
      10
       8
       7
       9
       7
      11
       5
      11
       4
       7
       6
       4
       8
      14
      12
       8
      12
       8
      13
       9
      10
       5
       8
       9
       8
       7
       4
       7
       5
       5
       4
       3
       7
       6
       5
       5
       1
       5
       6
       2
       9
       4
       3
       4
       5
       5
       2
       4
       1
       3
       3
       4
       3
       3
       7
       4
       6
       4
       1
       5
       2
       4
       2
       6
       1
       4
       8
       4
       6
       8
       9
       3
       5
       6
       6
       2
       3
       2
       4
       2
       5
       4
       1
       1
       0
       2
       4
       6
       6
       7
       6
       2
       5
       2
       6
       5
       5
       5
       5
       5
       3
       4
       2
       4
       2
       3
       5
       3
       2
       6
       2
       5
       4
       2
       5
       9
       2
       8
       5
       3
       7
       4
       6
       9
      10
       2
       4
       2
       3
       5
       5
       4
       2
       4
       6
       4
       0
       1
       2
       4
       7
       3
       5
       7
       3
       2
       3
       3
       7
       3
       5
       1
       8
       4
       1
       2
       4
       4
       3
       0
       1
       2
       5
       3
       8
       0
       2
       4
       5
       3
       4
       2
       2
       6
       5
       5
       5
       2
       6
       7
       4
       7
       9
       5
       2
       1
       2
       5
       3
       4
       3
       2
       4
       4
       5
       5
       4
       5
       6
       5
       4
       6
       5
       5
       4
       9
       6
       6
       7
       6
       8
       8
       5
       6
       6
      13
      13
       8
      17
      12
      17
      12
      25
      20
      24
      21
      15
      24
      32
      21
      25
      30
      26
      37
      41
      32
      30
      25
      26
      19
      21
       9
      14
      10
       6
      11
       6
       1
       9
       5
       2
       8
       3
       5
       4
       4
       5
       7
       2
       6
       3
       1
       4
       1
       3
       5
       3
       5
       5
       5
       2
       4
       2
       3
       3
       4
       7
       0
       0
       6
       7
       6
       3
       2
       6
       3
       7
       5
       7
       3
       4
       5
       3
       4
       4
       1
       1
       8
       7
       1
       0
       3
       5
       2
       3
       4
       3
       7
       5
       3
       7
       2
       8
      10
       6
       6
       6
       3
       6
       5
       3
       5
       3
       4
       1
       3
       6
       4
       3
       1
       4
       8
       3
       4
       4
       8
       5
       7
       4
       4
       7
       4
       5
       6
       6
       3
       3
       4
       6
       5
       1
       6
       1
       4
       3
       3
       6
       7
       6
       6
       2
       1
       4
       4
       7
       2
       3
       5
       3
       5
       4
       5
       6
       1
       5
       3
       1
       2
       2
       2
       6
       0
      10
       7
       5
       1
       3
      11
       6
       4
       6
       7
       5
       2
       4
       5
       2
       6
       6
       5
       3
       5
       5
       4
       2
       1
       4
       7
       2
       4
       1
       1
       4
       8
       2
       5
       7
       5
       5
       5
       3
       1
       4
       5
       5
       4
       3
       0
       6
       1
       3
       3
       3
       2
       2
       3
       6
       3
       5
       1
       3
       3
       1
       1
       5
       6
       4
       6
       6
       9
       7
       2
       7
       5
       3
       3
       6
       5
       6
       7
       4
       5
       7
       5
       1
       3
       7
       6
       3
       3
       4
       1
       6
       4
       5
       9
       3
       8
       1
       1
       1
       4
       3
       3
       5
       4
       3
       4
       2
       1
       6
       4
       3
       7
       4
       2
       4
       4
       4
       2
       8
       1
       0
       2
       2
       4
       3
       4
       3
       3
       2
       0
       1
       2
       5
       4
       7
       7
       6
       3
       3
       3
       2
       2
       3
       3
       5
       2
       2
       3
       4
       7
       1
       7
       5
       6
       3
       2
       4
       7
       1
       3
       1
       3
       1
       3
       6
       6
       5
       1
       5
       0
       3
       2
       3
       5
       3
       2
       0
       2
       0
       6
       0
       6
       3
       5
       2
       4
       6
       3
       7
       5
       1
       3
      10
       5
       3
       1
       6
       2
       4
       0
       4
       3
       2
       5
       4
       3
       4
       5
       5
       4
       5
       2
       7
       5
       6
       5
       3
       1
       5
       0
       3
       3
       2
       5
       3
       4
       1
       4
       4
       3
       4
       6
       2
       6
       1
       5
       5
       1
       1
       7
       1
       3
       2
       4
       5
       5
       3
       3
       3
       4
       3
       3
       1
       3
       6
       4
       2
       2
       2
       4
       2
       4
       1
       7
       0
       1
       1
       3
       5
       2
       4
       3
       4
       1
       4
       4
       2
       1
       4
       2
       2
       3
       2
       1
       2
       4
       2
       3
       7
       3
       7
       2
       1
       2
       3
       1
       7
       0
       5
       2
       2
       3
       3
       1
       2
       4
       2
       5
       2
       3
       5
       1
       4
       0
       1
       4
       3
       6
       4
       3
       1
       5
       6
       0
       2
       7
       4
       1
       2
       4
       1
       3
       2
       2
       0
       0
       4
       2
       2
       2
       3
       2
       4
       1
       4
       5
       4
       2
       1
       5
       2
       3
       2
       0
       2
       4
       0
       5
       4
       3
       6
       2
       5
       6
       3
       5
       2
       1
       1
       2
       8
       3
       6
       1
       2
       7
       5
       7
       4
       1
       2
       4
       4
       3
       3
       1
       2
       1
       0
       1
       2
       1
       3
       4
       4
       2
       3
       7
       2
       6
       4
       5
       3
       1
       0
       1
       1
       3
       2
       4
       1
       1
       0
       4
       4
       3
       2
       2
       0
       5
       6
       2
       1
       2
       3
       3
       3
       4
       2
       3
       2
       2
       3
       2
       6
       1
       3
       6
       1
       4
       4
       6
      11
       3
       3
       4
       1
       3
       4
       6
       4
       9
       4
       7
       5
       5
       6
       8
       6
      11
      12
       8
       6
      14
      16
       6
      11
       6
       5
       7
       6
       2
       4
       2
       7
       1
       3
       4
      10
      12
       3
       5
       3
       1
       5
       3
       1
       3
       3
       4
       0
       1
       5
       3
       2
       1
       2
       6
       1
       2
       4
       3
       1
       5
       4
       1
       2
       4
       2
       0
       1
       6
       5
       1
       4
       3
       0
       4
       3
       1
       5
       2
       6
       2
       7
       2
       3
       2
       0
       4
       1
       2
       3
       4
       4
       1
       5
       2
       3
       4
       5
       2
       4
       2
       0
       1
       4
       2
       2
       3
       3
       7
       2
       0
       1
       4
       4
       0
       2
       1
       1
       4
       1
       1
       2
       5
       2
       2
       1
       4
       3
       2
       2
       1
       1
       3
       4
       2
       1
       0
       2
       2
       4
       0
       3
       2
       0
       6
       4
       4
       2
       1
       1
       3
       1
       2
       5
       3
       4
       1
       6
       3
       4
       2
       0
       0
       1
       4
       6
       3
       2
       4
       1
       2
       2
       2
       6
       2
       3
       1
       1
       5
       5
       3
       3
       1
       3
       2
       4
       6
       1
       6
       6
       0
       4
       5
       0
       6
       5
       1
       4
       3
       2
       3
       3
       3
       3
       4
       3
       1
       5
       5
      10
       5
       4
       5
       2
       7
       8
       0
       2
       4
       1
       2
       0
       1
       2
       1
       2
       2
       3
       4
       6
       1
       4
       4
       3
       2
       4
       3
       2
       1
       4
       2
       4
       1
       1
       4
       0
       1
       4
       2
       2
       4
       2
       2
       3
       2
       2
       1
       4
       6
       1
       3
       2
       3
       2
       2
       3
       5
       1
       1
       2
       2
       5
       1
       3
       2
       4
       1
       3
       2
       3
       0
       7
       3
       0
       2
       5
       3
       1
       5
       4
       4
       1
       3
       2
       1
       2
       4
       5
       2
       4
       3
       2
       4
       3
       3
       3
       1
       2
       1
       3
       6
       1
       4
       2
       4
       3
       1
       2
       3
       3
       2
       1
       0
       4
       1
       3
       2
       1
       2
       1
       0
       5
       1
       3
       3
       1
       4
       3
       0
       6
       7
       7
       0
       2
       1
       3
       4
       3
       6
       1
       2
       5
       3
       4
       0
       3
       2
       4
       3
       6
       5
       7
       3
       0
       1
       4
       4
       2
       0
       2
       2
       2
       2
       0
       3
       2
       2
       3
       5
       1
       3
       2
       4
       4
       3
       3
       2
       2
       2
       1
       2
       2
       2
       2
       3
       1
       2
       1
       1
       4
       0
       5
       3
       1
       2
       5
       5
       3
       6
       1
       3
       2
       4
       1
       1
       3
       3
       5
       7
       2
       1
       2
       4
       4
       5
       6
       3
       4
       3
       6
       9
      11
       5
       8
       7
      12
       9
      10
       4
       3
       3
       9
      10
      13
       8
       6
      10
       8
       5
       6
       3
       5
       6
       3
       3
       4
       1
       3
       3
       4
       2
       3
       3
       2
       3
       1
       4
       4
       4
       3
       3
       5
       1
       4
       1
       5
       1
       3
       6
       0
       2
       4
       3
       1
       3
       0
       0
       2
       0
       0
       2
       1
       2
       0
       1
       1
       3
       1
       1
       3
       3
       2
       4
       5
       1
       4
       2
       2
       1
       2
       3
       2
       2
       3
       3
       4
       0
       2
       4
       4
       0
       8
       0
       4
       2
       1
       6
       1
       2
       1
       1
       7
       2
       1
       0
       0
       0
       1
       1
       1
       4
       4
       4
       2
       3
       5
       4
       3
       1
       1
       3
       3
       4
       0
       2
       5
       1
       3
       1
       2
       5
       1
       3
       1
       2
       3
       1
       2
       1
       0
       2
       2
       2
       3
       1
       1
       5
       9
       4
       3
       1
       1
       1
       1
       6
       1
       2
       0
       2
       1
       2
       3
       1
       2
       1
       1
       3
       2
       3
       2
       1
       4
       2
       1
       2
       3
       0
       3
       5
       1
       2
       3
       4
       1
       0
       0
       0
       4
       1
       1
       3
       1
       6
       1
       1
       1
       3
       0
       1
       1
       0
       1
       3
       2
       3
       6
       4
       3
       6
       6
       3
       3
       1
       0
       4
       1
       3
       4
       0
       1
       1
       4
       3
       3
       3
       5
       5
       1
       3
       3
       5
       4
       4
       4
       1
       4
       4
       1
       1
       2
       2
       2
       2
       3
       0
       2
       2
       2
       2
       2
       2
       2
       2
       1
       2
       2
       1
       3
       1
       2
       2
       4
       3
       0
       0
       2
       2
       3
       3
       1
       0
       2
       4
       2
       3
       0
       2
       2
       6
       2
       1
       2
       0
       2
       0
       1
       1
       1
       0
       4
       1
       5
       2
       0
       3
       2
       1
       1
       2
       0
       4
       0
       1
       2
       4
       4
       0
       1
       1
       2
       0
       4
       1
       2
       0
       1
       4
       5
       2
       4
       3
       5
       1
       2
       3
       3
       1
       4
       1
       0
       6
       2
       1
       1
       0
       1
       1
       3
       2
       3
       2
       3
       4
       1
       0
       1
       3
       5
       5
       2
       4
       0
       2
       1
       1
       1
       4
       3
       5
       4
       2
       3
       2
       1
       5
       1
       2
       0
       3
       3
       2
       4
       1
       0
       2
       1
       1
       2
       1
       2
       2
       1
       3
       2
       4
       3
       3
       2
       2
       2
       3
       2
       2
       1
       2
       2
       2
       3
       2
       0
       2
       4
       2
       0
       1
       3
       2
       0
       1
       3
       4
       1
       2
       3
       3
       0
       0
       1
       1
       3
       1
       4
       4
       1
       3
       2
       1
       3
       3
       1
       3
       6
       1
       0
       0
       1
       1
       3
       3
       1
       3
       5
       2
       5
       3
       1
       4
       4
       3
       4
       2
       4
       0
       3
       6
       3
       6
       4
       1
       1
       2
       0
       2
       0
       2
       0
       2
       1
       4
       0
       5
       4
       1
       4
       2
       3
       1
       0
       0
       0
       0
       4
       2
       3
       1
       1
       3
       1
       3
       5
       4
       0
       2
       2
       2
       6
       2
       2
       2
       3
       2
       1
       2
       2
       3
       0
       7
       1
       1
       2
       3
       2
       4
       1
       0
       2
       1
       2
       1
       2
       2
       4
       1
       3
       2
       2
       2
       0
       2
       1
       2
       1
       1
       2
       1
       1
       1
       3
       2
       4
       3
       0
       0
       4
       2
       2
       1
       2
       5
       3
       1
       4
       0
       3
       3
       3
       3
       3
       3
       1
       2
       4
       3
       1
       3
       2
       1
       3
       3
       1
       3
       2
       2
       0
       2
       2
       4
       2
       2
       4
       3
       3
       3
       2
       3
       2
       0
       1
       3
       1
       0
       3
       1
       3
       2
       3
       0
       3
       6
       2
       2
       3
       0
       2
       2
       2
       2
       1
       1
       4
       3
       0
       2
       4
       2
       5
       2
       0
       3
       2
       1
       3
       0
       3
       2
       4
       1
       0
       2
       2
       6
       2
       2
       0
       0
       0
       3
       1
       0
       1
       1
       1
       2
       3
       2
       2
       3
       3
       2
       2
       1
       1
       3
       4
       5
       2
       2
       3
       2
       2
       1
       4
       1
       2
       4
       2
       3
       0
       0
       2
       1
       2
       3
       3
       2
       2
       3
       0
       2
       2
       2
       2
       1
       1
       4
       1
       3
       0
       0
       3
       0
       2
       3
       1
       5
       4
       3
       1
       3
       2
       3
       2
       0
       1
       2
       2
       3
       1
       0
       1
       0
       0
       2
       1
       2
       3
       2
       0
       3
       1
       2
       3
       0
       0
       3
       3
       0
       0
       1
       1
       1
       1
       1
       2
       0
       2
       6
       2
       2
       2
       7
       3
       0
       1
       2
       2
       2
       0
       3
       1
       0
       1
       2
       4
       1
       0
       1
       3
       3
       3
       1
       1
       1
       2
       0
       1
       3
       2
       3
       2
       1
       3
       1
       2
       4
       2
       2
       2
       1
       3
       1
       2
       1
       2
       4
       1
       0
       1
       1
       1
       0
       0
       1
       0
       1
       2
       3
       3
       1
       4
       3
       3
       3
       1
       2
       1
       2
       1
       1
       2
       1
       3
       6
       2
       1
       0
       1
       2
       1
       4
       4
       2
       1
       0
       2
       0
       0
       0
       1
       2
       0
       2
       2
       2
       2
       3
       4
       1
       0
       0
       1
       1
       1
       4
       1
       2
       2
       3
       6
       0
       1
       1
       0
       5
       2
       3
       1
       0
       0
       0
       2
       2
       2
       2
       1
       1
       3
       3
       1
       1
       2
       2
       4
       1
       2
       1
       2
       0
       2
       1
       2
       1
       1
       3
       2
       0
       4
       2
       4
       3
       0
       1
       0
       4
       1
       3
       2
       0
       4
       2
       2
       4
       2
       3
       0
       0
       3
       2
       2
       4
       1
       1
       4
       2
       0
       2
       2
       2
       2
       2
       0
       1
       1
       1
       1
       1
       1
       1
       1
       3
       1
       0
       3
       4
       1
       2
       3
       4
       1
       3
       4
       1
       1
       1
       1
       0
       2
       3
       1
       3
       1
       2
       2
       1
       1
       1
       2
       1
       2
       1
       2
       1
       0
       3
       2
       5
       0
       3
       0
       2
       3
       1
       3
       1
       1
       0
       2
       2
       5
       0
       2
       2
       2
       2
       1
       3
       1
       3
       1
       3
       3
       2
       0
       3
       1
       1
       1
       1
       2
       2
       3
       1
       1
       2
       0
       1
       2
       2
       2
       3
       0
       2
       1
       2
       4
       2
       1
       2
       1
       4
       2
       4
       4
       0
       2
       1
       3
       1
       4
       0
       2
       1
       1
       0
       1
       1
       5
       2
       4
       1
       1
       3
       1
       2
       2
       5
       3
       3
       1
       3
       4
       2
       0
       2
       2
       2
       2
       2
       1
       3
       3
       4
       3
       4
       0
       3
       0
       0
       1
       0
       2
       1
       4
       6
       1
       0
       1
       0
       4
       2
       2
       1
       2
       4
       2
       0
       0
       2
       1
       1
       3
       2
       0
       0
       1
       1
       0
       3
       2
       1
       6
       1
       4
       4
       2
       1
       1
       3
       0
       2
       0
       2
       8
       2
       2
       3
       1
       1
       3
       2
       2
       2
       0
       0
       1
       2
       1
       3
       2
       1
       3
       3
       0
       0
       0
       2
       4
       0
       1
       2
       1
       1
       1
       4
       4
       2
       0
       1
       3
       2
       3
       0
       0
       0
       4
       1
       3
       2
       4
       4
       3
       1
       0
       2
       2
       1
       5
       0
       0
       2
       4
       0
       0
       1
       1
       3
       2
       3
       1
       1
       1
       5
       1
       0
       1
       1
       1
       0
       1
       2
       2
       2
       2
       2
       2
       2
       0
       4
       3
       2
       2
       2
       0
       3
       2
       0
       3
       3
       0
       2
       3
       1
       1
       1
       1
       4
       5
       5
       3
       1
       3
       3
       0
       3
       3
       1
       2
       2
       2
       1
       1
       0
       0
       1
       2
       0
       2
       1
       2
       2
       1
       0
       1
       2
       3
       1
       1
       1
       3
       0
       1
       3
       1
       1
       2
       1
       0
       2
       1
       0
       3
       0
       2
       0
       2
       0
       3
       5
       2
       1
       1
       2
       3
       2
       1
       3
       1
       1
       4
       1
       0
       1
       4
       2
       1
       1
       2
       1
       0
       2
       0
       1
       3
       2
       1
       5
       2
       0
       3
       4
       1
       1
       0
       1
       0
       3
       4
       1
       0
       1
       2
       1
       4
       3
       1
       1
       0
       1
       3
       3
       6
       0
       2
       2
       2
       0
       0
       2
       1
       1
       1
       0
       1
       1
       5
       2
       3
       2
       2
       3
       0
       3
       0
       2
       2
       4
       1
       2
       2
       3
       1
       1
       1
       2
       2
       2
       3
       0
       1
       1
       3
       1
       3
       3
       2
       4
       1
       0
       3
       0
       2
       1
       3
       0
       1
       2
       2
       1
       2
       3
       1
       1
       2
       2
       2
       2
       0
       1
       2
       3
       5
       5
       0
       1
       0
       1
       1
       1
       3
       1
       0
       3
       2
       1
       0
       3
       2
       2
       2
       2
       1
       1
       1
       0
       2
       2
       1
       3
       1
       3
       6
       1
       6
       3
       2
       2
       1
       0
       2
       1
       2
       1
       2
       0
       0
       0
       0
       0
       0
       0
       0
       0
       0
       0
       0
       0
       0
       0
       0
       0
       0
       0
       0
       0
       0
       0
       0
       0
       0
       0
       0
       0
       0
       0
       0
       0
       0
       0
       0
       0
       0
       0
       0
       0
       0
       0
       0
       0
       0
       0
       0
       0
       0
       0
       0
       0
       0
       0
       0
       0
       0
       0
       0
       0
       0
       0
       0
       0
       0
       0
       0
       0
       0
       0
       0
       0
       0
       0
       0
       0
       0
       0
       0
       0
       0
       0
       0
       0
       0
       0
       0
       0
       0
       0
       0
       0
       0
       0
       0
       0
       0
       0
       0
       0
       0
       0
       0
       0
       0
       0
       0
       0
       0
       0
       0
       0
       0
       0
       0
       0
       0
       0
       0
       0
       0
       0
       0
       0
       0
       0
       0
       0
       0
       0
       0
       0
       0
       0
       0
       0
       0
       0
       0
       0
       0
       0
       0
       0
       0
       0
       0
       0
       0
       0
       0
       0
       0
       0
       0
       0
       0
       0
       0
       0
       0
       0
       0
       0
       0
       0
       0
       0
       0
       0
       0
       0
       0
       0
       0
       0
       0
       0
       0
       0
       0
       0
       0
       0
$ROI:
0
$PRESETS:
None
0
0
$ENER_FIT:
-0.428493 0.397194
$MCA_CAL:
3
-4.284930E-001 3.971939E-001 4.985228E-009 keV
$SHAPE_CAL:
3
2.931963E+000 2.494840E-003 1.036727E-007
