$SPEC_ID:
Pulser
$SPEC_REM:
DET# 2
DETDESC# DETECTOR 2
AP# GammaVision Version 7.01.03
$DATE_MEA:
05/08/2017 12:33:06
$MEAS_TIM:
86400 88585
$DATA:
0 8191
       0
       0
       0
       0
       0
       0
       0
       0
       0
       0
       0
       0
       0
       0
       0
       0
       0
       0
       0
       0
       0
       1
       1
    7435
  432246
  512463
  287615
  259952
  260957
  304049
  489680
  909559
 1377608
 1486909
 1144777
  713374
  489730
  548077
  998316
 2031437
 3348615
 3824564
 2908072
 1543983
  692605
  395486
  431953
  634105
  791074
  740721
  562021
  398349
  296978
  241553
  214513
  202962
  199780
  200064
  203196
  207775
  215660
  222375
  239877
  303999
  410020
  452445
  368567
  257683
  199411
  180917
  174451
  170148
  167077
  163544
  162053
  160815
  158893
  157075
  156077
  155794
  155058
  152920
  150501
  148647
  145866
  143575
  141657
  138699
  137048
  135351
  134475
  133255
  132299
  131526
  130685
  130211
  130283
  129935
  130064
  130527
  130180
  130649
  130928
  132487
  133670
  136853
  141495
  144823
  146938
  147773
  147880
  147499
  148242
  150451
  151533
  152597
  153397
  153771
  154986
  155655
  156310
  158301
  159882
  161083
  162523
  164102
  164760
  166722
  168121
  169756
  172602
  189992
  264676
  453243
  677523
  714514
  525086
  312954
  209422
  185436
  184482
  187161
  191911
  196876
  202961
  214101
  237850
  275013
  300600
  291936
  266718
  248868
  245825
  247128
  251819
  255201
  260824
  268293
  277062
  287320
  299102
  305611
  309631
  312814
  317567
  320351
  323560
  328958
  335031
  344487
  352396
  363655
  374665
  387901
  403440
  417890
  431954
  447660
  462606
  480876
  507444
  575575
  735579
  949419
 1034077
  897703
  732957
  767539
 1034305
 1277879
 1189347
  851985
  578050
  465193
  436722
  427129
  423464
  415735
  408253
  397983
  392270
  389428
  402916
  461715
  572097
  678316
  694220
  623608
  531099
  507207
  741026
 1433395
 2371662
 2780202
 2264555
 1339076
  669666
  385593
  319267
  334036
  364309
  370278
  350696
  347627
  438717
  743267
 1257712
 1644175
 1537850
 1047167
  608779
  441546
  511648
  799144
 1350234
 2067274
 2705440
 3396297
 4336885
 4877422
 4189188
 2689450
 1430190
  792665
  596361
  861956
 2046541
 4439481
 6930784
 7447766
 5508888
 2861193
 1131082
  448199
  261674
  228192
  253800
  314749
  363797
  349895
  287143
  234952
  246592
  336579
  493252
  670525
  780143
  752289
  596525
  422760
  326671
  328429
  422232
  616697
  903230
 1179376
 1339213
 1457790
 1728632
 2181279
 2608256
 2656513
 2160028
 1386998
  757522
  455225
  430575
  605140
  883912
 1081163
 1051415
  835830
  578860
  381055
  265187
  211199
  189977
  180978
  175839
  171157
  168751
  171763
  192967
  252201
  339653
  402965
  382267
  298088
  212951
  165423
  148902
  144020
  143016
  143319
  146416
  148827
  146769
  140998
  134824
  130582
  127522
  126133
  124007
  122735
  121240
  119824
  117653
  115990
  114534
  114284
  112253
  111109
  109397
  108703
  107598
  107458
  108443
  110529
  109871
  110080
  110792
  113554
  117203
  115856
  110420
  103370
   98031
   95096
   93195
   92718
   91874
   93336
   98337
  110887
  130268
  143852
  141083
  127429
  135035
  258451
  684009
 1529571
 2494564
 2911256
 2427512
 1444572
  625633
  230087
  112418
   89915
   84476
   80717
   78768
   77305
   76541
   77302
   77034
   77930
   80035
   86188
   92544
   96149
   92080
   85517
   79810
   77097
   77105
   76094
   76172
   76502
   76197
   75044
   74640
   74484
   74445
   74380
   74195
   73720
   73506
   72751
   73064
   72854
   73624
   72952
   72222
   71920
   72837
   82681
  133855
  308100
  683220
 1182725
 1518407
 1434369
  991600
  506941
  210009
   96937
   69361
   64620
   63349
   62501
   62106
   62233
   61770
   61373
   60568
   60845
   59991
   59487
   59274
   58776
   58966
   58576
   59110
   60422
   61523
   62759
   64686
   66157
   67763
   68488
   68739
   67517
   64866
   61398
   59262
   57678
   56966
   57127
   57469
   58782
   60423
   59944
   58975
   58516
   60142
   70412
   95084
  134058
  170113
  183163
  176306
  235392
  686932
 2330502
 6114948
11745794
16588071
17332126
13319323
 7415299
 2921377
  810641
  170153
   44879
   27579
   24199
   22467
   21085
   20655
   20278
   20852
   20613
   20270
   19938
   19660
   22784
   37517
   73982
  133669
  191343
  211528
  178469
  114127
   59612
   29560
   19143
   18445
   21334
   25773
   30393
   32116
   29011
   25256
   28403
   51389
  111285
  207977
  304754
  342982
  293109
  194868
  131670
  192539
  449127
  893998
 1361260
 1566107
 1353856
  866554
  406439
  139607
   38600
   13889
    9412
    9071
    8609
    8587
    8584
    8348
    8185
    8032
    7623
    7266
    7405
    7173
    7085
    7366
    7938
    9471
   11820
   14540
   15879
   14781
   12593
   11206
   12129
   14953
   18019
   18998
   17028
   13083
   10118
    9915
   13859
   21943
   32736
   40757
   40460
   32010
   20584
   11991
    7813
    6342
    5982
    6128
    6057
    6175
    6218
    6307
    6442
    6126
    6378
    6523
    7201
    7928
    8082
    7734
    7066
    6321
    5717
    5683
    5769
    5908
    6824
    8782
   11413
   13831
   14691
   13624
   11330
    9612
    9713
   11059
   12356
   12380
   10935
    9204
    7531
    6453
    6247
    6028
    6989
    9306
   13879
   19712
   24515
   24835
   20994
   14862
   10220
    7208
    5842
    5404
    5212
    5045
    5401
    5932
    7886
   11550
   15701
   19314
   19485
   16446
   12169
    8261
    6343
    5926
    5709
    5742
    5640
    5467
    5315
    5299
    5276
    5505
    5595
    5543
    5561
    5568
    5663
    5882
    6219
    6677
    7193
    7212
    7272
    6770
    6335
    6088
    6017
    5981
    5746
    5828
    5821
    5879
    5821
    5372
    5333
    4948
    4934
    4708
    4688
    4725
    4777
    4729
    4791
    4980
    5159
    5821
    6296
    6494
    6441
    6196
    5920
    6197
    6784
    7820
    8624
    8768
    8585
    8134
    7957
    7617
    7150
    6462
    5927
    5560
    5580
    6188
    7752
    9911
   12408
   13321
   12949
   11070
    8866
    7603
    7390
    8691
   10686
   12365
   12905
   12175
   10633
    8976
    7656
    6737
    6070
    5910
    5967
    6170
    6888
    7588
    7592
    7086
    6275
    5102
    4303
    3900
    3678
    3558
    3380
    3251
    3245
    3255
    3472
    3876
    4469
    5245
    6272
    7447
    8183
    9435
    9563
    8756
    7542
    6041
    5039
    4641
    4848
    5402
    6005
    6179
    6175
    5915
    5327
    4723
    4207
    3788
    3353
    3185
    3451
    4055
    4876
    5312
    5411
    4921
    4230
    3870
    3781
    3467
    3319
    3165
    2775
    2599
    2378
    2225
    2132
    2103
    2088
    1996
    1948
    1959
    1970
    1890
    2021
    1983
    2109
    2208
    2410
    2590
    2728
    2812
    2848
    2690
    2689
    2432
    2561
    2410
    2299
    2233
    2117
    2050
    2078
    1984
    2066
    2073
    2076
    1971
    1906
    1901
    1751
    1802
    1730
    1764
    1822
    1855
    1787
    1787
    1801
    1861
    1891
    2047
    2308
    2368
    2413
    2503
    2286
    2153
    2091
    2041
    1945
    2026
    1999
    2179
    2300
    2449
    2736
    2948
    2978
    2686
    2423
    2014
    1691
    1491
    1399
    1452
    1477
    1534
    1500
    1586
    1644
    1627
    1651
    1722
    1732
    1743
    1759
    1766
    1956
    1847
    1939
    1866
    1765
    1617
    1565
    1586
    1490
    1574
    1502
    1606
    1601
    1648
    1615
    2018
    2489
    3601
    5324
    7186
    8856
    9228
    8401
    6352
    4263
    2718
    2071
    1782
    1858
    1954
    2182
    2850
    3713
    4732
    5816
    6150
    5805
    4788
    3585
    2561
    1896
    1524
    1452
    1536
    1601
    1783
    1831
    1879
    1824
    1635
    1519
    1452
    1350
    1373
    1415
    1433
    1412
    1395
    1407
    1396
    1440
    1449
    1439
    1410
    1563
    1742
    1665
    1790
    1857
    1802
    1822
    1842
    1985
    2106
    2546
    2735
    2929
    3087
    2947
    2663
    2624
    2584
    2649
    2877
    2780
    2556
    2149
    1642
    1210
     909
     866
     756
     785
     744
     767
     672
     782
     769
     750
     777
     772
     792
     859
     832
     757
     775
     828
     748
     752
     733
     738
     767
     721
     703
     757
     765
     837
     801
     798
    1033
    1228
    1745
    2443
    3505
    4505
    5148
    5416
    4799
    3926
    2756
    1854
    1334
    1089
     934
     918
     819
     752
     647
     585
     542
     553
     588
     558
     523
     521
     565
     518
     592
     604
     546
     549
     593
     578
     598
     622
     642
     683
     829
     960
    1291
    1436
    1669
    1753
    1575
    1242
    1044
     947
    1037
    1142
    1215
    1140
    1074
     900
     756
     654
     590
     578
     575
     566
     624
     648
     704
     739
     723
     723
     706
     615
     530
     524
     513
     529
     529
     479
     516
     504
     511
     502
     549
     499
     512
     529
     511
     483
     503
     519
     518
     522
     521
     518
     493
     511
     507
     512
     531
     531
     521
     496
     456
     547
     526
     544
     545
     624
     667
     793
     763
     821
     765
     696
     619
     578
     577
     548
     545
     582
     548
     629
     598
     662
     659
     612
     557
     555
     513
     499
     480
     454
     501
     495
     500
     484
     483
     522
     511
     516
     484
     492
     497
     532
     512
     492
     500
     508
     485
     511
     519
     557
     591
     619
     661
     653
     680
     599
     667
     602
     555
     531
     556
     564
     555
     597
     541
     475
     481
     514
     500
     523
     493
     546
     504
     497
     499
     476
     531
     580
     571
     577
     558
     525
     503
     508
     510
     513
     444
     450
     517
     537
     472
     488
     449
     485
     478
     501
     488
     467
     511
     512
     472
     469
     435
     467
     478
     474
     503
     441
     481
     464
     450
     478
     467
     488
     468
     469
     521
     507
     465
     482
     456
     477
     460
     496
     455
     471
     463
     462
     476
     481
     459
     482
     441
     454
     431
     433
     424
     438
     406
     420
     449
     464
     413
     434
     408
     418
     442
     394
     438
     392
     419
     389
     408
     418
     398
     482
     485
     542
     557
     562
     593
     520
     455
     434
     441
     378
     369
     390
     360
     386
     361
     385
     361
     364
     392
     410
     374
     370
     383
     357
     397
     422
     435
     445
     452
     477
     461
     415
     372
     417
     387
     350
     382
     367
     387
     368
     342
     337
     348
     372
     347
     358
     393
     365
     354
     365
     362
     381
     385
     415
     420
     445
     453
     435
     442
     495
     514
     561
     605
     632
     595
     574
     514
     475
     469
     446
     386
     359
     374
     361
     348
     319
     362
     383
     349
     381
     339
     329
     382
     353
     336
     363
     337
     332
     357
     338
     348
     399
     345
     332
     385
     356
     349
     339
     304
     336
     329
     351
     342
     313
     330
     363
     366
     323
     323
     314
     325
     305
     323
     343
     348
     309
     324
     302
     327
     337
     282
     342
     357
     343
     331
     377
     334
     395
     385
     418
     386
     382
     347
     380
     314
     349
     327
     312
     301
     325
     304
     329
     298
     330
     326
     346
     297
     351
     300
     303
     301
     287
     270
     317
     305
     312
     292
     306
     312
     300
     317
     288
     317
     282
     324
     290
     288
     291
     279
     290
     299
     280
     286
     281
     277
     302
     290
     321
     297
     278
     306
     278
     289
     276
     308
     278
     310
     298
     292
     297
     298
     295
     304
     306
     297
     298
     274
     249
     266
     291
     269
     286
     275
     273
     291
     284
     294
     274
     310
     302
     314
     289
     296
     315
     312
     309
     275
     286
     262
     307
     283
     281
     289
     250
     268
     275
     284
     285
     300
     283
     255
     282
     261
     270
     283
     302
     272
     320
     279
     314
     309
     320
     319
     318
     291
     292
     298
     282
     264
     278
     252
     253
     288
     280
     252
     284
     251
     263
     261
     300
     270
     245
     271
     255
     238
     256
     252
     249
     311
     287
     248
     257
     262
     254
     287
     275
     284
     241
     267
     275
     294
     300
     290
     265
     297
     282
     288
     269
     314
     258
     240
     267
     299
     262
     272
     284
     260
     272
     233
     267
     277
     294
     289
     372
     491
     575
     728
     940
    1282
    1666
    1780
    1868
    1750
    1536
    1200
     833
     603
     367
     323
     303
     253
     236
     225
     254
     226
     278
     259
     249
     263
     253
     259
     257
     263
     235
     251
     234
     274
     227
     283
     263
     253
     253
     230
     224
     260
     274
     254
     257
     234
     235
     256
     230
     251
     251
     270
     235
     250
     256
     251
     249
     263
     254
     259
     274
     261
     253
     242
     265
     259
     269
     208
     220
     259
     246
     235
     271
     241
     262
     252
     263
     273
     269
     243
     294
     219
     231
     215
     237
     236
     232
     222
     258
     254
     224
     249
     220
     246
     247
     217
     216
     236
     222
     226
     254
     242
     234
     228
     221
     246
     233
     194
     223
     239
     218
     234
     239
     275
     238
     241
     253
     191
     226
     249
     255
     219
     239
     223
     225
     235
     250
     284
     254
     341
     441
     593
     827
    1182
    1684
    2382
    3284
    4284
    5115
    5735
    5795
    5342
    4366
    3209
    2096
    1340
     795
     527
     400
     317
     332
     349
     343
     298
     318
     307
     335
     288
     266
     242
     235
     227
     212
     231
     223
     209
     217
     232
     243
     224
     228
     227
     225
     230
     218
     212
     207
     236
     185
     209
     209
     231
     204
     224
     229
     227
     222
     216
     237
     210
     192
     223
     227
     217
     190
     203
     212
     222
     216
     227
     218
     224
     229
     169
     191
     239
     194
     226
     206
     203
     228
     226
     222
     207
     207
     231
     229
     216
     222
     202
     231
     226
     210
     220
     206
     219
     216
     237
     207
     201
     227
     226
     200
     239
     233
     224
     220
     223
     228
     219
     228
     230
     255
     268
     259
     247
     249
     264
     272
     250
     211
     230
     227
     227
     232
     207
     203
     214
     219
     201
     210
     216
     213
     227
     214
     232
     215
     197
     207
     174
     191
     201
     223
     200
     215
     217
     209
     193
     218
     228
     208
     211
     215
     217
     197
     232
     225
     218
     218
     207
     224
     230
     204
     222
     216
     256
     246
     237
     247
     240
     232
     252
     249
     204
     207
     223
     196
     175
     195
     185
     207
     194
     216
     200
     162
     217
     217
     189
     222
     210
     211
     199
     195
     200
     188
     191
     212
     189
     203
     191
     197
     214
     199
     204
     192
     232
     218
     222
     213
     218
     252
     248
     271
     251
     281
     272
     242
     238
     216
     223
     232
     191
     197
     186
     184
     190
     205
     225
     189
     182
     175
     175
     184
     183
     230
     202
     206
     209
     207
     197
     196
     192
     208
     206
     227
     202
     220
     222
     244
     237
     223
     216
     232
     189
     207
     192
     189
     197
     216
     186
     218
     189
     197
     194
     174
     200
     225
     290
     309
     334
     376
     467
     495
     550
     547
     538
     513
     441
     413
     372
     311
     331
     271
     228
     247
     237
     230
     207
     219
     230
     219
     248
     201
     210
     215
     200
     175
     170
     197
     206
     178
     193
     198
     179
     163
     183
     216
     197
     195
     158
     188
     183
     204
     200
     185
     202
     210
     210
     206
     216
     220
     253
     230
     199
     239
     237
     212
     224
     202
     197
     176
     181
     166
     192
     204
     163
     169
     186
     185
     175
     213
     167
     160
     206
     169
     171
     173
     179
     187
     172
     190
     165
     150
     164
     205
     149
     194
     163
     161
     167
     160
     189
     146
     187
     154
     207
     167
     206
     178
     203
     194
     193
     217
     224
     223
     204
     219
     170
     200
     176
     203
     165
     168
     163
     138
     158
     159
     176
     147
     184
     198
     182
     192
     191
     182
     179
     204
     198
     190
     214
     220
     196
     187
     173
     170
     167
     132
     180
     157
     159
     165
     176
     164
     152
     169
     155
     150
     164
     165
     159
     170
     173
     166
     165
     164
     157
     156
     184
     172
     156
     215
     175
     222
     259
     251
     322
     355
     348
     375
     357
     374
     315
     305
     243
     216
     201
     190
     176
     166
     165
     152
     190
     184
     158
     191
     170
     189
     162
     179
     158
     199
     131
     164
     163
     166
     153
     180
     164
     137
     152
     177
     155
     157
     163
     157
     172
     149
     164
     174
     187
     165
     153
     156
     166
     156
     143
     170
     152
     170
     169
     157
     146
     133
     160
     140
     147
     160
     160
     136
     131
     158
     147
     162
     157
     150
     130
     139
     143
     151
     144
     160
     150
     181
     144
     132
     170
     175
     149
     152
     159
     167
     138
     156
     164
     149
     162
     181
     155
     145
     151
     164
     148
     162
     165
     140
     148
     161
     140
     149
     153
     144
     154
     132
     154
     129
     142
     143
     125
     138
     153
     172
     154
     157
     143
     149
     144
     157
     150
     136
     176
     172
     150
     154
     175
     169
     149
     151
     168
     151
     159
     151
     154
     138
     136
     143
     140
     162
     148
     140
     158
     152
     136
     145
     145
     147
     140
     152
     130
     140
     155
     140
     142
     156
     163
     153
     137
     108
     135
     161
     164
     168
     165
     150
     155
     137
     169
     150
     162
     145
     145
     143
     149
     145
     154
     137
     161
     130
     148
     119
     156
     127
     141
     140
     141
     156
     133
     142
     118
     125
     141
     146
     126
     150
     142
     142
     138
     137
     158
     142
     148
     146
     146
     132
     116
     135
     143
     141
     143
     130
     137
     144
     127
     125
     151
     149
     130
     143
     146
     145
     138
     151
     157
     143
     160
     140
     131
     135
     135
     118
     142
     155
     156
     136
     147
     158
     146
     147
     153
     142
     111
     137
     122
     146
     126
     156
     139
     133
     133
     148
     129
     140
     172
     170
     184
     186
     158
     167
     184
     197
     172
     139
     139
     136
     158
     124
     107
     128
     125
     138
     110
     112
     123
     133
     118
     109
     119
     126
     143
     141
     131
     140
     128
     146
     140
     141
     145
     134
     128
     144
     130
     142
     137
     138
     118
     109
     131
     126
     116
     104
     123
     131
     134
     142
     123
     131
     115
     132
     124
     127
     123
     142
     132
     119
     117
     101
     110
     110
     124
      90
     102
     115
     112
     117
     105
     131
     112
     112
     127
     124
     124
     147
     134
     115
     117
     124
     119
     134
     130
     112
     124
     113
     117
     130
     139
     121
     117
     108
     121
     112
     115
     116
     120
     110
     109
     128
     110
     131
     101
     116
     109
     119
     122
     111
     114
     114
     119
     111
     128
     113
     111
     109
     123
      93
     116
     116
     120
     105
     123
     119
     105
     133
     118
     115
     103
      96
     114
     119
     105
     108
     109
     129
      93
     103
      93
     108
     106
     116
      99
      98
      99
     105
     108
     108
     117
     101
     107
      99
     120
     124
     115
     122
     132
     125
     173
     168
     204
     187
     228
     278
     360
     398
     440
     477
     512
     480
     500
     491
     427
     376
     264
     227
     170
     180
     134
     145
     121
     112
     109
     117
     106
     107
     100
     112
     103
     106
      78
      90
     104
     125
     116
     110
     103
      97
     108
     100
     116
     114
     108
      99
     112
     112
     103
      87
     110
     106
     119
     128
     111
     111
     110
     103
      92
     126
     104
      97
      94
      91
      95
     109
     101
     104
      99
     124
     102
     115
     102
      95
      90
      98
      99
     104
      94
     109
     117
     117
     111
      86
     101
      95
     104
      94
      73
     104
     105
      93
     108
      92
     129
     115
     113
      89
     104
     128
     108
     105
      98
      94
      94
      88
      98
     100
     116
     110
      97
     108
      99
      77
     102
      90
     107
      94
      95
      96
      82
      90
      89
      79
      92
     118
      89
     110
      97
      76
      76
     112
      97
      98
     109
      96
      97
      96
      97
     110
     107
     105
     104
      82
      91
      96
      92
      85
     110
      83
      86
      96
      91
      96
      84
      88
      88
      95
     111
     108
      86
      96
     101
      83
      73
     103
      90
      82
      95
      86
      83
     104
     112
     101
      96
      91
      94
      92
      94
      91
     104
      84
      87
     101
      85
      91
     101
     107
     105
     100
      93
      77
      89
      72
      79
     115
      97
      95
      96
      88
      92
      81
      87
      83
      74
      84
      94
      85
      93
      92
     108
      77
      83
      86
      83
      78
      82
      65
      96
     100
      89
      82
      88
      92
      89
      88
     100
      87
      97
      95
     106
      88
      88
      92
      99
      72
      83
      86
      97
      85
      74
      93
      71
      96
      70
      86
      84
      74
      82
      92
      68
      73
      83
     111
      77
      91
      87
      69
      81
      77
      82
      78
      84
      67
      75
      82
      85
      89
      78
      85
      93
     101
     104
      85
      84
      82
      98
      80
      71
      77
     102
      79
     100
      80
      93
     102
      79
     105
      83
      86
      87
      85
      75
      86
      83
      72
      99
      97
     108
     101
     104
     119
     132
     145
     148
     194
     221
     238
     244
     276
     293
     308
     276
     272
     256
     233
     179
     156
     123
     110
     102
      90
      74
      87
      90
      70
      66
      90
      76
      57
      79
      73
      68
      66
      85
      69
      84
      82
      80
      68
      78
      94
      90
      70
      85
      71
     103
      72
      78
      84
      70
      85
      82
      88
      91
      71
      75
      78
      78
      72
      66
      71
      90
      82
     105
      78
      79
      58
      84
      76
      75
      76
      74
      76
      65
      67
      82
      80
      73
      80
      84
      76
      63
      75
      67
     100
      63
      81
      77
      85
      85
      63
     102
      97
     102
     100
      73
      97
      99
      93
     119
     119
      88
      78
      82
      85
      79
      61
      71
      95
      74
      87
      82
      80
      68
      75
      70
      73
      87
      66
      64
      67
      70
      61
      74
      84
      61
      80
      75
      62
      60
      55
      64
      65
      72
      90
      65
      73
      77
      55
      61
      79
      75
      75
      73
      70
      87
      63
      77
      74
      72
      60
      66
      72
      68
      83
      78
      81
      65
      87
      58
      59
      77
      59
      83
      60
      60
      48
      58
      73
      65
      58
      78
      78
      65
      59
      79
      53
      53
      57
      59
      61
      70
      66
      76
      63
      70
      76
      58
      64
      50
      79
      56
      73
      64
      71
      79
      70
      85
      76
      63
      75
      62
      53
      61
      53
      69
      48
      66
      60
      65
      74
      63
      72
      69
      55
      53
      66
      81
      61
      63
      62
      60
      65
      63
      59
      66
      74
      66
      73
      62
      61
      70
      63
      59
      69
      80
      67
      59
      68
      65
      57
      63
      45
      50
      57
      74
      52
      65
      59
      74
      55
      56
      66
      64
      69
      61
      61
      67
      74
      54
      57
      61
      46
      51
      58
      68
      61
      61
      58
      73
      57
      60
      61
      67
      66
      63
      48
      57
      57
      72
      56
      56
      80
      73
      47
      59
      73
      62
      65
      68
      62
      54
      66
      68
      57
      75
      73
      89
      84
      89
     103
      83
     101
     129
     128
     137
     136
     147
     127
     119
     120
     101
      81
      73
      70
      60
      84
      71
      50
      40
      59
      51
      58
      58
      59
      50
      64
      47
      55
      68
      55
      52
      50
      56
      53
      56
      67
      52
      50
      52
      53
      53
      53
      72
      65
      49
      50
      59
      49
      57
      53
      63
      47
      51
      47
      57
      52
      49
      55
      70
      45
      67
      44
      65
      54
      53
      49
      53
      48
      48
      56
      55
      47
      65
      62
      47
      44
      36
      55
      48
      57
      60
      43
      52
      58
      54
      53
      45
      66
      48
      52
      51
      51
      52
      53
      60
      42
      55
      57
      60
      53
      49
      43
      53
      64
      56
      49
      53
      67
      62
      65
      66
      60
      64
      66
      64
      69
      57
      64
      68
      57
      67
      44
      59
      57
      47
      46
      67
      48
      55
      39
      34
      46
      60
      53
      49
      56
      51
      48
      55
      41
      47
      34
      43
      44
      57
      59
      48
      62
      60
      63
      49
      60
      54
      48
      40
      54
      39
      57
      44
      44
      58
      46
      51
      61
      42
      42
      39
      47
      47
      43
      59
      49
      38
      43
      46
      43
      43
      50
      49
      47
      42
      44
      56
      46
      43
      58
      51
      46
      42
      50
      55
      47
      44
      42
      53
      47
      51
      52
      53
      55
      57
      47
      41
      49
      47
      48
      42
      47
      46
      50
      44
      48
      40
      40
      39
      49
      41
      49
      40
      39
      42
      38
      44
      43
      40
      23
      39
      47
      32
      50
      35
      59
      44
      62
      57
      39
      40
      40
      43
      53
      40
      49
      44
      37
      51
      39
      32
      41
      45
      39
      41
      52
      36
      47
      46
      38
      35
      49
      38
      43
      34
      50
      32
      42
      42
      45
      37
      43
      41
      32
      48
      37
      38
      44
      34
      41
      43
      26
      42
      49
      26
      42
      46
      37
      41
      43
      39
      49
      45
      43
      39
      45
      31
      42
      38
      41
      39
      40
      43
      49
      52
      40
      46
      35
      40
      41
      50
      36
      37
      46
      46
      40
      44
      44
      31
      42
      40
      44
      49
      47
      48
      36
      43
      45
      42
      45
      42
      45
      42
      40
      37
      43
      28
      31
      49
      48
      44
      43
      34
      38
      47
      49
      43
      37
      44
      50
      40
      41
      62
      50
      62
      72
      77
      57
      67
      88
      84
      74
      76
      89
      77
      81
      77
      62
      66
      54
      50
      36
      36
      42
      47
      36
      38
      49
      52
      39
      56
      47
      46
      42
      44
      45
      37
      41
      45
      39
      45
      26
      42
      41
      29
      28
      37
      37
      31
      38
      40
      32
      27
      42
      33
      46
      41
      45
      43
      34
      36
      40
      41
      36
      34
      33
      40
      54
      45
      55
      45
      43
      43
      58
      49
      52
      60
      49
      53
      38
      47
      31
      54
      52
      35
      47
      38
      69
      52
      51
      43
      51
      59
      56
      44
      42
      45
      45
      31
      40
      30
      34
      33
      38
      17
      33
      28
      32
      29
      38
      34
      23
      28
      32
      42
      44
      39
      28
      31
      35
      40
      27
      34
      30
      25
      37
      32
      33
      20
      29
      32
      19
      29
      25
      23
      38
      38
      28
      24
      28
      34
      29
      32
      32
      23
      33
      27
      27
      33
      34
      32
      43
      32
      32
      31
      29
      32
      40
      36
      33
      30
      33
      38
      27
      28
      30
      23
      45
      36
      30
      31
      32
      38
      42
      25
      28
      37
      26
      29
      23
      32
      21
      21
      33
      36
      27
      32
      28
      32
      28
      30
      27
      27
      31
      31
      25
      29
      33
      28
      26
      27
      29
      34
      27
      35
      39
      26
      34
      24
      43
      31
      34
      32
      33
      43
      35
      38
      50
      48
      48
      40
      58
      59
      50
      31
      42
      47
      40
      39
      28
      22
      37
      28
      31
      20
      26
      26
      32
      27
      26
      36
      31
      30
      28
      26
      28
      38
      31
      30
      16
      21
      23
      30
      29
      25
      26
      28
      35
      24
      32
      20
      38
      28
      20
      32
      23
      38
      20
      36
      23
      31
      27
      22
      21
      20
      34
      27
      32
      22
      38
      36
      27
      19
      27
      20
      27
      29
      26
      31
      27
      29
      27
      23
      26
      33
      32
      24
      27
      20
      26
      42
      18
      24
      13
      24
      29
      32
      30
      23
      29
      23
      31
      29
      24
      26
      23
      27
      35
      25
      33
      28
      23
      25
      34
      17
      35
      20
      28
      31
      32
      30
      19
      22
      28
      33
      40
      36
      41
      49
      49
      52
      54
      47
      50
      36
      50
      47
      40
      35
      42
      26
      30
      28
      30
      32
      26
      31
      32
      26
      19
      25
      21
      19
      18
      18
      25
      25
      33
      24
      21
      22
      26
      28
      22
      17
      27
      16
      24
      22
      18
      21
      34
      20
      21
      23
      23
      19
      27
      20
      18
      21
      21
      15
      14
      30
      24
      26
      22
      28
      23
      18
      28
      27
      26
      24
      19
      19
      29
      29
      22
      37
      24
      30
      32
      20
      23
      24
      27
      25
      33
      21
      27
      27
      24
      16
      17
      26
      31
      25
      27
      26
      27
      17
      27
      20
      26
      28
      27
      24
      31
      20
      26
      19
      23
      15
      17
      24
      20
      14
      27
      28
      24
      20
      18
      24
      27
      25
      18
      14
      21
      20
      22
      18
      16
      26
      18
      23
      17
      19
      20
      16
      19
      15
      18
      18
      23
      15
      23
      16
      17
      17
      20
      11
      28
      21
      17
      22
      17
      20
      21
      13
      19
      18
      21
      27
      15
      13
      17
      11
      22
      14
      18
      14
      19
      14
      22
      20
      23
      25
      22
      20
      18
      19
      19
      28
      17
      22
       9
      11
      27
      18
      10
      19
      21
      23
      16
      23
      21
      32
      14
      21
      30
      13
      22
      36
      20
      15
      19
      19
      27
      22
      18
      13
      36
      26
      21
      36
      34
      36
      31
      26
      37
      40
      65
      52
      71
      70
      53
      79
      74
      70
      82
      74
      74
      73
      65
      56
      62
      41
      40
      40
      32
      32
      31
      28
      12
      24
      16
      23
      16
      17
      22
      11
      18
      17
      17
      16
      13
      15
      17
      11
      17
      15
      13
      18
      13
      20
      14
      15
      12
      16
      20
      18
       9
      12
      16
      13
      17
      12
      17
      19
      15
      18
      17
      12
      17
      18
      11
      18
      15
      14
      16
      11
      18
       9
      12
      13
      14
      16
      13
      15
      12
      12
       9
      15
      15
      14
       9
      19
      11
      12
      16
      12
      12
      16
      13
       8
      12
      10
       8
      16
       9
      13
      13
      15
      21
      15
      10
      10
      11
       9
      14
      13
      12
       8
      15
      16
       6
       7
      21
      17
      12
      12
      13
      16
      12
       6
      13
       9
      12
      17
      14
       7
       9
      14
      15
       9
      16
      14
      12
      13
      15
      15
      17
       9
      16
      12
      13
      12
      12
      13
       7
      11
      17
      18
      14
       9
      12
       8
      16
       9
      11
       8
      13
       8
      17
      21
      22
      21
      12
       7
       9
      15
      17
      13
      20
      14
      26
      25
      18
      17
      23
      12
      22
       6
      13
      11
      16
      16
      14
       7
      10
       8
      10
      12
       9
      10
       8
      10
      14
       9
      15
      12
       9
      15
      11
       9
      17
      10
       8
      10
      14
       7
      12
      10
       9
      12
       9
      14
      11
      16
       9
       9
      16
       9
      15
      13
      15
      12
      16
      16
      11
       9
       8
      10
      13
      14
      12
      11
      13
      20
       7
      17
       9
      14
      14
      10
       9
       8
      12
      15
      19
      15
      10
      14
       9
       4
      15
       7
       8
      12
       7
      14
      12
       6
      13
      13
      15
       9
       6
      13
      11
      11
      15
      13
       7
      10
      14
      14
      13
      13
      11
      17
       5
       9
      11
      13
       4
       8
      16
       8
      11
      11
       6
      12
      12
       2
      11
      12
       9
       8
      13
      10
      10
       5
       4
      12
       7
      11
       8
       5
       9
      10
       6
      11
      10
      11
      10
      11
      13
       7
      13
       9
       8
       9
      12
       9
      16
      16
      17
      14
       6
      20
      14
      13
      16
      18
      28
      20
      29
      27
      15
      22
      22
      32
      30
      32
      28
      18
      29
      36
      31
      30
      24
      24
      20
      12
      22
      18
       8
      13
      10
      10
      18
       8
      21
      17
      15
       8
      13
      12
      18
      10
      13
      14
      10
       9
       8
      10
       5
       9
       9
      10
       2
      14
      11
       7
       4
      14
       9
      11
       8
      12
      10
      15
       8
       9
      10
       6
       6
       7
       5
       3
      14
       9
       6
       8
      13
      13
       6
      12
      14
      24
      11
      25
      15
      14
      17
      18
      25
      27
      26
      23
      41
      51
      44
      66
      86
      75
      82
      94
     110
      87
     108
     106
     115
     128
     120
     107
     101
      87
      79
      77
      67
      38
      34
      20
      23
      20
      14
      18
      16
       8
       9
      10
      11
      14
      10
       9
      14
       9
      10
       3
       9
      10
       5
       6
       8
       7
       9
      10
       6
      11
       8
      10
       7
       6
      10
       8
       4
       8
      11
       8
       8
       9
       5
       7
       6
      13
       7
      10
       6
      12
       5
      10
       6
       9
       7
       9
       8
      10
       7
      12
       8
       9
       4
      10
      10
       9
       5
      11
      12
       9
       9
       7
       4
      12
       9
       8
       4
       9
       4
       7
       9
      15
      14
      10
       6
       4
       8
      10
      10
       9
       9
      13
       5
      14
       5
       6
       8
       9
      12
       7
       9
       2
       8
       4
       5
      12
       6
       9
      12
       8
      11
       9
      12
      13
      10
       8
       8
      10
       6
       4
       6
       9
       3
       6
       5
      11
      13
       5
       5
       3
       8
       4
       7
      12
       5
       5
       4
       5
       8
      12
      10
       6
      12
       7
       9
       3
       2
       8
       7
      11
       8
       7
      11
       7
       6
       6
       6
       9
      13
      15
      11
      11
      12
      15
       9
      11
      12
      13
      13
      11
      11
       6
       5
      11
      14
       9
      11
       8
      16
       8
       7
       9
       5
      14
      11
      10
      10
      17
      14
      10
      12
      16
      11
      19
      14
      17
      16
      16
      19
      19
      24
      43
      30
      15
      19
      30
      16
      26
      14
      13
      14
       9
      11
       4
       8
       8
      10
      11
      15
       6
      13
       6
       9
      11
      13
       2
       5
       6
       2
      12
      11
       8
      10
      12
       6
       7
      12
       5
       7
       6
      10
       9
       7
       7
       9
      13
       4
      14
       4
      11
      16
      13
       8
      15
       6
       8
      11
       7
       4
       8
      14
      14
       6
      15
      11
      10
       4
       9
      15
      11
       8
      11
      12
      15
      10
       9
       4
      10
      11
       9
       8
       8
      10
       4
       8
      10
       5
       6
      11
       5
       4
       7
       9
      10
      10
       5
       8
       7
      16
      10
       7
       1
       7
       9
      10
       7
      10
      11
       6
       9
       7
       6
      10
      11
       8
       8
       7
       5
       3
      16
       8
       8
       6
       4
      10
       8
       4
       8
       6
       8
      11
      10
       9
      10
       4
       4
       4
       6
       7
       9
       6
       7
       6
       6
      10
       5
       5
       6
       6
       6
       5
       9
       9
      10
       7
       8
       7
       3
       9
       7
       4
       7
       8
       6
      11
       8
       8
       3
       6
      11
       6
       8
       6
       4
      10
       5
       9
      11
       6
       8
      13
       6
       2
       7
       3
       8
       9
      10
       5
       7
       9
       7
       9
       8
       4
       4
       6
       9
      11
      13
       9
      10
       5
       7
       9
       4
       6
       9
       7
       8
       8
       7
       9
       8
       8
       6
       8
      10
      11
       6
       7
       9
       7
       6
      10
       9
      10
       9
      12
      11
      10
       6
       9
       6
      12
       6
       9
       6
       6
       6
      12
       6
       6
       4
       5
       7
       7
       8
       9
       5
       8
       7
       5
       1
       4
       7
      16
       9
      11
       5
      10
       8
       6
       9
       6
       4
       8
      11
      13
       7
       4
      11
       9
       4
       4
      10
       2
       2
       5
       5
       4
       6
       7
       8
       8
       6
       6
       6
       7
       8
       8
       7
       4
       7
       9
       7
       5
       7
       6
       6
      10
       6
       5
       8
      10
       6
       6
       7
      10
       5
       0
       8
       6
       8
       5
       4
       6
      11
       6
       6
       4
       8
       7
      10
       9
       5
       6
       4
       7
       6
      10
       8
      14
       6
       8
       6
       3
       6
      10
       7
       5
       6
       6
       6
       9
       6
       6
       6
       5
       4
       1
       8
       3
      15
       6
       5
       3
       5
       8
       3
       5
       8
      13
       6
       5
       4
       5
       9
       5
       4
       5
       6
       6
      11
       3
       3
       3
       3
       4
       4
       6
       6
       4
       5
       7
       7
       7
       6
       9
       6
       8
       5
       5
       3
       6
       5
       6
       9
       4
       5
       4
       3
       6
       3
       5
      11
       2
       3
       3
      10
       8
       5
       2
       6
      10
       8
       8
       8
       7
       7
       5
       8
       6
       5
       7
       7
      12
       8
       8
      11
       7
       6
       5
       5
       3
       4
       1
       6
       6
       8
       4
       6
       1
       4
       4
       7
       5
       9
       2
       7
       6
       7
       3
       5
       5
       6
       5
       6
       3
       1
       7
       4
       7
       3
       6
       4
       6
       4
       4
       6
       5
       6
       2
       6
       4
       5
       4
       5
       6
       4
       3
       5
       6
       4
       5
       9
       9
       7
       6
       5
       8
       9
       2
       3
       6
       5
      10
       7
       3
       6
       5
       7
       2
       6
      10
      11
       3
      11
       8
       6
      10
       3
       9
       8
       7
       6
       6
       6
       5
       9
       4
       9
       4
       1
       8
       6
       8
       5
      11
       5
       2
       7
       2
       8
       4
       2
       7
       3
      13
       7
       6
       6
       1
       4
       4
       4
       9
       6
       4
       3
       4
       2
       7
       1
       6
       2
       5
       7
       8
       7
       5
       2
       5
       5
       8
       4
       5
       7
       5
       1
       9
       6
       3
       7
       4
       1
      15
       3
       8
       6
       6
       4
       4
       6
       5
       8
       1
       2
       2
       3
       5
       7
       5
       2
       3
       7
       7
       8
       5
       2
       7
       7
       3
       6
       1
       5
       7
      11
       4
       8
       2
       4
       1
       9
      11
       3
      13
       3
       3
       7
       6
       6
       4
       3
       2
       6
       6
       4
       4
       4
       5
       4
       2
       7
       3
       3
       8
       6
       6
       1
       1
       4
       3
       7
       4
       6
       4
       9
       7
       8
       9
       7
       4
       4
       3
       5
       6
       7
       5
       4
       5
       3
      10
       8
       5
       3
       7
       7
       9
      11
       2
       7
       7
       3
       8
      10
       9
      15
       9
      14
       9
       8
      15
       8
      13
      13
      17
      10
       5
      10
      11
       6
       6
      14
       5
       8
       6
       9
       5
       4
       5
       3
       7
       4
       2
       7
       4
       8
       6
       5
       5
       5
       8
      13
       2
       5
       4
       5
       4
       3
       2
       4
       2
       8
       6
       3
       4
       5
       2
       2
      10
       6
       2
       3
       3
      12
       4
       4
       5
       5
       3
       3
       8
       2
       4
       4
       1
       6
       5
       4
       7
       3
       6
       5
       3
       3
       7
       4
       5
       5
       3
       7
       2
       1
       5
       5
       5
       5
       3
       1
       1
       0
       5
       4
       4
       7
       3
       7
       4
       6
       3
       4
       4
       4
       2
       4
       4
       6
       8
       3
       7
       2
       5
       2
       6
       4
       2
       6
       5
       2
       5
       3
       4
       5
       2
       2
       1
       2
       1
       3
       6
       2
       3
       6
       6
       7
       3
       4
       3
       5
       8
       7
       6
       2
       4
       5
       4
       4
       4
       2
       2
       3
       2
       2
       7
       4
       7
       1
       3
       3
       2
       3
       3
       2
       2
       3
       3
       5
       4
       6
       5
       6
       8
       4
       4
       3
       5
       3
       5
       7
       4
       3
       3
       3
       3
       4
       3
       9
       5
       1
       7
       6
       3
       2
       8
       3
       4
       9
       6
       9
       9
       9
       8
       9
       5
      10
      10
      14
      15
      23
      19
      17
      27
      28
      30
      27
      30
      21
      21
      26
      29
      24
      34
      22
      27
      22
      19
      13
      11
      15
      12
       9
       9
       7
      10
       3
       8
       3
       3
       3
       3
       7
       2
      10
       3
       4
       1
       3
       4
       4
       3
       2
       5
       2
       4
       3
       4
       6
       4
       6
       3
       4
       5
       5
       8
       8
       5
       6
       7
      10
       4
       5
       4
       5
       8
       7
       7
       6
       3
       3
       2
       6
       6
       2
       4
       3
       1
       2
       4
       2
       2
       3
       3
       6
       2
       1
       5
       5
       2
       4
       4
       6
       1
       5
       4
       2
       5
       3
       3
       3
       4
       1
       5
       7
       4
       2
       4
       6
       4
       3
       3
       4
       6
       3
       8
       1
       4
       5
       0
       4
       5
       2
       3
       2
       3
       3
       3
       5
       1
       6
       1
       2
       3
       5
       2
       5
       3
       3
       1
       3
       4
       0
       3
       3
       6
       1
       4
       1
      10
       4
       5
       4
       4
       2
       4
       5
       7
       5
       2
       4
       3
       3
       4
       1
       4
       2
       2
       3
       3
       4
       5
       3
       3
       5
       7
       4
       2
       7
       5
       3
       3
       6
       3
       6
       5
       8
       1
       4
       5
       3
       6
       3
       6
       2
       4
       3
       5
       2
       3
       0
       3
       1
       2
       6
       7
       6
       8
       0
       1
       4
       5
       6
       4
       3
       4
       8
       6
       7
       1
       4
       7
       5
       6
       5
       3
       4
       5
       4
       7
       5
       3
       5
       7
       8
       5
       5
       7
       6
       5
       3
       3
       3
      10
       4
       4
       6
       2
       4
       3
       6
       1
       6
       3
       3
       5
       2
       4
       3
       3
       4
       3
       5
       3
       2
       3
       3
       2
       3
       4
       7
       6
       4
       8
       5
       1
       3
       4
       2
       4
       6
       7
       7
       4
       0
       5
       3
       6
       1
       6
       4
       7
       1
       1
       2
       3
       3
       0
       4
       1
       2
       2
       5
       4
       4
       6
       3
       3
       2
       2
       4
       0
       4
       3
       1
       1
       4
       8
       2
       4
       4
       3
       5
       3
       2
       3
       2
       2
       2
       4
       7
       3
       2
       2
       2
       2
       3
       3
       4
       4
       3
       1
       2
       1
       4
       2
       3
       7
       5
       3
       1
       8
       4
       2
       5
       4
       3
       1
       4
       2
       3
       3
       4
       6
       3
       3
       4
       4
       1
       4
       1
       4
       5
       2
       5
       3
       2
       5
       4
       2
       4
       2
       2
       3
       5
       4
       3
       4
       2
       3
       3
       3
       6
       2
       4
       2
       4
       0
       3
       2
       3
       6
       7
       6
       3
       3
       3
       1
       2
       5
       1
       1
       2
       5
       2
       3
       5
       8
       5
       2
       4
       2
       5
       2
       1
       6
       5
       5
       3
       1
       3
       5
       2
       3
       6
       4
       3
       1
       2
       5
       4
       2
       2
       8
       7
       6
       7
       4
       4
       4
       4
       7
       6
       5
       3
       7
       1
       4
       5
       5
       4
       4
       5
       3
       4
       6
       2
       2
       2
       1
       3
       4
       5
       4
       3
       0
       3
       4
       5
       2
       1
       1
       3
       3
       3
       3
       8
       2
       5
       3
       4
       1
       3
       1
       4
       5
       1
       4
       5
       2
       0
       2
       3
       4
       3
       0
       5
       4
       3
       3
       3
       6
       2
       4
       0
       9
       2
       4
       3
       4
       6
       4
       3
       6
       0
       6
       5
       3
       2
       4
       2
       9
       3
       4
       3
       1
       2
       3
       2
       1
       6
       4
       3
       5
       1
       4
       6
       5
       2
       3
       1
       2
       2
       5
       4
       4
       9
       3
       3
       6
       4
       3
       1
       3
       3
       3
       3
       5
       3
       2
       3
       3
       1
       0
       1
       2
       1
       2
       3
       1
       2
       4
       2
       2
       5
       5
       2
       4
       4
       1
       3
       2
       6
       3
       8
       1
       2
       3
       6
       6
       5
       5
       5
       2
       3
       2
       2
       2
       2
       4
       3
       7
       3
       4
       6
       6
       6
      13
       6
       6
       8
      10
      10
      10
       6
       9
       9
       5
       5
      10
      11
       8
       5
       4
       2
       3
       4
       4
       5
       6
       3
       8
       1
       1
       2
       4
       5
       5
       2
       3
       3
       6
       3
       1
       1
       2
       2
       3
       3
       1
       1
       2
       2
       4
       5
       2
       3
       3
       0
       2
       2
       5
       1
       3
       5
       2
       5
       0
       2
       3
       0
       4
       5
       4
       1
       4
       3
       5
       1
       3
       2
       1
       2
       2
       0
       2
       5
       3
       1
       2
       5
       2
       2
       2
       4
       1
       2
       4
       2
       3
       2
       3
       3
       3
       6
       4
       4
       4
       4
       4
       2
       2
       1
       1
       1
       4
       4
       1
       4
       7
       5
       2
       5
       0
       3
       6
       1
       2
       1
       2
       6
       2
       5
       3
       2
       1
       4
       7
       2
       3
       1
       2
       3
       1
       2
       4
       0
       3
       1
       5
       2
       3
       4
       1
       1
       2
       2
       5
       0
       5
       4
       2
       3
       4
       2
       6
       1
       4
       2
       1
       1
       6
       2
       2
       4
       2
       5
       4
       2
       1
       5
       2
       1
       4
       0
       2
       2
       6
       2
       2
       3
       5
       2
       5
       3
       3
       2
       4
       8
       4
       3
       4
       8
       6
       2
       2
       6
       3
       1
       2
       0
       3
       3
       1
       2
       1
       3
       3
       2
       3
       0
       2
       0
       6
       6
       2
       3
       4
       3
       9
       1
       1
       4
       0
       2
       4
       4
       3
       4
       2
       3
       4
       3
       1
       1
       2
       2
       2
       0
       2
       0
       1
       3
       1
       2
       2
       6
       3
       4
       1
       2
       4
       2
       2
       1
       1
       0
       3
       0
       4
       3
       3
       3
       0
       2
       1
       1
       0
       2
       0
       2
       1
       1
       2
       2
       2
       2
       0
       3
       1
       1
       1
       0
       2
       1
       2
       2
       1
       4
       0
       4
       5
       5
       0
       4
       1
       2
       3
       2
       2
       5
       1
       2
       0
       3
       3
       1
       3
       1
       3
       2
       2
       3
       3
       2
       1
       1
       2
       3
       3
       2
       2
       1
       2
       3
       4
       2
       2
       3
       3
       5
       2
       1
       3
       1
       1
       1
       4
       2
       2
       4
       3
       3
       3
       1
       4
       2
       3
       2
       2
       3
       0
       2
       2
       2
       2
       3
       2
       2
       3
       1
       2
       2
       4
       1
       3
       0
       3
       5
       4
       5
       1
       2
       5
       4
       1
       4
       2
       0
       2
       2
       4
       4
       4
       6
       2
       2
       2
       3
       0
       2
       3
       2
       1
       0
       2
       2
       4
       4
       4
       2
       3
       9
       2
       5
       1
       5
       2
      10
       9
       6
       4
       4
      10
      10
       9
       7
       6
       5
       4
       8
      10
       7
       9
       9
      10
      10
      12
       8
       9
       5
       6
       6
       4
       2
       5
       3
       4
       2
       5
       4
       4
       3
       2
       2
       4
       1
       3
       6
       1
       1
       1
       0
       2
       5
       3
       0
       2
       1
       0
       3
       2
       1
       4
       5
       2
       5
       2
       3
       4
       1
       1
       5
       1
       1
       4
       4
       4
       1
       4
       2
       2
       1
       1
       2
       2
       0
       1
       2
       3
       3
       3
       5
       1
       4
       3
       0
       1
       1
       2
       2
       3
       5
       2
       4
       4
       2
       3
       2
       2
       1
       3
       2
       1
       4
       0
       2
       2
       3
       2
       2
       1
       3
       3
       1
       2
       3
       5
       3
       1
       3
       1
       0
       2
       4
       3
       2
       4
       0
       1
       3
       3
       6
       2
       2
       3
       2
       5
       3
       1
       1
       4
       2
       1
       0
       5
       3
       2
       2
       3
       1
       1
       4
       4
       3
       1
       2
       3
       0
       1
       2
       1
       1
       3
       4
       3
       0
       1
       1
       1
       2
       2
       1
       2
       0
       2
       2
       2
       2
       2
       1
       3
       2
       2
       3
       1
       1
       3
       2
       2
       2
       4
       3
       1
       1
       2
       2
       1
       4
       0
       1
       2
       2
       2
       0
       2
       2
       3
       2
       3
       4
       0
       4
       2
       2
       0
       1
       3
       2
       5
       1
       0
       2
       2
       3
       7
       2
       4
       3
       1
       4
       4
       2
       6
       1
       3
       1
       4
       3
       0
       2
       2
       6
       1
       2
       0
       3
       3
       1
       2
       1
       2
       0
       1
       2
       1
       1
       5
       4
       2
       4
       2
       2
       1
       6
       2
       3
       2
       4
       1
       1
       3
       0
       1
       2
       2
       3
       2
       2
       4
       3
       3
       2
       3
       5
       3
       1
       1
       3
       6
       3
       1
       2
       2
       2
       1
       3
       4
       2
       2
       1
       6
       3
       0
       3
       3
       1
       7
       0
       2
       2
       2
       3
       3
       0
       1
       2
       3
       3
       2
       2
       2
       2
       1
       2
       2
       2
       1
       4
       4
       2
       3
       1
       2
       1
       3
       1
       3
       5
       2
       3
       2
       1
       1
       1
       2
       2
       2
       1
       1
       1
       1
       4
       2
       1
       2
       1
       2
       1
       1
       1
       3
       4
       0
       3
       4
       3
       3
       3
       2
       2
       3
       3
       2
       3
       2
       2
       1
       1
       5
       0
       2
       1
       3
       2
       1
       3
       2
       4
       0
       1
       0
       1
       1
       5
       4
       2
       2
       1
       1
       1
       2
       2
       1
       2
       2
       5
       3
       1
       2
       1
       4
       1
       4
       1
       3
       1
       3
       3
       1
       2
       3
       0
       1
       1
       1
       2
       4
       0
       1
       1
       3
       2
       2
       1
       0
       1
       2
       3
       3
       0
       2
       1
       4
       0
       0
       2
       4
       0
       4
       1
       3
       3
       3
       3
       0
       1
       2
       0
       1
       3
       0
       2
       3
       5
       2
       3
       4
       2
       0
       2
       3
       2
       3
       0
       2
       3
       2
       1
       5
       0
       1
       2
       3
       3
       3
       2
       2
       4
       3
       1
       2
       4
       1
       4
       5
       3
       2
       0
       1
       1
       0
       3
       1
       4
       3
       3
       3
       3
       1
       0
       2
       2
       0
       1
       3
       0
       0
       1
       1
       5
       3
       2
       0
       2
       4
       2
       4
       4
       3
       3
       1
       3
       4
       4
       2
       1
       1
       3
       0
       0
       0
       2
       4
       4
       3
       4
       3
       3
       1
       2
       1
       1
       1
       5
       2
       3
       1
       0
       2
       4
       3
       1
       1
       0
       3
       1
       1
       2
       5
       3
       1
       1
       2
       2
       1
       1
       2
       2
       1
       4
       1
       2
       0
       3
       0
       1
       0
       5
       4
       0
       4
       0
       0
       1
       4
       2
       2
       2
       3
       0
       0
       2
       2
       4
       2
       4
       1
       4
       2
       4
       0
       2
       3
       3
       3
       1
       2
       0
       2
       1
       2
       1
       2
       4
       4
       2
       2
       0
       4
       1
       0
       1
       4
       4
       3
       4
       2
       2
       3
       4
       4
       1
       2
       6
       1
       1
       2
       1
       3
       3
       4
       2
       3
       4
       3
       1
       3
       1
       0
       1
       2
       3
       3
       2
       2
       2
       0
       0
       2
       3
       1
       1
       2
       4
       4
       3
       1
       1
       0
       2
       2
       1
       2
       1
       1
       5
       2
       2
       2
       2
       3
       0
       1
       0
       0
       3
       2
       1
       1
       0
       1
       1
       0
       1
       3
       1
       3
       3
       2
       3
       5
       1
       3
       3
       3
       2
       3
       5
       4
       1
       1
       3
       1
       1
       1
       2
       1
       0
       1
       2
       3
       4
       1
       3
       5
       4
       1
       1
       1
       0
       0
       2
       3
       3
       1
       3
       3
       3
       3
       3
       4
       1
       1
       1
       2
       1
       0
       1
       2
       3
       3
       2
       3
       4
       4
       2
       1
       3
       3
       4
       2
       1
       1
       0
       0
       1
       0
       4
       2
       3
       3
       2
       3
       2
       0
       4
       3
       1
       1
       1
       0
       1
       3
       3
       4
       2
       4
       1
       1
       2
       1
       0
       4
       3
       1
       2
       3
       2
       2
       3
       1
       1
       1
       0
       2
       2
       2
       1
       1
       2
       2
       2
       2
       0
       0
       1
       4
       1
       2
       0
       1
       3
       1
       3
       3
       2
       2
       0
       2
       1
       1
       5
       1
       3
       0
       3
       1
       0
       4
       3
       2
       2
       0
       2
       3
       3
       2
       2
       2
       2
       0
       3
       2
       0
       1
       1
       2
       2
       0
       1
       1
       1
       1
       1
       0
       4
       2
       3
       1
       2
       1
       1
       1
       1
       0
       1
       4
       1
       0
       1
       0
       2
       0
       2
       2
       5
       1
       2
       0
       1
       1
       2
       1
       0
       0
       1
       2
       4
       4
       0
       2
       0
       1
       1
       2
       1
       1
       1
       2
       0
       1
       0
       1
       5
       2
       3
       1
       2
       2
       4
       3
       7
       0
       0
       4
       3
       5
       4
       0
       2
       1
       3
       1
       2
       2
       3
       2
       1
       0
       2
       4
       3
       0
       2
       3
       2
       1
       5
       2
       4
       1
       3
       1
       2
       1
       1
       1
       0
       0
       2
       2
       0
       1
       1
       1
       3
       1
       2
       3
       1
       2
       1
       4
       0
       1
       1
       0
       1
       2
       1
       0
       4
       1
       1
       0
       0
       2
       3
       2
       2
       0
       3
       3
       1
       1
       1
       0
       4
       1
       2
       3
       1
       1
       3
       1
       6
       1
       3
       2
       2
       2
       1
       4
       5
       2
       4
       0
       2
       2
       2
       2
       0
       3
       1
       3
       1
       2
       2
       1
       1
       1
       1
       2
       3
       3
       2
       1
       2
       1
       3
       2
       3
       0
       0
       1
       1
       1
       3
       0
       0
       1
       0
       0
       3
       0
       3
       0
       1
       1
       0
       1
       3
       4
       2
       3
       2
       4
       1
       1
       1
       0
       3
       0
       1
       2
       1
       5
       2
       2
       2
       1
       3
       0
       1
       3
       2
       2
       5
       5
       1
       1
       0
       1
       3
       2
       1
       3
       1
       1
       2
       2
       1
       3
       0
       2
       1
       0
       6
       2
       7
       3
       5
       4
       1
       2
       3
       4
       1
       1
       0
       2
       0
       0
       3
       1
       0
       3
       3
       0
       2
       0
       1
       2
       3
       2
       2
       5
       0
       0
       0
       4
       2
       2
       1
       0
       3
       3
       1
       1
       1
       2
       0
       0
       1
       1
       3
       3
       2
       4
       0
       2
       0
       1
       1
       2
       4
       2
       1
       1
       1
       0
       1
       2
       2
       3
       3
       0
       1
       4
       0
       0
       2
       3
       5
       2
       2
       2
       1
       0
       1
       4
       2
       2
       4
       3
       2
       0
       2
       2
       0
       2
       1
       2
       2
       2
       1
       1
       1
       0
       0
       1
       4
       3
       2
       3
       1
       0
       1
       1
       4
       1
       1
       0
       1
       2
       3
       1
       1
       6
       1
       3
       2
       2
       1
       0
       1
       0
       2
       2
       2
       1
       3
       1
       0
       4
       2
       2
       1
       1
       2
       1
       3
       4
       3
       1
       1
       1
       2
       0
       2
       2
       0
       0
       2
       1
       1
       2
       1
       0
       3
       0
       1
       1
       1
       2
       0
       0
       1
       0
       1
       4
       1
       1
       1
       0
       4
       4
       1
       5
       1
       1
       7
       1
       2
       0
       0
       3
       5
       3
       1
       1
       3
       1
       1
       3
       0
       1
       1
       0
       2
       2
       3
       4
       3
       3
       1
       2
       2
       3
       3
       2
       2
       1
       0
       1
       1
       0
       2
       3
       0
       2
       1
       1
       1
       1
       1
       2
       2
       3
       2
       2
       5
       3
       4
       2
       4
       2
       0
       0
       1
       2
       1
       2
       3
       0
       1
       0
       3
       2
       2
       1
       3
       1
       1
       2
       1
       3
       1
       0
       2
       1
       5
       3
       2
       3
       4
       1
       1
       1
       4
       1
       1
       1
       1
       1
       2
       3
       0
       4
       1
       1
       0
       1
       1
       0
       1
       2
       0
       1
       1
       3
       0
       2
       2
       3
       0
       3
       1
       1
       3
       4
       1
       2
       2
       2
       2
       1
       2
       1
       1
       0
       1
       2
       0
       1
       2
       0
       0
       0
       0
       0
       0
       0
       0
       0
       0
       0
       0
       0
       0
       0
       0
       0
       0
       0
       0
       0
       0
       0
       0
       0
       0
       0
       0
       0
       0
       0
       0
       0
       0
       0
       0
       0
       0
       0
       0
       0
       0
       0
       0
       0
       0
       0
       0
       0
       0
       0
       0
       0
       0
       0
       0
       0
       0
       0
       0
       0
       0
       0
       0
       0
       0
       0
       0
       0
       0
       0
       0
       0
       0
       0
       0
       0
       0
       0
       0
       0
       0
       0
       0
       0
       0
       0
       0
       0
       0
       0
       0
       0
       0
       0
       0
       0
       0
       0
       0
       0
       0
       0
       0
       0
       0
       0
       0
       0
       0
       0
       0
       0
       0
       0
       0
       0
       0
       0
       0
       0
       0
       0
       0
       0
       0
       0
       0
       0
       0
       0
       0
       0
       0
       0
       0
       0
       0
       0
       0
       0
       0
       0
       0
       0
       0
       0
       0
       0
       0
       0
       0
       0
       0
       0
       0
       0
       0
       0
       0
       0
       0
       0
       0
       0
       0
       0
       0
       0
       0
       0
       0
       0
       0
       0
       0
       0
       0
       0
       0
       0
       0
       0
       0
       0
$ROI:
0
$PRESETS:
None
0
0
$ENER_FIT:
-0.428493 0.397194
$MCA_CAL:
3
-4.284930E-001 3.971939E-001 4.985228E-009 keV
$SHAPE_CAL:
3
2.931963E+000 2.494840E-003 1.036727E-007
