$SPEC_ID:
Pulser
$SPEC_REM:
DET# 2
DETDESC# DETECTOR 2
AP# GammaVision Version 7.01.03
$DATE_MEA:
05/15/2017 10:42:02
$MEAS_TIM:
86400 88588
$DATA:
0 8191
       0
       0
       0
       0
       0
       0
       0
       0
       0
       0
       0
       0
       0
       0
       0
       0
       0
       0
       2
       0
       0
       1
       0
    7302
  432674
  511609
  286753
  260339
  261070
  302031
  487247
  904598
 1375641
 1491700
 1154121
  721450
  491870
  546158
  987145
 2013477
 3340752
 3839887
 2934224
 1565333
  699749
  397982
  429057
  631340
  790691
  745485
  566340
  400639
  298581
  242169
  215864
  203105
  200994
  200079
  202545
  208111
  214802
  223007
  240386
  301874
  407657
  452436
  372844
  260162
  200271
  182160
  175920
  169826
  166274
  164136
  161439
  160782
  159094
  156978
  155364
  155637
  155529
  153501
  150711
  148139
  146559
  143231
  141243
  138900
  137863
  135365
  134688
  132502
  132381
  131470
  130423
  130482
  130123
  130919
  130478
  131349
  130756
  130805
  131247
  131165
  133433
  136154
  141659
  145165
  146569
  148347
  148557
  147193
  148368
  149876
  151324
  152657
  153387
  153487
  155129
  155363
  156971
  158329
  159256
  161055
  162492
  163883
  165649
  166897
  168565
  169210
  172646
  188061
  260325
  442204
  669786
  720918
  535759
  319021
  212406
  186189
  184443
  186964
  192030
  197168
  203669
  213511
  236940
  274155
  300674
  294769
  267930
  248792
  244120
  247452
  251483
  255204
  261321
  267849
  276595
  287375
  299313
  306589
  309643
  314396
  317961
  319516
  323891
  328938
  335689
  342640
  352029
  362844
  374221
  387417
  402615
  418314
  432406
  446888
  461856
  479371
  505961
  570867
  721155
  936950
 1035489
  911599
  736586
  756923
 1014238
 1272455
 1207225
  872714
  589530
  467140
  437053
  429041
  424545
  416438
  407607
  399563
  393030
  389427
  400335
  454370
  564884
  671964
  696585
  632098
  537874
  504202
  712601
 1377154
 2318307
 2787593
 2325326
 1398808
  699242
  396571
  320341
  331648
  361106
  370448
  352399
  344364
  427636
  713252
 1220547
 1635589
 1567051
 1089706
  633760
  444536
  499003
  769529
 1302125
 2017120
 2668164
 3338808
 4271676
 4883253
 4295653
 2810572
 1504653
  823933
  599623
  815550
 1908326
 4224084
 6795118
 7526935
 5733984
 3055137
 1227777
  476354
  267262
  227915
  249676
  308722
  362008
  355023
  292522
  237857
  243116
  326278
  479135
  658247
  776467
  760839
  612744
  436748
  331463
  324022
  410269
  599431
  877008
 1157919
 1329004
 1445250
 1697191
 2142028
 2585008
 2678494
 2229797
 1457518
  802927
  470454
  425366
  583475
  856674
 1072419
 1066484
  861517
  603030
  396745
  272911
  214932
  191876
  182509
  176171
  172042
  169187
  171002
  190218
  243911
  332100
  400280
  389390
  308712
  220700
  167620
  149597
  144391
  143104
  143872
  145431
  147694
  146886
  141604
  134478
  130593
  128173
  126112
  123942
  122182
  121343
  119687
  117967
  116447
  115040
  113942
  112170
  111135
  110073
  108548
  107537
  107743
  108624
  110259
  111045
  110376
  110896
  112858
  116532
  116036
  110673
  103701
   98510
   95816
   93849
   92979
   91803
   92864
   96465
  109131
  127766
  142320
  142210
  129075
  130795
  233140
  613483
 1415784
 2401339
 2915504
 2528563
 1566735
  701861
  257565
  119530
   90295
   85035
   81220
   79162
   77474
   77469
   77024
   76799
   77439
   79790
   85485
   91613
   96314
   93117
   86574
   80808
   77431
   76635
   76813
   76454
   76633
   76037
   75730
   74212
   74267
   74338
   74336
   74359
   73966
   73294
   72755
   72821
   73427
   73280
   72930
   73063
   71853
   71874
   79795
  123224
  275695
  623018
 1120832
 1497473
 1473569
 1063770
  563493
  238088
  104960
   71169
   64851
   63118
   62915
   62097
   62073
   61594
   61443
   60471
   60609
   60127
   59649
   59627
   58961
   58553
   58621
   58922
   60236
   61479
   63189
   64679
   65813
   67068
   68589
   68822
   67907
   65587
   62310
   59824
   58151
   56959
   57110
   57446
   58711
   59890
   59807
   58995
   58171
   59388
   68323
   90583
  128577
  166025
  184099
  177105
  214078
  572109
 1970806
 5401079
10868279
16072021
17582380
14171759
 8286795
 3450090
 1007551
  215661
   52008
   28702
   25076
   22782
   21212
   20157
   20239
   20686
   21007
   20339
   19931
   19463
   22025
   34426
   66536
  123334
  184310
  212767
  187016
  125414
   66885
   32467
   20129
   18140
   20426
   25056
   30014
   31801
   29547
   26087
   26740
   45188
   98342
  190822
  292154
  343201
  307327
  211349
  136274
  170871
  392263
  813476
 1296255
 1561703
 1419437
  956263
  473771
  170661
   47855
   15332
    9803
    9059
    8809
    8729
    8407
    8307
    8087
    8028
    7738
    7582
    7259
    7352
    7203
    7235
    7771
    9085
   11564
   14293
   15885
   15539
   13419
   11520
   11668
   14487
   17522
   19049
   17351
   13849
   10601
    9909
   12699
   20469
   30747
   39874
   41562
   34062
   22481
   13150
    8173
    6637
    6021
    6082
    6116
    6287
    6401
    6254
    6237
    6056
    6208
    6427
    6981
    7517
    7873
    7741
    6997
    6487
    5953
    5641
    5686
    5804
    6516
    8184
   10795
   13393
   14726
   13912
   11560
    9840
    9680
   10634
   12274
   12342
   11262
    9530
    7840
    6752
    6179
    6105
    6733
    8543
   12708
   18367
   23599
   25078
   21952
   16083
   10819
    7618
    6023
    5449
    5230
    5209
    5173
    5780
    7465
   10595
   15080
   18710
   19859
   17569
   12967
    9013
    6897
    5935
    5953
    5746
    5670
    5541
    5427
    5346
    5322
    5378
    5397
    5604
    5540
    5742
    5586
    5936
    6026
    6496
    6975
    7271
    7329
    6979
    6426
    6061
    5997
    5937
    5697
    5719
    5817
    5686
    5922
    5597
    5375
    5080
    4707
    4939
    4726
    4619
    4617
    4636
    4763
    5084
    5295
    5682
    6167
    6248
    6286
    6145
    5834
    6186
    6814
    7532
    8364
    8704
    8639
    8188
    7896
    7631
    7464
    6680
    6147
    5480
    5609
    5975
    7327
    9384
   11602
   13438
   13232
   11535
    9266
    7546
    7376
    8150
   10295
   11922
   12788
   12562
   11051
    9368
    7958
    6795
    6179
    5862
    5769
    6100
    6701
    7420
    7669
    7252
    6389
    5176
    4208
    3959
    3741
    3557
    3468
    3315
    3172
    3104
    3344
    3711
    4317
    4970
    6199
    7107
    8179
    9245
    9633
    9393
    7929
    6494
    5245
    4670
    4860
    5289
    5709
    6145
    6305
    5922
    5491
    4936
    4307
    3671
    3328
    3144
    3407
    3848
    4701
    5187
    5455
    5092
    4506
    3939
    3710
    3646
    3494
    3232
    2902
    2647
    2439
    2250
    2159
    2064
    2032
    2026
    1991
    2006
    1962
    1850
    1975
    2083
    2100
    2247
    2265
    2573
    2690
    2749
    2843
    2677
    2599
    2497
    2488
    2437
    2296
    2236
    2045
    1997
    2023
    2011
    1993
    2030
    1969
    1924
    1949
    1854
    1788
    1797
    1684
    1810
    1792
    1815
    1850
    1752
    1849
    1812
    1918
    1972
    2199
    2400
    2553
    2392
    2203
    2137
    2097
    2046
    2025
    1965
    2021
    2030
    2122
    2307
    2661
    2859
    2880
    2681
    2464
    2035
    1788
    1627
    1423
    1413
    1458
    1468
    1565
    1633
    1590
    1626
    1649
    1667
    1632
    1602
    1677
    1766
    1805
    1981
    1960
    1966
    1775
    1682
    1540
    1505
    1571
    1414
    1530
    1529
    1545
    1604
    1674
    1809
    2386
    3327
    4969
    6811
    8366
    9294
    8813
    7030
    4801
    3111
    2215
    1874
    1871
    1870
    2151
    2674
    3399
    4536
    5511
    5979
    5784
    5064
    3917
    2803
    2007
    1643
    1403
    1524
    1589
    1700
    1778
    1852
    1816
    1710
    1506
    1515
    1496
    1360
    1453
    1377
    1404
    1468
    1432
    1434
    1447
    1431
    1452
    1515
    1504
    1584
    1566
    1651
    1761
    1741
    1731
    1805
    1869
    2119
    2462
    2712
    2976
    2988
    2941
    2701
    2683
    2650
    2671
    2919
    2910
    2668
    2241
    1778
    1331
    1002
     821
     746
     764
     768
     721
     724
     721
     716
     780
     775
     784
     768
     797
     813
     787
     780
     753
     719
     789
     772
     736
     754
     701
     755
     700
     709
     757
     745
     796
     896
    1107
    1534
    2206
    3307
    4228
    5178
    5429
    5102
    4278
    3046
    2096
    1394
    1171
     967
     950
     847
     743
     677
     574
     570
     539
     519
     532
     532
     509
     483
     586
     578
     539
     534
     595
     587
     529
     563
     588
     558
     658
     749
     864
    1084
    1356
    1609
    1703
    1574
    1295
    1139
     983
     984
    1049
    1146
    1201
    1086
     969
     763
     614
     586
     586
     551
     536
     593
     671
     663
     733
     787
     711
     641
     614
     559
     548
     550
     497
     509
     519
     470
     494
     516
     530
     524
     505
     469
     543
     523
     474
     509
     532
     516
     501
     501
     528
     520
     498
     488
     494
     519
     542
     525
     541
     531
     498
     504
     534
     534
     600
     690
     696
     766
     798
     740
     755
     638
     624
     580
     552
     573
     567
     553
     632
     627
     617
     666
     590
     580
     509
     510
     508
     498
     508
     484
     480
     484
     429
     488
     506
     447
     466
     531
     482
     502
     495
     495
     467
     501
     481
     458
     524
     550
     531
     536
     581
     618
     657
     681
     655
     569
     571
     552
     561
     472
     555
     545
     543
     585
     509
     475
     514
     512
     505
     499
     502
     528
     495
     540
     560
     545
     563
     554
     559
     576
     532
     514
     518
     507
     480
     495
     488
     498
     466
     483
     456
     500
     485
     443
     468
     465
     468
     495
     476
     467
     452
     467
     490
     508
     440
     470
     501
     464
     464
     497
     461
     446
     481
     466
     466
     479
     462
     482
     485
     487
     490
     460
     447
     453
     466
     441
     467
     494
     489
     464
     452
     418
     504
     428
     440
     476
     449
     406
     406
     404
     410
     451
     418
     427
     426
     414
     421
     394
     411
     405
     383
     412
     400
     409
     435
     423
     493
     494
     490
     505
     466
     438
     380
     407
     372
     359
     381
     373
     379
     390
     374
     358
     385
     389
     364
     330
     350
     352
     380
     378
     427
     427
     424
     440
     468
     456
     424
     411
     374
     378
     361
     377
     367
     379
     356
     363
     365
     331
     330
     358
     332
     351
     320
     353
     350
     402
     383
     386
     376
     402
     446
     393
     427
     459
     471
     532
     570
     562
     600
     598
     605
     549
     495
     430
     421
     394
     391
     367
     342
     346
     329
     332
     345
     391
     362
     389
     393
     338
     335
     367
     302
     324
     292
     332
     294
     317
     350
     340
     382
     348
     301
     331
     337
     371
     325
     322
     327
     314
     331
     332
     322
     380
     295
     346
     330
     342
     330
     331
     333
     354
     335
     310
     308
     313
     326
     322
     323
     324
     312
     302
     315
     326
     353
     383
     377
     375
     335
     360
     308
     329
     312
     313
     275
     299
     315
     303
     294
     289
     300
     299
     337
     314
     297
     296
     321
     316
     275
     290
     286
     310
     265
     272
     323
     293
     307
     321
     289
     285
     260
     309
     298
     315
     273
     284
     326
     315
     294
     284
     310
     314
     273
     281
     286
     262
     291
     285
     296
     272
     302
     287
     311
     288
     287
     279
     282
     276
     296
     308
     316
     318
     294
     287
     305
     252
     256
     279
     297
     316
     263
     267
     282
     287
     324
     280
     290
     287
     315
     355
     299
     319
     285
     308
     285
     282
     267
     306
     316
     294
     279
     268
     301
     283
     275
     268
     247
     267
     273
     293
     285
     271
     280
     315
     294
     337
     294
     334
     295
     281
     321
     294
     307
     304
     296
     291
     270
     267
     259
     250
     243
     284
     257
     263
     297
     235
     258
     281
     238
     240
     251
     237
     257
     274
     269
     266
     269
     249
     258
     273
     260
     227
     268
     256
     280
     270
     261
     263
     287
     271
     261
     284
     269
     276
     284
     272
     270
     304
     288
     275
     262
     276
     237
     262
     268
     285
     253
     276
     296
     323
     343
     398
     540
     660
     916
    1129
    1410
    1737
    1887
    1866
    1688
    1313
    1014
     702
     480
     401
     317
     274
     274
     263
     285
     249
     291
     238
     241
     262
     232
     249
     259
     257
     257
     238
     240
     230
     283
     258
     231
     266
     253
     249
     232
     273
     289
     254
     274
     228
     222
     236
     243
     231
     256
     273
     241
     215
     212
     241
     264
     231
     223
     247
     224
     251
     260
     250
     235
     271
     254
     222
     243
     230
     264
     249
     276
     227
     222
     220
     240
     244
     241
     218
     236
     228
     220
     234
     264
     237
     219
     223
     216
     237
     230
     222
     224
     239
     236
     240
     211
     213
     240
     240
     235
     210
     213
     207
     224
     218
     230
     220
     215
     245
     228
     232
     227
     224
     228
     207
     209
     204
     240
     229
     248
     253
     246
     219
     239
     223
     267
     257
     254
     297
     345
     507
     700
     999
    1421
    1948
    2712
    3741
    4571
    5277
    5844
    5773
    5056
    3872
    2723
    1718
    1076
     641
     457
     377
     305
     276
     300
     260
     294
     248
     249
     235
     213
     199
     215
     231
     221
     225
     229
     203
     212
     226
     231
     202
     229
     218
     229
     213
     274
     216
     236
     213
     203
     204
     225
     209
     225
     224
     215
     200
     220
     210
     198
     230
     223
     205
     203
     210
     239
     238
     216
     230
     233
     229
     198
     212
     200
     216
     218
     205
     192
     192
     181
     201
     211
     201
     228
     220
     216
     228
     218
     225
     226
     228
     227
     215
     210
     211
     198
     214
     203
     240
     216
     193
     238
     232
     214
     209
     240
     216
     215
     224
     201
     233
     215
     232
     230
     215
     241
     243
     235
     253
     245
     226
     228
     253
     237
     204
     194
     234
     210
     189
     210
     213
     207
     205
     225
     197
     226
     207
     188
     182
     240
     214
     190
     209
     195
     199
     203
     201
     173
     209
     205
     183
     214
     201
     215
     201
     208
     210
     216
     204
     201
     221
     205
     220
     235
     236
     237
     240
     242
     240
     221
     211
     225
     207
     224
     211
     213
     209
     212
     200
     193
     213
     211
     215
     201
     193
     187
     190
     184
     195
     196
     191
     192
     205
     198
     187
     193
     202
     197
     191
     214
     186
     185
     193
     180
     196
     214
     185
     219
     201
     206
     212
     233
     225
     240
     265
     263
     282
     276
     254
     231
     202
     206
     214
     171
     201
     182
     207
     187
     164
     194
     203
     189
     188
     181
     191
     196
     188
     199
     207
     176
     208
     198
     204
     192
     178
     198
     196
     228
     218
     219
     207
     221
     217
     211
     190
     198
     196
     200
     199
     173
     197
     175
     174
     162
     187
     185
     202
     249
     269
     292
     340
     389
     437
     451
     493
     551
     546
     546
     500
     455
     367
     360
     288
     266
     238
     226
     225
     214
     188
     214
     192
     194
     217
     181
     215
     189
     164
     170
     181
     181
     173
     201
     162
     182
     186
     212
     188
     208
     200
     179
     176
     165
     182
     173
     179
     211
     200
     197
     192
     204
     192
     214
     237
     228
     260
     239
     213
     216
     204
     197
     180
     167
     172
     170
     184
     166
     180
     179
     178
     171
     167
     166
     194
     181
     182
     195
     186
     177
     201
     181
     187
     170
     177
     196
     166
     179
     185
     194
     167
     174
     182
     166
     169
     173
     171
     187
     166
     187
     183
     217
     200
     176
     198
     198
     205
     216
     193
     198
     192
     169
     172
     175
     186
     187
     162
     150
     178
     150
     181
     188
     160
     176
     158
     169
     162
     165
     196
     175
     202
     219
     186
     202
     158
     187
     142
     121
     165
     171
     168
     161
     174
     171
     162
     182
     170
     168
     180
     162
     146
     164
     178
     169
     157
     164
     155
     163
     182
     200
     174
     170
     184
     189
     203
     249
     252
     234
     280
     323
     338
     368
     378
     367
     332
     322
     302
     235
     206
     184
     183
     178
     156
     158
     195
     155
     149
     193
     176
     171
     169
     170
     200
     168
     155
     156
     159
     159
     133
     188
     156
     185
     134
     192
     148
     160
     155
     154
     149
     168
     188
     150
     166
     155
     168
     163
     161
     161
     161
     149
     156
     163
     147
     169
     165
     165
     184
     134
     165
     142
     142
     157
     122
     171
     147
     145
     156
     152
     158
     136
     155
     142
     152
     157
     169
     152
     159
     159
     152
     150
     136
     158
     145
     143
     160
     140
     142
     170
     169
     168
     131
     136
     158
     146
     171
     136
     135
     143
     149
     150
     143
     163
     131
     165
     149
     148
     126
     142
     133
     137
     165
     142
     144
     141
     133
     143
     140
     129
     155
     161
     147
     160
     185
     146
     167
     164
     157
     172
     171
     166
     156
     146
     144
     159
     149
     154
     143
     160
     127
     139
     152
     151
     151
     139
     142
     149
     140
     153
     123
     143
     131
     142
     144
     148
     148
     143
     131
     124
     143
     143
     147
     137
     159
     138
     139
     145
     166
     173
     148
     173
     168
     156
     151
     146
     148
     148
     132
     142
     120
     129
     135
     139
     134
     131
     128
     136
     136
     130
     136
     133
     148
     125
     153
     134
     138
     130
     148
     147
     154
     145
     162
     130
     148
     136
     153
     145
     123
     132
     142
     135
     116
     135
     133
     134
     120
     142
     163
     133
     144
     140
     131
     129
     142
     145
     119
     126
     144
     129
     141
     129
     146
     151
     139
     155
     139
     129
     149
     144
     170
     149
     140
     148
     144
     130
     112
     130
     150
     119
     146
     129
     130
     158
     125
     143
     161
     140
     162
     194
     177
     165
     205
     178
     164
     156
     130
     133
     117
     143
     156
     152
     136
     122
     126
     137
     122
     147
     121
     127
     119
     142
     125
     126
     160
     106
     133
     156
     132
     135
     164
     150
     144
     143
     142
     135
     110
     124
     118
     121
     107
     133
     136
     116
     109
     120
     111
     113
     134
     106
     145
     109
     121
     135
     107
     113
     111
     114
     133
     124
     110
     103
     120
     116
     114
     115
     122
     121
     113
     112
     105
     124
     123
     124
     123
     124
     114
     113
     118
     135
     111
     101
     107
     125
     107
     113
     112
     114
     120
     114
     116
     121
     115
     117
     120
     112
     114
     107
     118
     112
     109
     144
     126
     114
     131
     113
     112
     101
     108
     107
     118
     128
     107
     100
     117
     104
     122
     109
     120
      99
     128
     123
     145
     117
     112
      95
     113
     106
     125
     112
     106
     124
      97
     118
     102
     124
     126
     132
     117
     106
     121
      93
     109
     111
     108
      90
     121
      99
     115
     104
     126
     106
     119
     116
     115
     121
     131
     128
     145
     163
     153
     179
     203
     245
     285
     322
     412
     409
     476
     494
     524
     529
     456
     384
     339
     265
     205
     154
     153
     123
     121
     110
     109
     116
     117
     113
     112
     111
     120
     117
     121
     120
     105
     111
     107
     106
     101
     110
      93
     107
      96
     117
      91
     114
     108
     100
      91
     125
     109
      93
      92
     109
     104
     114
     103
     102
     104
     111
      90
     111
      96
     108
      88
      86
     104
     108
      95
     106
     103
     106
      97
     107
      95
     111
      89
     113
     102
     107
      95
      81
     104
      94
      90
     111
      95
     110
      93
     103
     104
     101
     103
     107
      91
     118
     102
     105
      74
      97
     104
      85
      81
     109
      93
      95
      91
      90
     107
      99
     121
     103
      76
      76
      85
     114
     111
     105
      90
     106
     103
     106
     102
      90
     108
      86
      77
      85
      81
     115
      98
      81
     104
     106
      88
     113
     111
     106
      94
      87
      99
      81
     111
      99
      91
     102
      89
      87
      85
     108
     100
      84
     102
      87
      96
     105
     108
     110
      97
      99
     107
      96
     106
      81
      92
     117
     103
      95
      98
     104
      83
      92
      76
      99
      89
      84
     100
      87
      78
      96
      85
      95
     109
      90
     104
     107
      74
      85
      89
      99
      68
      75
     101
      84
      98
      80
      81
      93
     117
      83
      82
      82
      78
      87
      86
      80
      85
      82
      82
      86
      79
     115
      88
      90
      72
      64
      88
      70
      82
      90
      98
      90
      77
      82
      75
      81
      94
      91
     109
      76
      72
      75
      83
     101
      76
      88
      84
      78
      76
      86
      70
      73
      86
      73
      82
      84
      78
      82
      89
      86
      90
      83
      84
      90
     100
      71
      82
      88
      97
      72
      79
      88
      82
      64
      95
      80
      99
      72
      67
      94
      77
      83
      76
      79
      82
      81
      90
      83
      80
      92
      75
      80
      85
      85
      81
      90
      91
      84
      82
      93
      86
      73
      89
      78
     102
      70
      98
      86
      92
     108
      95
     105
     116
     135
     142
     160
     177
     198
     243
     232
     263
     277
     296
     285
     285
     238
     221
     207
     167
     135
     117
     113
     100
      96
      78
      93
      83
      65
      90
      91
      71
      83
      76
      97
      69
      78
      78
      97
      89
      84
      69
      75
      84
      75
      78
      94
      89
      72
      80
      92
      82
      81
      75
      80
      79
      72
      76
      79
      72
      67
      68
      69
      67
      83
      71
      78
      84
      74
      68
      66
      71
      68
      83
      64
      75
      66
      91
      66
      68
      59
     101
      73
      69
      67
      77
      78
      76
      82
      78
      65
      78
      71
      87
      79
      99
      85
      89
      77
      82
      91
      93
      82
      73
      88
      94
      70
      74
      78
      69
      64
      77
      58
      73
      53
      68
      56
      70
      73
      78
      72
      76
      54
      73
      65
      78
      72
      52
      65
      71
      72
      66
      81
      70
      61
      74
      72
      64
      73
      66
      71
      78
      64
      62
      64
      72
      68
      65
      86
      61
      64
      71
      79
      62
      63
      60
      74
      77
      78
      56
      61
      56
      71
      67
      67
      70
      65
      96
      71
      55
      72
      73
      58
      67
      61
      57
      91
      73
      66
      62
      72
      68
      61
      71
      59
      75
      59
      73
      72
      68
      68
      78
      56
      72
      82
      56
      69
      71
      69
      48
      65
      64
      79
      62
      74
      73
      46
      75
      74
      56
      80
      46
      65
      62
      59
      66
      61
      66
      53
      63
      64
      70
      57
      58
      67
      68
      62
      74
      67
      56
      72
      74
      69
      59
      74
      74
      68
      58
      58
      74
      75
      68
      70
      53
      64
      66
      53
      75
      62
      51
      52
      69
      55
      59
      53
      56
      61
      57
      66
      45
      59
      58
      63
      73
      72
      58
      43
      71
      53
      54
      57
      55
      57
      70
      55
      61
      56
      45
      55
      57
      54
      64
      55
      61
      58
      58
      49
      39
      64
      62
      65
      48
      67
      50
      53
      66
      62
      67
      69
      77
      78
      64
      89
      79
     106
     118
     122
     118
     134
     103
     130
     140
     107
     119
     115
     108
      98
      94
      74
      71
      56
      70
      60
      57
      60
      61
      60
      48
      61
      57
      57
      53
      49
      53
      49
      53
      60
      64
      50
      44
      55
      51
      46
      59
      65
      46
      80
      40
      53
      60
      52
      71
      54
      55
      50
      64
      50
      49
      42
      50
      62
      61
      56
      61
      56
      38
      52
      39
      55
      47
      49
      49
      43
      39
      54
      57
      45
      48
      58
      54
      48
      49
      50
      50
      50
      30
      59
      52
      54
      48
      51
      44
      51
      57
      53
      45
      45
      43
      60
      43
      62
      41
      45
      67
      47
      54
      49
      49
      54
      50
      50
      56
      71
      56
      49
      68
      73
      61
      61
      66
      57
      70
      57
      52
      61
      52
      46
      50
      41
      46
      50
      47
      46
      45
      46
      56
      57
      52
      45
      62
      47
      51
      35
      44
      49
      44
      39
      41
      42
      46
      51
      48
      64
      46
      46
      43
      57
      55
      43
      44
      38
      48
      46
      48
      33
      53
      39
      49
      40
      45
      40
      44
      42
      39
      41
      53
      55
      56
      44
      49
      44
      52
      51
      47
      40
      57
      41
      49
      39
      45
      52
      44
      49
      53
      36
      40
      55
      46
      45
      40
      43
      37
      43
      47
      48
      45
      57
      40
      53
      55
      45
      49
      41
      44
      35
      39
      51
      54
      44
      49
      48
      44
      41
      47
      32
      49
      48
      52
      55
      44
      44
      41
      41
      33
      38
      44
      44
      43
      44
      38
      44
      38
      34
      41
      52
      56
      39
      45
      36
      43
      42
      39
      47
      41
      49
      44
      32
      42
      46
      41
      36
      38
      39
      45
      38
      52
      30
      44
      31
      51
      42
      42
      37
      48
      35
      40
      36
      47
      46
      36
      41
      50
      52
      40
      53
      36
      36
      32
      37
      39
      46
      44
      31
      29
      39
      34
      49
      43
      38
      31
      40
      42
      36
      27
      38
      33
      48
      40
      57
      40
      29
      53
      32
      41
      38
      32
      44
      22
      45
      42
      30
      51
      38
      26
      44
      33
      39
      37
      32
      42
      28
      36
      36
      31
      39
      35
      44
      37
      35
      39
      42
      47
      46
      45
      38
      54
      45
      37
      52
      37
      46
      50
      43
      54
      70
      52
      66
      73
      76
      58
      91
      80
      81
      93
      77
      61
      66
      55
      43
      51
      41
      40
      43
      34
      37
      41
      40
      35
      36
      40
      54
      58
      70
      42
      39
      41
      36
      31
      39
      41
      32
      38
      31
      36
      29
      49
      39
      25
      38
      41
      42
      26
      48
      43
      42
      38
      42
      30
      43
      39
      38
      37
      32
      35
      40
      39
      52
      51
      52
      31
      52
      47
      57
      49
      35
      43
      43
      46
      41
      50
      39
      24
      57
      57
      47
      57
      49
      66
      57
      62
      60
      59
      61
      51
      37
      44
      34
      41
      29
      36
      36
      34
      35
      30
      24
      22
      28
      43
      32
      31
      31
      35
      36
      35
      36
      30
      45
      26
      31
      36
      35
      34
      40
      29
      28
      27
      24
      40
      26
      35
      34
      34
      33
      25
      32
      50
      29
      38
      44
      26
      40
      21
      29
      31
      33
      37
      36
      30
      36
      33
      32
      35
      28
      31
      37
      27
      30
      30
      30
      32
      30
      33
      27
      40
      33
      22
      37
      32
      27
      40
      25
      25
      19
      33
      23
      19
      29
      30
      30
      33
      26
      16
      24
      36
      18
      26
      33
      40
      34
      29
      31
      32
      29
      33
      35
      27
      27
      29
      26
      27
      26
      28
      36
      27
      29
      31
      24
      35
      31
      38
      38
      43
      37
      34
      29
      36
      39
      55
      37
      41
      39
      47
      40
      32
      46
      49
      37
      33
      41
      23
      32
      28
      21
      24
      31
      37
      27
      31
      26
      16
      32
      32
      34
      28
      30
      21
      24
      20
      33
      32
      28
      24
      27
      27
      15
      22
      36
      34
      29
      22
      27
      32
      28
      28
      33
      32
      23
      27
      23
      43
      20
      28
      28
      28
      37
      23
      27
      23
      28
      28
      24
      24
      32
      25
      22
      23
      29
      35
      17
      26
      26
      36
      25
      26
      25
      22
      23
      22
      26
      31
      25
      25
      26
      29
      28
      27
      29
      31
      26
      27
      28
      27
      32
      26
      32
      26
      27
      19
      15
      26
      24
      29
      17
      29
      22
      27
      26
      33
      23
      32
      26
      32
      26
      38
      40
      30
      34
      31
      50
      48
      37
      35
      54
      48
      33
      60
      48
      54
      27
      32
      30
      21
      27
      30
      19
      34
      21
      20
      43
      23
      24
      26
      23
      26
      21
      22
      24
      21
      23
      16
      22
      35
      23
      22
      23
      21
      27
      27
      27
      34
      20
      29
      27
      31
      17
      24
      29
      23
      29
      27
      22
      31
      18
      19
      30
      26
      26
      35
      21
      17
      33
      22
      21
      25
      20
      35
      21
      22
      21
      26
      25
      28
      22
      33
      21
      26
      25
      27
      22
      20
      22
      19
      27
      25
      26
      23
      20
      30
      22
      23
      19
      24
      20
      12
      22
      20
      26
      25
      22
      32
      18
      17
      20
      15
      24
      18
      24
      20
      24
      20
      14
      19
      18
      25
      20
      29
      21
      24
      24
      16
      30
      14
      21
      21
      17
      18
      19
      20
      15
      15
      14
      28
      13
      21
      15
      25
      19
      19
      22
      18
      28
      31
      22
      21
      18
      20
      27
      14
      13
      19
      17
      19
      16
      17
       9
      18
      22
      21
      23
      19
      18
      20
      14
      19
      19
      18
      12
      18
      24
      14
      19
      20
      14
      19
      13
      20
      19
      18
      21
      18
      16
      26
      24
      18
      17
      15
      25
      22
      19
      31
      19
      14
      17
      25
      22
      27
      22
       7
      19
      15
      17
      23
      26
      25
      17
      24
      21
      27
      21
      30
      25
      41
      28
      45
      28
      43
      53
      59
      58
      51
      49
      62
      52
      74
      51
      58
      52
      46
      54
      28
      39
      27
      20
      22
      35
      15
      23
      18
      18
      22
      20
      16
      13
      21
      14
      12
      19
      14
      10
      17
      21
      19
      13
      14
      14
      19
      15
      22
       9
      18
      20
      11
      18
      15
      16
      15
      12
       9
      14
      21
      12
      17
      18
      16
      12
      11
      13
      15
      16
      15
      15
      14
      13
      13
      13
       6
      17
      15
      13
      11
      14
      14
      22
       9
      22
       9
      14
      16
      16
      10
      16
      17
      12
      11
      14
       8
      12
      12
      18
       8
      11
      11
      16
       5
      12
      13
      10
       9
      11
      10
      20
      13
      14
      15
      11
      12
      16
      10
      11
      12
      10
      17
       9
      15
       6
      11
      14
      15
      11
      18
      12
      13
      13
       4
      16
      16
      13
      16
       9
      10
      12
       4
      18
      14
      11
      12
       8
       8
       8
       8
      10
      10
      13
      14
      11
      12
      16
      13
      21
      12
      10
      11
      18
      18
      21
      10
      13
      17
      20
      21
      15
      26
      27
      27
      13
      14
      20
      18
      30
      14
      16
      16
       8
      18
      11
      17
       9
      10
       8
      14
      14
      10
       7
      14
       6
      15
       9
      12
       8
      13
      11
       7
      11
      11
       9
       8
      14
      17
       8
      10
       6
      16
      12
      10
      10
      15
      12
      10
      13
       8
      10
      10
      19
      15
      12
      15
       7
       7
      17
      13
      16
      18
      11
       6
      10
      14
      11
      10
      15
       8
       8
      16
      16
      15
      14
       9
       8
      13
      13
      17
       8
      15
      21
      12
       9
      12
      11
      13
      22
       9
       9
       7
      13
      10
      15
       7
      12
      12
      10
      10
      11
       5
       8
      13
      10
      11
      13
      10
       8
      13
       9
      12
      10
       7
       8
      16
       5
       9
      10
      12
      10
      14
      12
       9
      10
       9
       5
       9
       9
      13
      14
       8
       9
      13
       9
       6
      11
      10
       9
       9
      14
      15
      10
      12
      18
      13
       8
      13
       4
       9
       8
       8
       4
       7
      10
      11
       9
      10
       9
      16
      16
      12
      13
      14
      17
      17
      18
      16
      13
      34
      18
      26
      24
      28
      24
      31
      25
      28
      31
      25
      35
      33
      33
      15
      10
      17
      20
      13
      14
       8
      14
      12
       8
       6
      10
      14
      15
      12
      15
      10
      21
       9
      13
      14
      15
      13
      10
       5
       7
      12
      10
       7
       8
       8
      13
      13
      11
      10
       7
       7
       4
       9
       7
       7
      11
       8
       7
      10
       5
      13
      11
      11
       9
       8
      13
      10
      12
       7
      18
      13
       7
      16
      16
      15
      12
      11
      13
      24
      21
      22
      22
      35
      34
      37
      53
      50
      56
      65
      68
      75
      92
      99
      98
     104
      92
     105
     115
     149
     117
     123
     107
      86
      77
      55
      49
      36
      16
      22
      20
      27
      17
      10
      13
      13
       7
       8
       7
      11
       3
      13
       6
       7
       8
      11
      10
      12
       7
       9
       6
       9
      11
      12
       5
      12
       4
       9
       3
       6
       9
       9
       8
      14
      10
      10
      12
       6
       7
       8
      12
       7
       8
       7
       5
      10
      11
       3
      11
       5
      11
      10
       7
      10
      10
      10
       3
       5
       7
      16
       9
       3
       5
       9
       8
       7
       9
       9
       6
       6
      10
       6
       8
       8
       4
       7
       7
       8
       8
      12
       4
       8
       5
       3
       6
       7
       9
       8
       5
       3
      15
       9
      10
       6
       7
       5
      10
      13
       7
       6
       5
       9
       9
      10
      13
       7
       8
       6
       5
       7
      11
       9
       7
       8
      13
      10
       6
      15
       5
      11
       5
       6
       6
       6
       8
       7
       5
       9
       5
      14
       4
      10
      12
       3
       6
       8
       9
       6
      10
       6
       5
      12
      13
       7
      10
      12
      10
      12
       7
       8
      12
      12
      11
      10
       9
      14
       9
       6
      12
      11
       8
       8
      13
      13
       7
       6
       8
       8
       9
      11
      10
      13
       8
       4
      13
       8
       4
      14
      10
      13
      12
       8
      12
      15
      10
      13
      18
      10
      20
      23
      15
      20
      11
      21
      21
      21
      18
      21
      23
      30
      26
      19
      16
       7
      10
      13
      15
       9
      10
       9
      10
      10
      10
       6
       6
      13
       8
      11
       7
      10
       6
       6
       8
       7
       8
      11
       5
       9
       8
       6
       3
       4
       6
       8
       7
       9
       8
       8
       4
      11
      10
       9
       7
       4
      14
      13
       9
       4
       8
      10
       9
       9
      14
       8
      11
       7
      11
       8
       6
      11
      12
      12
       3
      13
      10
      11
      10
       5
       6
      13
      10
       6
      11
       6
       8
      15
       7
       9
       9
       9
       8
       9
      15
       9
       5
       9
       3
      10
       5
       6
      11
      12
       7
       7
       5
       6
       6
       6
       8
      10
       4
       6
       6
      12
       5
       6
      10
       5
      12
      10
       3
       5
       8
       9
       6
       8
       9
      14
       7
       7
      14
       6
       8
       5
       8
      12
       6
       4
       8
       8
       8
       2
       4
       4
       2
       7
       8
       4
       5
       9
       5
       4
      10
       5
       3
       5
       5
       5
      11
      12
      12
       8
       6
      10
      10
       8
       7
       9
       8
       7
       7
       8
      12
      10
       6
       4
       5
      10
       6
       5
       9
       6
       7
       4
       8
       6
       6
       6
       2
       5
       5
       6
       7
      10
      13
       9
       9
       5
      11
       7
       9
       2
       9
       7
       8
      11
       9
       7
       9
       8
      13
       5
       7
       3
       5
       6
       8
       8
       9
       6
       1
       6
       8
       8
       7
       6
       7
      10
       8
      10
       8
       8
       4
       3
       5
      11
       7
       8
      13
      11
      10
      12
       9
       6
       6
       9
       7
       9
       7
       6
       6
       8
       6
       6
       7
       5
       4
       9
      10
       6
       9
       5
      10
       9
       4
      11
       7
       8
       6
       7
       8
       9
      10
      12
       7
      11
       6
       4
       3
       9
       9
       8
       7
       7
       4
       8
      11
       5
       3
       4
       2
       4
       9
       8
       4
       8
       6
       7
      11
       3
       3
       8
      12
      11
       3
       6
       9
       3
       6
       5
       5
       9
       9
       6
       3
       3
       5
       6
      13
       5
       8
       9
       7
       3
       6
       9
       5
       4
       8
       3
       5
       5
       5
       8
       5
       6
       5
       6
       2
       3
       5
       5
       3
       4
       4
       3
       7
      11
       4
       7
       4
       4
       9
      10
       7
       6
       7
       4
      10
       3
       3
       5
       7
       6
       7
       6
       3
       4
       3
       5
       8
       5
       8
       5
       6
       5
       6
       6
       6
       5
       4
       6
       6
       7
       1
       3
       9
       1
       7
       7
       5
      10
       3
       7
       1
      10
       4
       3
       7
       6
       7
       6
       7
       6
       3
       3
       3
       6
       4
       7
       5
       6
       5
       4
       7
       8
       4
       6
       5
      11
       9
       7
       6
       1
      10
       7
       3
       7
       6
       5
       8
       8
       5
       4
       6
       3
       4
       7
       8
       6
       8
       5
       5
       7
       6
       2
      12
       4
       3
       4
       4
       4
       4
       5
       3
       5
       4
       5
      11
       3
       3
       2
       6
       3
       2
       5
      10
       3
       5
       8
       4
       3
       4
       3
       3
       4
       5
       6
       6
       2
       4
       5
       2
       4
       3
       5
       1
       6
       7
       7
       5
       2
       3
       5
      10
       5
       7
       4
      10
       4
       3
       7
       8
       4
       4
       2
       7
       4
       4
       4
       8
       3
       5
       2
       5
       6
       7
       5
       4
       1
       4
       4
       6
       7
       7
       6
       8
       6
       8
       8
       5
       8
       3
       1
       6
       4
       3
       2
       5
       1
       2
       8
       4
       4
       4
       4
       5
       4
       4
       6
       3
       8
       9
       3
       5
       4
       8
       3
       3
       9
       4
       3
       3
       4
       5
       4
       6
       5
       8
      12
       4
       4
       7
       3
       3
       3
       6
       7
       6
       3
       5
       1
       2
       5
       5
       4
       4
       8
       6
       6
       6
       6
       6
       4
       4
       1
       6
       5
       6
       8
       5
       8
       4
       5
       2
       8
       3
       8
       4
       4
       3
       2
       5
       3
       4
       5
       6
       6
       7
       7
       0
       8
       6
       6
       3
       5
       6
       3
       5
       4
       4
       7
       4
       0
       2
       6
       2
       8
       7
       4
       5
       2
       5
       5
       5
       5
       7
       8
       9
       6
       4
       5
      12
       6
       5
       4
       6
       6
       5
       4
       3
       4
       6
       2
       4
       4
       4
       5
       1
       5
       2
       6
      13
       8
       9
       7
       5
       4
       7
      10
       7
      11
      10
       7
      10
      10
      11
      12
      12
       9
      11
       8
      13
      13
       4
      10
       9
       5
       6
       8
       3
       4
       5
       4
       4
       6
       3
       2
       5
       3
       3
       6
       5
       5
       9
       4
       2
       5
       2
       2
       4
       4
       5
       2
       5
       5
       4
       2
       5
       7
       6
      11
       3
       1
       6
       6
       8
       2
       4
       0
       3
       5
       2
       8
       3
       1
       1
       3
       3
       5
       3
       1
       5
       4
       4
       5
       3
       5
       4
       1
       6
       7
       3
       4
       6
       0
       6
       1
       1
       6
       2
       3
       5
       3
       5
       1
       7
       3
       5
       6
       4
       9
       6
       2
       5
       9
       8
       4
       3
       4
       7
       7
       4
       3
       5
       3
       4
       5
       6
       5
       5
       4
       4
       5
       1
       4
       1
       4
       8
       4
       2
       0
       3
       4
       4
       2
       5
       3
       5
       5
       6
       2
       6
       3
       4
       2
       2
       4
       4
       4
       2
       2
       6
       3
       4
       4
       2
       0
       5
       2
       1
       5
       3
       7
       6
       4
       7
       7
       7
       4
       2
       2
       4
       2
       6
       2
       2
       2
       5
       5
       4
       3
       3
       4
      11
       3
       5
       6
       9
       2
       5
       4
       3
       1
       4
       6
       8
       6
       9
       2
      10
       8
       4
       3
       9
       9
       9
       9
       8
       7
      11
      10
      10
      11
      16
      14
      17
      19
      19
      14
      24
      31
      27
      16
      22
      22
      35
      26
      28
      26
      25
      22
      24
      14
      16
      13
       5
      13
       5
       4
       3
       7
       4
       5
       5
      10
       6
       5
       4
       8
       6
       5
       3
       6
       4
       7
       4
       3
       5
       3
       3
       6
       1
       6
       3
       2
       2
       2
       4
       1
       8
       0
       5
       5
       4
       8
       2
       3
       3
       4
       4
       3
       6
       6
       7
       4
       2
       5
       5
       5
       4
       3
       3
       5
       4
       8
       7
       5
       4
       5
       4
       6
       4
       8
       2
       4
       2
       4
       1
       4
       4
       4
       6
       6
       4
       6
       4
       7
       5
       5
       2
       5
       6
       1
       4
       5
       2
       4
       2
       3
       3
       1
       3
       3
       4
       1
       2
       4
       3
       4
       3
       4
       6
       7
       3
       2
       4
       3
       1
       3
       3
       2
       4
       5
       1
       3
       3
       7
       5
       2
       3
       5
       2
       2
       3
       2
       2
       4
       4
       6
       8
       6
       4
       2
       3
       4
       5
       0
       3
       2
       8
       5
       6
      13
       6
       1
       2
       4
       8
       4
       3
       2
       2
       3
       0
       3
      12
       3
       8
       3
       5
       4
       4
       5
       2
       2
       8
       2
       4
       3
       5
       5
       4
       9
       5
       5
       6
       4
       3
       3
       5
       4
       4
       5
       4
       3
       2
       2
       0
       1
       4
       4
       3
       3
       2
       2
       4
       4
       3
       4
       4
       3
       5
       3
       5
       6
       4
       5
       3
       2
       2
       2
       2
       5
       5
       5
       5
       3
       4
       1
       3
       3
       1
       3
       5
       2
       1
       3
       5
       5
       1
       6
       4
       4
       3
       5
       2
       2
       1
       1
       2
       2
       8
       2
       3
       4
       6
      10
       1
       2
       3
       4
       3
       3
       2
       4
       1
       2
       3
       8
       5
       3
       5
       2
       6
       7
       2
       3
       4
       3
       6
       2
       3
       2
       5
       0
       4
       2
       8
       5
       3
       8
       2
       2
       2
       5
       2
       2
       0
       3
       4
       2
       5
       2
       3
       3
       4
       4
       1
       3
       3
       2
       3
       5
       1
       6
       3
       3
       2
       5
       4
       2
       2
       7
       3
       4
       6
       1
       4
       5
       0
       4
       3
       1
       0
       3
       2
       4
       3
       3
       3
       7
       5
       4
       2
       9
       1
       5
       4
       0
       2
       4
       3
       1
       8
       3
       7
       5
       2
       3
       1
       6
       4
       1
       6
       7
       3
       2
       1
       3
       5
       2
       4
       4
       6
       2
       2
       1
       2
       4
       4
       5
       0
       3
       1
       4
       7
       4
       5
       4
       1
       5
       2
       3
       4
       8
       3
       5
       1
       0
       4
       4
       1
       2
       7
       1
       2
       3
       5
       6
       5
       5
       4
       1
       2
       3
       2
       2
       4
       1
       3
       1
       4
       5
       1
       1
       3
       2
       1
       3
       3
       2
       2
       2
       3
       2
       4
       4
       4
       5
       2
       2
       5
       4
       2
       3
       2
       1
       1
       6
       0
       2
       1
       3
       5
       2
       2
       3
       3
       2
       5
       3
       5
       4
       5
       1
       3
       2
       3
       5
       4
       4
       4
       4
       5
       1
       4
       2
       1
       3
       3
       5
       1
       1
       4
       3
       1
       8
       4
       3
       5
       2
       0
       7
       1
       2
       6
       2
       0
       2
       5
       2
       3
       2
       0
       6
       5
       5
       2
       3
       0
       2
       3
       2
       2
       2
       0
       6
       5
       1
       3
       1
       1
       2
       1
       3
       6
       5
       4
       1
       1
       3
       2
       2
       1
       3
       5
       3
       0
       3
       1
       2
       5
       4
       2
       4
       4
       3
       0
       6
       0
       2
       4
       3
       3
       4
       4
       1
       4
       1
       4
       4
       3
       4
       4
       3
       2
       6
       2
       1
       1
       3
       2
       4
       3
       2
       2
       4
       6
       4
       5
       5
       3
       4
       4
       4
       0
       4
       6
       4
       7
       3
       5
       9
      12
       2
       9
       3
       6
       9
      12
       5
       5
       8
       8
       8
      13
      11
      14
       9
      11
      13
       8
      13
       4
       8
       7
      10
       6
       9
       4
       1
       2
       0
       1
       6
       4
       0
       5
       6
       3
       3
       5
       3
       4
       0
       1
       1
       3
       2
       3
       3
       2
       1
       3
       3
       1
       3
       4
       2
       4
       3
       1
       4
       2
       4
       3
       3
       4
       0
       4
       3
       3
       3
       3
       1
       3
       3
       2
       0
       0
       4
       4
       3
       3
       7
       6
       2
       4
       2
       0
       0
       1
       3
       4
       0
       2
       1
       5
       2
       4
       2
       2
       2
       3
       8
       1
       2
       3
       1
       4
       1
       1
       1
       1
       2
       1
       1
       5
       2
       6
       3
       2
       4
       2
       4
       1
       7
       2
       7
       3
       1
       4
       2
       1
       2
       2
       3
       3
       5
       1
       1
       1
       4
       1
       2
       2
       2
       5
       5
       1
       2
       3
       3
       2
       4
       3
       3
       4
       7
       3
       1
       4
       0
       3
       5
       5
       2
       1
       4
       3
       4
       4
       6
       3
       1
       1
       5
       5
       0
       4
       5
       3
       1
       4
       2
       1
       5
       5
       1
       3
       4
       1
       5
       3
       1
       1
       4
       1
       1
       1
       7
       3
       4
       2
       3
       3
       1
       2
       3
       1
       3
       2
       3
       5
       2
       4
       5
       3
       5
       3
       0
       1
       3
       2
       2
       2
       5
       1
       3
       1
       2
       0
       1
       5
       2
       2
       1
       1
       2
       4
       5
       1
       2
       3
       0
       3
       0
       3
       1
       5
       5
       4
       2
       0
       3
       2
       4
       3
       1
       3
       2
       1
       2
       9
       1
       2
       2
       2
       2
       5
       2
       5
       1
       5
       1
       6
       4
       1
       1
       1
       3
       6
       0
       1
       5
       4
       1
       3
       2
       1
       2
       3
       1
       1
       1
       3
       2
       1
       2
       1
       4
       5
       4
       5
       3
       4
       3
       3
       2
       3
       2
       0
       4
       2
       2
       3
       1
       2
       0
       1
       4
       6
       0
       3
       2
       2
       1
       3
       0
       2
       1
       1
       5
       2
       2
       1
       5
       3
       1
       1
       2
       3
       3
       2
       0
       0
       1
       3
       2
       2
       2
       9
       3
       2
       0
       3
       4
       2
       5
       1
       1
       1
       4
       1
       1
       2
       1
       5
       3
       1
       2
       1
       3
       1
       3
       3
       5
       1
       2
       2
       1
       5
       3
       3
       1
       3
       3
       6
       2
       1
       0
       2
       1
       1
       2
       1
       2
       2
       0
       1
       1
       1
       3
       0
       1
       2
       1
       3
       0
       2
       5
       0
       3
       3
       1
       4
       5
       7
       2
       4
       6
       5
       2
       3
       6
       4
       5
       6
       7
       7
       4
       5
       4
       3
       5
       7
      14
       8
      14
       9
       7
      13
       8
       5
       4
      10
       5
       4
       6
       3
       3
       2
       1
       4
       4
       6
       5
       4
       3
       3
       1
       4
       6
       1
       3
       3
       0
       3
       3
       2
       1
       3
       1
       3
       2
       0
       2
       5
       7
       1
       2
       2
       4
       1
       5
       3
       1
       0
       1
       1
       5
       1
       1
       5
       2
       3
       1
       4
       2
       2
       1
       9
       2
       1
       0
       1
       3
       3
       4
       5
       3
       2
       1
       1
       0
       7
       1
       2
       3
       4
       3
       5
       2
       0
       1
       3
       3
       3
       2
       2
       3
       2
       4
       0
       5
       3
       1
       3
       0
       4
       3
       1
       5
       1
       5
       2
       2
       3
       1
       0
       1
       3
       2
       0
       4
       4
       1
       3
       1
       3
       4
       1
       2
       1
       1
       5
       4
       5
       3
       3
       0
       5
       1
       0
       5
       0
       1
       4
       5
       1
       0
       6
       0
       2
       0
       2
       4
       4
       4
       4
       1
       1
       5
       2
       3
       3
       2
       2
       3
       1
       3
       2
       4
       2
       4
       6
       2
       3
       3
       1
       1
       4
       2
       2
       2
       1
       2
       2
       2
       1
       0
       2
       2
       3
       1
       2
       1
       2
       5
       3
       2
       1
       4
       2
       1
       3
       2
       2
       3
       4
       4
       2
       3
       6
       4
       3
       3
       3
       3
       2
       3
       5
       1
       2
       2
       3
       5
       4
       0
       3
       0
       1
       2
       1
       3
       3
       0
       7
       2
       3
       5
       4
       1
       1
       1
       5
       4
       4
       3
       0
       3
       1
       2
       1
       2
       1
       2
       3
       1
       3
       1
       0
       4
       6
       3
       3
       2
       1
       1
       1
       5
       1
       1
       2
       0
       1
       2
       1
       2
       1
       4
       1
       3
       0
       3
       3
       0
       1
       3
       5
       2
       2
       4
       1
       4
       1
       3
       1
       1
       0
       2
       2
       4
       1
       3
       1
       3
       5
       1
       0
       2
       4
       1
       2
       2
       1
       3
       3
       1
       3
       0
       5
       1
       1
       0
       5
       2
       2
       3
       1
       2
       5
       2
       3
       7
       2
       1
       4
       2
       2
       1
       1
       2
       2
       2
       1
       0
       0
       3
       2
       1
       3
       4
       6
       3
       2
       4
       4
       3
       2
       3
       1
       1
       5
       1
       2
       1
       4
       3
       5
       2
       4
       6
       2
       2
       0
       3
       6
       1
       2
       3
       3
       4
       3
       6
       1
       2
       4
       3
       1
       4
       1
       3
       1
       0
       3
       0
       3
       1
       2
       2
       4
       2
       4
       1
       5
       1
       2
       3
       3
       4
       0
       2
       3
       1
       0
       0
       1
       1
       2
       4
       1
       0
       1
       6
       1
       3
       2
       1
       2
       1
       1
       3
       0
       1
       1
       3
       2
       2
       2
       1
       5
       5
       3
       0
       2
       2
       3
       1
       2
       2
       2
       1
       4
       3
       5
       4
       1
       4
       4
       1
       3
       4
       1
       1
       0
       0
       1
       1
       1
       1
       0
       2
       2
       1
       4
       5
       4
       1
       1
       1
       3
       2
       0
       2
       0
       0
       0
       4
       1
       1
       3
       0
       2
       1
       4
       3
       2
       2
       2
       0
       2
       1
       2
       4
       2
       1
       1
       4
       2
       1
       3
       3
       1
       2
       1
       3
       3
       2
       1
       3
       2
       5
       2
       1
       1
       2
       0
       2
       4
       3
       2
       1
       3
       3
       2
       3
       1
       0
       4
       1
       0
       5
       4
       3
       1
       3
       2
       3
       5
       2
       1
       2
       1
       0
       1
       1
       3
       3
       1
       0
       2
       3
       0
       2
       3
       2
       3
       1
       3
       0
       3
       1
       3
       3
       2
       0
       5
       3
       4
       3
       3
       4
       2
       1
       2
       1
       0
       0
       1
       0
       3
       2
       2
       3
       1
       2
       1
       1
       5
       0
       0
       1
       2
       1
       1
       0
       2
       3
       1
       1
       2
       1
       6
       6
       2
       0
       3
       4
       3
       1
       1
       1
       0
       0
       0
       4
       2
       2
       1
       0
       2
       3
       3
       2
       2
       1
       2
       1
       2
       0
       3
       0
       0
       2
       2
       2
       1
       1
       0
       1
       2
       1
       1
       4
       3
       4
       1
       1
       2
       2
       0
       1
       2
       1
       0
       3
       3
       4
       3
       0
       1
       2
       1
       4
       3
       0
       2
       0
       2
       1
       1
       2
       2
       2
       1
       2
       2
       2
       4
       2
       3
       0
       2
       1
       2
       4
       2
       2
       1
       0
       2
       1
       1
       4
       2
       2
       2
       2
       2
       4
       2
       2
       1
       6
       2
       3
       3
       2
       0
       3
       1
       3
       2
       2
       2
       0
       0
       0
       3
       4
       1
       2
       1
       0
       1
       3
       2
       5
       3
       1
       2
       2
       3
       0
       4
       0
       1
       1
       2
       0
       4
       3
       1
       1
       7
       1
       3
       3
       1
       2
       1
       2
       2
       1
       1
       2
       2
       2
       1
       3
       3
       2
       2
       1
       2
       1
       1
       0
       5
       5
       0
       0
       1
       1
       0
       2
       2
       0
       2
       1
       0
       3
       0
       1
       1
       3
       0
       1
       2
       1
       4
       4
       0
       2
       2
       0
       2
       1
       2
       2
       2
       3
       1
       5
       1
       1
       1
       3
       1
       1
       0
       3
       1
       3
       3
       2
       4
       1
       1
       1
       1
       2
       3
       4
       1
       1
       1
       1
       3
       3
       4
       2
       1
       2
       2
       3
       2
       2
       3
       3
       3
       0
       3
       2
       0
       2
       0
       1
       0
       1
       3
       2
       1
       0
       1
       1
       1
       2
       1
       0
       0
       1
       2
       0
       3
       1
       0
       3
       6
       2
       2
       1
       4
       2
       4
       5
       5
       1
       0
       2
       2
       1
       1
       4
       2
       1
       5
       1
       3
       3
       1
       0
       2
       0
       2
       2
       3
       1
       5
       2
       1
       1
       2
       1
       2
       1
       4
       2
       0
       1
       1
       1
       1
       5
       3
       2
       2
       2
       2
       3
       3
       3
       1
       1
       2
       1
       5
       0
       0
       0
       2
       0
       2
       4
       3
       3
       0
       3
       1
       1
       3
       1
       2
       1
       4
       1
       2
       1
       1
       1
       1
       5
       2
       3
       1
       2
       4
       1
       1
       4
       0
       2
       1
       2
       4
       0
       1
       1
       1
       1
       3
       0
       1
       0
       4
       4
       1
       2
       0
       0
       2
       1
       4
       0
       1
       0
       4
       2
       5
       2
       2
       2
       3
       2
       1
       2
       1
       1
       2
       2
       0
       7
       3
       4
       4
       2
       5
       5
       1
       2
       2
       3
       4
       1
       4
       3
       0
       4
       1
       5
       1
       3
       3
       3
       4
       0
       2
       3
       2
       1
       3
       0
       4
       2
       3
       0
       4
       3
       0
       2
       4
       0
       2
       2
       1
       2
       1
       0
       2
       1
       2
       2
       4
       2
       2
       3
       1
       4
       0
       4
       0
       1
       1
       0
       2
       0
       1
       1
       0
       1
       1
       1
       2
       1
       3
       0
       1
       4
       3
       1
       2
       4
       1
       2
       1
       1
       4
       1
       0
       2
       5
       3
       1
       2
       4
       1
       1
       1
       0
       1
       1
       0
       1
       2
       1
       0
       2
       2
       1
       2
       3
       1
       0
       1
       0
       1
       2
       2
       2
       2
       0
       5
       1
       0
       1
       0
       3
       5
       1
       2
       3
       4
       1
       2
       1
       1
       3
       3
       1
       1
       1
       3
       2
       2
       2
       2
       1
       0
       0
       3
       2
       4
       2
       2
       3
       1
       1
       2
       2
       2
       4
       1
       5
       2
       1
       1
       1
       2
       1
       0
       1
       0
       1
       1
       2
       3
       1
       1
       2
       3
       1
       3
       4
       1
       1
       2
       2
       2
       3
       1
       3
       2
       4
       1
       2
       2
       4
       1
       2
       0
       3
       2
       1
       0
       4
       2
       2
       1
       2
       1
       1
       1
       0
       1
       3
       0
       3
       1
       0
       1
       1
       1
       3
       2
       3
       0
       2
       3
       3
       1
       0
       3
       1
       4
       5
       2
       1
       1
       4
       1
       3
       2
       2
       1
       1
       1
       0
       3
       1
       2
       2
       2
       1
       0
       2
       4
       1
       2
       0
       3
       0
       4
       2
       2
       1
       3
       2
       2
       1
       4
       0
       0
       2
       1
       1
       0
       3
       0
       1
       1
       2
       1
       0
       2
       4
       2
       2
       1
       2
       2
       0
       2
       2
       2
       1
       3
       6
       1
       1
       1
       3
       3
       0
       0
       4
       4
       3
       3
       3
       2
       1
       2
       3
       0
       2
       0
       0
       1
       2
       1
       1
       2
       2
       1
       6
       1
       0
       0
       2
       2
       5
       2
       0
       5
       0
       3
       0
       1
       4
       1
       0
       5
       1
       2
       1
       0
       1
       2
       1
       3
       2
       0
       0
       3
       3
       0
       2
       1
       3
       2
       0
       1
       0
       5
       2
       3
       5
       1
       0
       2
       1
       1
       3
       2
       3
       3
       3
       0
       3
       2
       2
       2
       4
       3
       0
       1
       2
       1
       1
       2
       2
       1
       1
       2
       0
       2
       0
       1
       0
       0
       0
       0
       1
       2
       0
       0
       2
       1
       1
       3
       3
       3
       1
       0
       4
       2
       2
       1
       1
       0
       0
       0
       0
       0
       0
       0
       0
       0
       0
       0
       0
       0
       0
       0
       0
       0
       0
       0
       0
       0
       0
       0
       0
       0
       0
       0
       0
       0
       0
       0
       0
       0
       0
       0
       0
       0
       0
       0
       0
       0
       0
       0
       0
       0
       0
       0
       0
       0
       0
       0
       0
       0
       0
       0
       0
       0
       0
       0
       0
       0
       0
       0
       0
       0
       0
       0
       0
       0
       0
       0
       0
       0
       0
       0
       0
       0
       0
       0
       0
       0
       0
       0
       0
       0
       0
       0
       0
       0
       0
       0
       0
       0
       0
       0
       0
       0
       0
       0
       0
       0
       0
       0
       0
       0
       0
       0
       0
       0
       0
       0
       0
       0
       0
       0
       0
       0
       0
       0
       0
       0
       0
       0
       0
       0
       0
       0
       0
       0
       0
       0
       0
       0
       0
       0
       0
       0
       0
       0
       0
       0
       0
       0
       0
       0
       0
       0
       0
       0
       0
       0
       0
       0
       0
       0
       0
       0
       0
       0
       0
       0
       0
       0
       0
       0
       0
       0
       0
       0
       0
       0
       0
       0
       0
       0
       0
       0
       0
       0
       0
       0
       0
       0
       0
$ROI:
0
$PRESETS:
Live Time
86400
0
$ENER_FIT:
-0.428493 0.397194
$MCA_CAL:
3
-4.284930E-001 3.971939E-001 4.985228E-009 keV
$SHAPE_CAL:
3
2.931963E+000 2.494840E-003 1.036727E-007
