$SPEC_ID:
Pulser
$SPEC_REM:
DET# 2
DETDESC# DETECTOR 2
AP# GammaVision Version 7.01.03
$DATE_MEA:
04/28/2017 14:21:15
$MEAS_TIM:
43200 46902
$DATA:
0 8191
       0
       0
       0
       0
       0
       0
       0
       0
       0
       0
       0
       0
       0
       0
       0
       0
       0
       0
       0
       0
       1
       0
       0
   12181
  739211
  877513
  486715
  434518
  432771
  490110
  757878
 1379220
 2115175
 2335669
 1855493
 1185615
  812010
  872376
 1533271
 3117759
 5269853
 6253799
 4954754
 2735266
 1238932
  683357
  699153
 1016951
 1303324
 1262598
  976114
  693281
  514868
  416802
  369459
  350116
  342566
  339636
  341758
  344993
  351880
  356775
  382632
  481597
  656082
  754797
  651233
  461680
  348362
  309263
  296450
  288160
  284388
  282058
  281104
  277343
  275702
  270027
  267879
  265430
  264805
  263183
  260020
  256807
  252173
  246559
  239670
  234903
  231728
  229448
  227211
  224886
  222885
  220428
  217873
  216738
  215909
  217502
  217232
  216933
  215359
  214303
  213051
  214095
  216825
  221624
  229283
  235193
  237031
  237255
  234858
  230904
  229017
  227513
  228394
  228885
  230098
  229791
  230386
  231519
  232965
  233614
  235347
  236619
  237561
  239809
  240274
  241966
  242278
  243409
  246165
  264956
  361952
  638941
 1045512
 1209197
  939300
  542546
  318516
  254019
  245533
  246623
  248903
  252795
  257562
  266640
  295037
  347725
  396424
  393103
  344278
  303630
  289113
  289188
  291626
  297661
  301048
  307950
  317154
  330340
  342461
  350641
  349055
  348043
  347617
  348346
  352931
  358580
  366773
  374127
  382995
  394490
  406282
  420669
  432990
  448821
  459180
  469483
  482502
  497408
  516502
  553738
  634200
  751830
  816424
  758381
  660774
  650979
  753250
  851806
  812365
  668094
  549441
  499484
  486437
  482296
  476523
  467955
  454163
  442171
  431982
  426176
  439090
  511238
  684069
  902252
 1004940
  928116
  766227
  661835
  859857
 1752360
 3318082
 4453924
 3986231
 2391887
 1064691
  500221
  365650
  358475
  372822
  383201
  387607
  410823
  528263
  912922
 1703821
 2572847
 2767826
 2082729
 1188137
  716074
  712127
 1070258
 1842962
 3026483
 4251954
 5381715
 6903650
 8440644
 8232033
 5864030
 3195417
 1643323
 1055298
 1166685
 2522220
 5985359
10824642
13671631
11777645
 6904244
 2870384
 1018754
  467108
  345387
  355125
  444751
  557740
  589387
  497541
  374319
  339668
  441917
  678219
  988230
 1254379
 1315430
 1117382
  791697
  540879
  470951
  569445
  839338
 1294676
 1828819
 2223024
 2439684
 2774236
 3487244
 4368162
 4827737
 4350265
 3030757
 1651026
  834090
  604166
  793852
 1251678
 1726140
 1869423
 1583672
 1099011
  668314
  393153
  256976
  205022
  185901
  176156
  170664
  167471
  169687
  192438
  264704
  400900
  548421
  592918
  487963
  321526
  206708
  159260
  148752
  147188
  149047
  154567
  161371
  163794
  159338
  149482
  142157
  138288
  137048
  136439
  135175
  133498
  131583
  130800
  130377
  129720
  129968
  129496
  129355
  128555
  127944
  128151
  129137
  131226
  135424
  140016
  141546
  143329
  148110
  155591
  159245
  154881
  144621
  134686
  129632
  126805
  125252
  125459
  126795
  132925
  150514
  182481
  216437
  227269
  210732
  196703
  299612
  769688
 1897321
 3566413
 4900431
 4865037
 3412061
 1677649
  614058
  233298
  148520
  132341
  125366
  120043
  117243
  116334
  116348
  116210
  117317
  119195
  127033
  137436
  145141
  145040
  137530
  126670
  120891
  118500
  118177
  119955
  120402
  120429
  120042
  118907
  119621
  121267
  122828
  123656
  122978
  121370
  120860
  120423
  122203
  123902
  127253
  127886
  126476
  124246
  130694
  180538
  375741
  861900
 1662981
 2454600
 2725570
 2231364
 1328527
  593913
  246206
  143051
  124445
  120694
  119356
  117032
  117566
  116514
  117658
  117706
  116654
  117186
  116137
  117001
  115969
  116675
  117004
  117978
  120254
  124073
  127267
  131361
  135459
  138440
  140254
  140888
  141383
  139824
  136555
  133040
  128171
  124877
  124365
  125860
  129187
  133052
  135597
  135334
  132720
  131834
  139840
  167878
  219004
  282913
  329063
  338703
  375748
  790158
 2583153
 7359378
15861159
25609104
31244341
28621613
19219846
 9207490
 3098632
  787341
  230155
  138036
  117913
  104440
   94970
   88969
   87056
   88100
   91089
   92275
   89676
   85633
   83787
   95480
  138143
  222613
  330453
  407538
  403538
  313707
  199058
  117724
   82879
   74879
   77394
   86447
   97147
  103701
  101684
   92558
   87706
  106873
  172177
  300002
  459701
  575688
  572298
  449460
  310889
  305914
  590378
 1224869
 2063924
 2716429
 2766445
 2136632
 1227755
  521386
  177627
   71854
   49720
   45978
   44479
   43029
   42105
   40624
   39150
   37734
   36348
   35266
   34569
   34221
   33793
   33625
   34433
   35432
   38519
   42417
   45800
   46863
   45566
   42864
   42321
   45626
   51072
   54642
   53582
   48830
   42237
   38510
   41373
   51713
   69497
   87079
   94624
   87448
   68770
   49074
   36496
   30858
   28985
   28982
   29027
   29226
   29141
   28938
   28747
   28796
   29281
   30915
   32783
   34817
   35726
   34464
   32129
   29359
   28068
   27279
   26919
   27332
   28254
   31479
   36098
   42221
   46759
   47250
   43075
   38274
   35906
   36835
   39738
   42741
   43796
   42225
   39129
   35730
   32259
   30199
   29468
   31182
   36689
   46169
   56161
   60945
   59929
   51831
   40886
   33099
   28393
   25829
   24905
   24261
   24375
   25083
   27169
   31193
   37526
   44185
   47930
   46524
   41581
   35686
   32860
   33150
   35234
   36454
   35874
   32926
   29406
   26851
   26170
   25935
   26612
   26907
   26961
   27272
   26938
   27106
   27138
   28006
   28750
   29466
   30105
   29871
   28780
   27729
   27016
   26655
   26157
   26025
   26117
   25857
   25871
   25662
   25452
   25057
   24659
   24496
   24045
   23996
   23389
   24017
   23906
   24545
   24655
   25289
   26395
   27315
   27834
   27869
   27713
   28017
   28670
   30618
   32353
   33853
   33825
   32529
   31250
   30264
   29311
   28888
   27757
   27083
   26867
   28678
   32524
   39179
   49297
   58511
   63445
   62548
   56230
   47558
   42673
   44589
   52477
   64637
   76295
   81715
   78532
   69212
   56575
   45646
   37634
   32302
   29326
   28577
   30329
   33221
   36843
   38193
   37213
   32623
   27044
   21939
   18551
   17032
   16245
   15985
   15976
   15835
   16374
   17173
   18935
   21906
   26106
   31087
   35685
   39876
   41230
   39437
   35602
   31265
   27856
   26556
   27651
   27964
   29128
   29864
   29976
   29559
   29399
   27810
   26339
   23307
   20306
   17949
   17051
   17899
   20180
   22567
   24338
   24587
   22959
   19706
   16673
   14684
   13275
   12411
   12238
   11390
   10989
   10325
    9936
    9718
    9467
    9566
    9549
    9617
    9368
    9261
    9074
    9059
    9238
    9464
    9680
   10351
   10765
   11017
   11082
   11630
   11742
   11989
   12355
   12519
   11985
   11642
   10737
   10136
    9677
    9642
    9669
    9994
    9625
    9495
    9177
    8879
    8717
    8647
    8588
    8745
    8541
    8688
    8622
    8475
    8295
    8254
    8466
    8683
    9013
    9420
    9774
    9845
   10002
   10039
   10059
   10129
   10310
   10304
   10097
   10099
   10122
   10901
   11620
   12316
   12102
   11531
   10459
    9158
    7799
    7228
    6619
    6504
    6799
    6718
    6916
    6954
    7167
    7135
    7490
    7799
    7980
    8087
    8416
    8610
    8378
    8155
    7958
    7724
    7518
    7441
    7103
    7293
    7172
    7246
    7225
    7212
    7280
    7285
    7375
    7969
    8980
   11035
   14318
   18572
   22493
   25160
   25493
   22823
   18128
   13904
   11001
    9512
    9067
    9154
    9115
    9634
   10418
   12006
   13554
   14586
   14869
   14098
   12267
   10566
    8545
    7521
    6829
    6824
    7126
    7312
    7543
    7821
    7671
    7726
    7563
    7521
    7216
    7292
    7374
    7221
    7189
    7360
    7338
    7349
    7232
    7409
    7416
    7701
    7794
    7945
    8356
    8646
    9182
    9461
    9384
    9571
    9934
   10946
   12599
   14487
   16278
   17904
   18066
   17305
   16381
   15562
   15286
   16038
   16475
   16333
   14843
   12144
    8778
    6146
    4360
    3346
    3072
    2913
    2943
    3001
    2977
    2936
    2970
    2974
    2943
    3112
    3099
    3041
    3043
    3283
    3047
    3191
    3170
    3094
    3047
    3044
    2916
    2980
    2973
    2958
    3011
    3109
    3244
    3673
    4627
    6459
    9556
   14493
   20336
   26169
   31144
   31887
   29179
   23728
   16874
   10688
    6922
    5136
    4462
    4071
    3629
    3020
    2439
    1964
    1780
    1713
    1634
    1629
    1636
    1634
    1566
    1613
    1678
    1661
    1634
    1638
    1712
    1634
    1740
    1703
    1956
    2151
    2572
    2985
    3357
    3699
    3852
    3770
    3477
    2932
    2607
    2428
    2515
    2503
    2596
    2566
    2495
    2188
    1951
    1750
    1666
    1624
    1594
    1603
    1669
    1815
    1975
    2021
    2017
    1916
    1764
    1655
    1514
    1344
    1411
    1372
    1345
    1405
    1327
    1316
    1375
    1352
    1403
    1440
    1452
    1380
    1408
    1491
    1446
    1415
    1407
    1406
    1450
    1488
    1384
    1385
    1374
    1382
    1394
    1425
    1393
    1447
    1348
    1428
    1422
    1459
    1452
    1554
    1737
    1674
    1770
    1865
    1665
    1624
    1621
    1496
    1476
    1465
    1537
    1644
    1853
    1874
    2092
    2285
    2364
    2160
    1936
    1726
    1449
    1290
    1244
    1274
    1242
    1294
    1209
    1342
    1289
    1224
    1297
    1319
    1218
    1256
    1210
    1327
    1211
    1281
    1280
    1271
    1278
    1263
    1337
    1305
    1474
    1482
    1573
    1574
    1522
    1558
    1474
    1405
    1329
    1352
    1348
    1356
    1281
    1380
    1284
    1286
    1312
    1314
    1367
    1406
    1520
    1538
    1523
    1409
    1425
    1379
    1373
    1432
    1388
    1383
    1307
    1385
    1325
    1248
    1186
    1178
    1208
    1192
    1235
    1242
    1224
    1312
    1256
    1221
    1268
    1247
    1261
    1244
    1197
    1259
    1171
    1263
    1226
    1199
    1171
    1173
    1166
    1161
    1109
    1125
    1124
    1166
    1134
    1258
    1155
    1175
    1178
    1162
    1165
    1205
    1133
    1135
    1233
    1180
    1153
    1259
    1247
    1235
    1252
    1182
    1256
    1187
    1096
    1094
    1094
    1059
    1031
    1049
    1079
    1003
    1052
    1074
    1037
    1011
    1031
     977
    1015
     962
    1011
     938
     969
     926
     992
     989
     981
    1023
    1040
    1132
    1155
    1131
    1055
    1055
    1111
    1027
     967
    1011
     952
     935
    1003
     968
     925
     979
     904
     894
     877
     819
     849
     844
     942
     865
     964
     902
     928
     978
    1001
    1090
     992
     962
     853
     914
     841
     814
     851
     806
     831
     860
     733
     809
     847
     842
     813
     883
     804
     826
     848
     920
     976
     893
    1070
    1046
    1067
    1059
    1111
    1086
    1060
    1075
    1078
    1083
    1061
    1116
    1027
     983
     968
     912
     868
     891
     839
     834
     847
     794
     761
     769
     795
     778
     810
     798
     781
     844
     835
     815
     765
     890
     778
     821
     844
     881
     913
     906
    1037
     958
    1043
     934
     981
     831
     783
     766
     867
     883
     957
    1092
    1256
    1550
    1878
    2387
    3070
    3848
    4423
    4766
    4538
    4045
    3160
    2393
    1713
    1209
     942
     826
     747
     783
     766
     710
     786
     820
     844
     908
     940
     955
     958
    1019
     873
     850
     777
     764
     709
     709
     714
     680
     734
     677
     701
     715
     677
     721
     690
     714
     744
     714
     729
     738
     732
     723
     683
     757
     709
     680
     655
     674
     699
     679
     671
     676
     670
     651
     647
     640
     777
     746
     811
     947
    1055
    1211
    1502
    1531
    1583
    1492
    1448
    1239
     980
     841
     752
     656
     652
     602
     630
     585
     617
     618
     609
     583
     614
     634
     604
     594
     597
     634
     592
     578
     644
     616
     643
     600
     583
     547
     637
     579
     618
     618
     605
     599
     627
     599
     640
     590
     578
     614
     599
     576
     554
     577
     609
     598
     608
     568
     561
     577
     586
     549
     542
     557
     568
     559
     575
     560
     585
     631
     616
     581
     626
     617
     619
     602
     554
     598
     563
     547
     587
     576
     597
     576
     541
     537
     521
     507
     536
     534
     498
     536
     489
     512
     544
     509
     542
     534
     533
     512
     492
     531
     513
     539
     496
     495
     488
     525
     488
     478
     470
     501
     528
     529
     534
     490
     506
     514
     535
     515
     555
     544
     544
     501
     543
     556
     542
     534
     480
     513
     552
     550
     570
     541
     620
     744
     840
    1114
    1340
    1645
    2129
    2498
    2917
    3093
    2997
    2660
    2175
    1685
    1259
     987
     715
     568
     524
     518
     475
     489
     500
     510
     530
     499
     501
     570
     539
     543
     577
     574
     584
     549
     536
     546
     519
     516
     558
     515
     503
     541
     498
     498
     475
     471
     490
     499
     456
     464
     450
     444
     484
     519
     479
     503
     485
     510
     580
     539
     610
     608
     624
     625
     612
     563
     547
     486
     496
     503
     431
     494
     445
     486
     481
     462
     490
     527
     494
     530
     518
     474
     465
     429
     435
     474
     448
     497
     479
     387
     435
     409
     400
     441
     425
     400
     430
     449
     454
     401
     420
     423
     443
     406
     408
     457
     442
     451
     402
     411
     442
     446
     502
     463
     465
     526
     520
     550
     626
     570
     582
     582
     571
     642
     753
     847
    1109
    1466
    1784
    2235
    2868
    3380
    3769
    4306
    4472
    4806
    5378
    6260
    7446
    8729
    9786
   10453
    9909
    8830
    7046
    5283
    3584
    2485
    1745
    1306
    1122
    1071
    1152
    1304
    1447
    1641
    1753
    1689
    1643
    1416
    1146
     882
     796
     624
     576
     542
     520
     483
     442
     446
     437
     438
     423
     431
     402
     426
     418
     405
     398
     417
     420
     440
     412
     393
     429
     398
     425
     402
     449
     432
     376
     420
     406
     400
     452
     421
     463
     456
     415
     479
     493
     428
     426
     418
     411
     426
     364
     375
     403
     366
     396
     381
     403
     412
     381
     380
     380
     382
     407
     398
     404
     380
     392
     376
     401
     427
     379
     409
     413
     389
     369
     373
     369
     400
     412
     427
     398
     432
     383
     402
     441
     369
     386
     424
     417
     435
     470
     479
     458
     440
     458
     483
     488
     443
     452
     417
     451
     419
     402
     411
     354
     368
     338
     374
     385
     388
     393
     369
     385
     369
     386
     383
     372
     324
     345
     372
     338
     355
     353
     359
     358
     383
     350
     360
     378
     397
     375
     421
     436
     452
     474
     487
     480
     567
     525
     508
     512
     529
     502
     446
     464
     471
     469
     427
     418
     417
     431
     425
     397
     393
     411
     390
     357
     381
     338
     360
     389
     375
     344
     323
     340
     408
     370
     368
     378
     340
     343
     404
     369
     364
     398
     425
     460
     507
     506
     580
     661
     723
     801
     907
    1016
    1208
    1441
    1687
    2000
    2279
    2528
    2517
    2452
    2278
    1901
    1415
    1071
     849
     624
     557
     443
     417
     509
     478
     489
     587
     626
     568
     563
     596
     558
     507
     507
     427
     415
     408
     431
     405
     402
     390
     390
     397
     445
     419
     399
     399
     391
     434
     384
     352
     348
     360
     314
     340
     363
     324
     346
     318
     394
     356
     414
     432
     468
     477
     554
     645
     741
     781
     872
     930
     975
     877
     849
     785
     719
     679
     686
     650
     657
     631
     784
     841
     994
    1084
    1169
    1167
    1165
    1103
     999
     773
     646
     555
     464
     399
     385
     414
     396
     406
     399
     381
     426
     385
     394
     378
     338
     381
     407
     397
     379
     391
     391
     369
     396
     364
     396
     386
     401
     438
     450
     438
     402
     394
     394
     350
     346
     347
     333
     340
     334
     325
     298
     314
     307
     381
     311
     327
     319
     353
     322
     326
     353
     341
     287
     334
     300
     288
     292
     301
     280
     301
     296
     310
     299
     314
     303
     306
     286
     321
     290
     292
     328
     311
     334
     340
     350
     314
     349
     307
     313
     371
     351
     323
     303
     327
     335
     364
     333
     337
     368
     349
     349
     325
     350
     354
     326
     349
     377
     345
     343
     308
     357
     337
     353
     343
     350
     353
     352
     318
     314
     324
     277
     330
     299
     286
     294
     319
     306
     289
     309
     317
     281
     317
     322
     294
     318
     306
     312
     305
     270
     298
     312
     305
     259
     318
     350
     293
     364
     370
     400
     421
     545
     599
     581
     653
     683
     680
     638
     535
     498
     430
     366
     353
     330
     335
     310
     326
     314
     340
     324
     313
     306
     306
     282
     309
     284
     293
     295
     276
     260
     251
     310
     280
     254
     262
     294
     264
     302
     270
     270
     276
     290
     291
     263
     282
     276
     274
     286
     293
     273
     283
     329
     289
     306
     306
     340
     302
     332
     303
     302
     300
     292
     280
     281
     260
     292
     237
     288
     300
     277
     252
     262
     272
     245
     252
     234
     222
     266
     251
     243
     240
     272
     240
     272
     254
     265
     255
     232
     276
     239
     255
     266
     258
     244
     236
     245
     238
     268
     245
     273
     234
     236
     259
     249
     262
     280
     272
     274
     292
     285
     291
     318
     326
     335
     365
     348
     345
     357
     311
     331
     309
     282
     293
     269
     267
     282
     292
     305
     292
     268
     289
     264
     263
     285
     264
     218
     255
     262
     241
     250
     242
     238
     260
     253
     252
     244
     242
     252
     224
     221
     240
     209
     227
     253
     234
     218
     211
     238
     234
     203
     248
     226
     233
     252
     220
     244
     257
     209
     249
     255
     240
     258
     290
     262
     224
     236
     227
     248
     261
     249
     217
     271
     238
     230
     252
     212
     215
     244
     227
     217
     223
     231
     220
     230
     218
     246
     246
     251
     261
     254
     252
     223
     263
     244
     238
     246
     256
     240
     231
     259
     221
     214
     222
     216
     247
     195
     241
     226
     239
     251
     210
     239
     213
     234
     218
     216
     204
     248
     232
     230
     230
     219
     231
     215
     259
     251
     264
     263
     278
     255
     293
     253
     274
     273
     295
     262
     253
     250
     227
     241
     206
     233
     242
     230
     225
     217
     247
     225
     263
     285
     309
     270
     266
     283
     303
     303
     291
     253
     243
     209
     241
     204
     182
     206
     197
     181
     213
     206
     207
     214
     205
     211
     218
     201
     224
     228
     202
     210
     226
     233
     237
     241
     235
     226
     230
     264
     223
     229
     281
     246
     204
     186
     214
     199
     197
     219
     202
     191
     265
     295
     277
     281
     310
     333
     304
     328
     311
     283
     272
     272
     248
     262
     219
     215
     178
     190
     186
     195
     194
     200
     185
     189
     195
     175
     168
     197
     204
     220
     224
     234
     194
     194
     195
     189
     192
     194
     222
     192
     200
     205
     202
     179
     183
     186
     174
     206
     178
     195
     192
     195
     201
     209
     185
     183
     172
     199
     194
     188
     171
     196
     154
     178
     165
     179
     182
     178
     204
     180
     188
     197
     165
     192
     174
     170
     206
     192
     186
     198
     187
     190
     182
     186
     182
     177
     181
     181
     172
     176
     164
     181
     183
     161
     180
     171
     178
     187
     181
     171
     182
     165
     170
     187
     169
     194
     191
     194
     206
     206
     229
     250
     240
     317
     343
     357
     441
     464
     531
     625
     697
     756
     836
     871
     827
     829
     736
     643
     544
     441
     357
     304
     264
     241
     212
     181
     163
     193
     170
     179
     189
     184
     160
     172
     175
     165
     166
     172
     152
     184
     159
     172
     150
     166
     161
     178
     173
     167
     149
     180
     173
     181
     150
     170
     165
     179
     163
     180
     180
     214
     211
     198
     210
     244
     234
     264
     308
     312
     360
     336
     370
     388
     401
     383
     381
     330
     280
     266
     236
     202
     194
     190
     172
     177
     164
     152
     157
     148
     157
     162
     180
     167
     140
     158
     149
     160
     167
     193
     172
     149
     196
     143
     181
     171
     169
     168
     189
     156
     196
     167
     176
     179
     178
     157
     149
     141
     173
     163
     149
     137
     172
     180
     132
     145
     172
     149
     167
     171
     170
     151
     162
     199
     180
     155
     170
     158
     161
     148
     155
     156
     170
     153
     187
     177
     141
     165
     187
     125
     150
     158
     148
     137
     147
     179
     149
     179
     156
     160
     142
     122
     154
     142
     144
     153
     150
     141
     137
     165
     154
     143
     159
     139
     153
     152
     159
     150
     128
     147
     151
     180
     133
     156
     142
     132
     156
     145
     135
     158
     148
     165
     144
     154
     146
     118
     134
     141
     153
     123
     129
     145
     148
     146
     144
     147
     140
     167
     129
     140
     130
     152
     143
     135
     147
     131
     121
     147
     140
     132
     164
     132
     128
     140
     157
     134
     153
     146
     126
     140
     156
     165
     137
     133
     129
     138
     124
     139
     169
     151
     155
     148
     128
     151
     133
     112
     152
     113
     138
     128
     122
     131
     137
     128
     127
     140
     133
     136
     146
     148
     144
     151
     126
     143
     132
     152
     154
     125
     139
     140
     147
     151
     149
     144
     144
     132
     126
     139
     159
     138
     128
     163
     139
     129
     119
     123
     145
     136
     142
     159
     138
     125
     149
     131
     128
     133
     138
     127
     139
     148
     165
     159
     163
     168
     165
     198
     179
     252
     260
     268
     338
     353
     366
     420
     457
     457
     443
     482
     445
     392
     328
     298
     246
     252
     202
     207
     184
     167
     171
     170
     170
     165
     156
     142
     143
     164
     162
     151
     159
     184
     189
     168
     183
     180
     168
     171
     178
     181
     185
     166
     179
     151
     163
     169
     152
     134
     122
     145
     154
     122
     119
     121
     117
     145
     120
     110
     141
     140
     108
     124
     129
     138
     128
     144
     127
     136
     134
     133
     140
     143
     123
     125
     129
     127
     145
     124
     139
     140
     147
     156
     153
     137
     140
     136
     126
     153
     138
     118
     149
     143
     145
     164
     164
     154
     151
     177
     135
     138
     131
     113
     110
     129
     109
     116
     113
     118
     132
     103
      98
     130
     112
     113
     124
     125
      98
     102
      96
     122
     107
     117
      98
     111
     117
     110
     108
     120
     108
     118
     138
     114
     119
      99
     110
     117
     118
     114
     119
     117
     127
     138
     115
     108
     109
     124
     109
     103
     113
     103
     113
     102
     107
     101
     104
     105
     121
     104
     107
     129
     108
     101
     122
     112
     103
     129
     111
     114
     107
     113
     115
     108
     106
      94
     100
      99
     120
     115
     113
     131
      99
     100
     115
     114
     101
     107
     126
     115
     116
     120
     131
     106
     115
     107
     126
     114
     124
     119
     112
      94
     114
     104
      91
     115
      92
      93
     120
      99
     103
     105
      94
      95
      97
      95
      97
      89
     108
     119
     104
     113
     106
     111
     115
     125
     127
     115
     120
     116
     119
     118
     104
      96
     119
     113
     101
     121
      91
      95
      87
      85
      86
     104
     101
      94
      95
      91
      90
      90
     123
      89
     116
      97
     111
     115
     108
     109
      93
     113
     101
     108
      94
      84
     102
      97
      82
      97
      83
      94
      91
     100
      82
      95
      92
      93
      92
     107
      97
      79
      96
      91
      94
      76
      99
      92
      93
      97
     107
     103
     118
     112
     105
      93
     114
      99
     119
     135
     155
     143
     171
     181
     190
     163
     230
     207
     222
     179
     198
     195
     201
     184
     167
     131
     136
     118
      99
     115
      98
      90
      85
      93
      85
      82
      82
      90
      97
      86
      78
      86
      88
      69
     100
      89
      92
      89
      89
      79
      79
      94
     105
      78
      94
      78
      91
      86
     102
     100
      87
     115
      92
      94
      84
     106
     100
     114
     112
     131
     140
     154
     107
     127
     117
     126
     168
     130
     140
     114
     124
     103
     101
      87
     102
      84
      68
      73
      66
      85
      73
      84
      70
      96
      93
      89
      81
      84
      88
      75
      79
      76
      97
      85
      85
      93
      75
      81
      69
      76
     100
      77
      86
      80
      92
      75
      95
      84
      96
      92
     103
     102
     120
      88
     108
      91
     104
     103
     102
     103
      87
     111
      94
      79
     110
      76
      79
      95
      75
      76
      88
      80
      72
      65
      80
      73
      78
      84
      82
      94
      66
      80
      78
      62
      89
      82
      72
     104
      98
      91
      98
     118
     100
     101
     109
     111
     118
     104
     113
     104
      89
     117
     103
     107
     104
      82
     103
      83
      73
      93
      89
      80
      72
      77
      71
      92
      56
      78
      56
      72
      74
      84
      69
      72
      66
      84
      64
      76
      71
      79
      80
      63
      77
      60
      59
      67
      67
      61
      81
      79
      57
      76
      76
      73
      76
      83
      57
      79
      79
      63
      57
      76
      75
      62
      62
      67
      70
      60
      80
      69
      84
      69
      59
      61
      56
      71
      57
      61
      71
      67
      59
      60
      61
      74
      55
      60
      60
      71
      81
      74
      77
      53
      68
      57
      63
      59
      70
      68
      64
      59
      63
      53
      75
      64
      53
      60
      66
      66
      56
      52
      69
      77
      68
      70
      75
      61
      61
      69
      50
      56
      67
      48
      35
      50
      58
      61
      72
      72
      87
      76
      69
      67
      63
      73
      65
      57
      65
      59
      64
      65
      57
      58
      71
      70
      55
      61
      59
      60
      62
      68
      47
      59
      71
      58
      67
      55
      73
      54
      53
      61
      64
      63
      60
      61
      64
      70
      60
      72
      75
      62
      88
      88
      70
      75
      91
      95
      79
      89
      96
      98
     107
     110
     122
     129
     136
     145
     160
     155
     153
     157
     141
     173
     137
      94
     109
      88
      92
      93
      90
      77
     107
      84
      97
     116
     108
     113
     116
     116
     124
     124
     126
     129
     141
     138
     130
     114
      89
      89
      91
      65
      80
      77
      66
      77
      70
      64
      59
      54
      71
      70
      65
      73
      77
      74
      78
      65
      58
      48
      65
      63
      56
      56
      51
      56
      75
      59
      64
      52
      61
      69
      63
      64
      77
      68
      73
      60
      75
      85
      73
      83
      86
      83
      99
      89
     106
      83
      93
     114
      86
      86
      86
     103
      78
      82
      73
      79
      73
      99
      89
      87
      73
      86
      78
     104
      74
      68
      77
      98
      62
      85
      79
      66
      74
      57
      68
      70
      62
      53
      53
      57
      55
      68
      59
      60
      49
      51
      55
      72
      42
      58
      51
      57
      63
      63
      64
      53
      52
      73
      50
      62
      63
      46
      58
      56
      50
      46
      51
      46
      59
      49
      52
      62
      56
      47
      57
      48
      50
      48
      60
      54
      51
      55
      66
      53
      50
      50
      68
      47
      60
      54
      40
      50
      67
      55
      50
      66
      48
      63
      73
      66
      50
      61
      63
      67
      90
      79
      82
      78
      81
      84
      67
      76
      89
      71
      63
      60
      51
      69
      70
      53
      56
      59
      54
      46
      50
      50
      47
      60
      67
      30
      52
      43
      68
      40
      44
      57
      62
      43
      56
      50
      56
      45
      43
      54
      49
      51
      72
      57
      68
      66
      65
      53
      54
      63
      56
      65
      58
      63
      78
      61
      47
      55
      61
      43
      60
      44
      36
      41
      29
      49
      58
      47
      54
      36
      44
      48
      53
      38
      45
      31
      46
      37
      56
      46
      34
      45
      38
      41
      56
      41
      53
      45
      48
      40
      48
      51
      41
      44
      50
      53
      32
      50
      34
      40
      51
      49
      53
      39
      44
      39
      51
      46
      42
      41
      33
      38
      34
      57
      42
      30
      39
      46
      45
      46
      46
      38
      53
      51
      41
      38
      40
      41
      38
      41
      45
      35
      40
      47
      41
      47
      40
      45
      43
      35
      45
      26
      53
      48
      37
      37
      36
      52
      39
      29
      49
      47
      40
      41
      42
      53
      52
      47
      58
      39
      52
      44
      44
      45
      47
      47
      41
      50
      60
      50
      61
      60
      58
      62
      73
      71
      80
      76
      74
      87
      70
      89
      71
      61
      66
      55
      35
      50
      63
      46
      49
      57
      40
      51
      20
      45
      44
      37
      41
      40
      39
      41
      35
      40
      41
      49
      42
      37
      41
      32
      24
      47
      36
      39
      36
      37
      46
      41
      38
      49
      47
      53
      28
      43
      38
      57
      28
      44
      39
      49
      43
      39
      34
      43
      36
      37
      25
      26
      36
      40
      30
      28
      58
      42
      44
      37
      43
      45
      49
      48
      49
      41
      53
      45
      52
      52
      53
      42
      40
      47
      43
      33
      34
      46
      46
      61
      56
      48
      34
      41
      40
      33
      47
      34
      30
      38
      43
      29
      38
      36
      33
      39
      47
      27
      33
      33
      34
      40
      29
      40
      34
      42
      31
      43
      22
      49
      40
      35
      27
      37
      29
      40
      36
      33
      33
      34
      33
      38
      37
      33
      28
      32
      27
      24
      33
      24
      31
      33
      40
      28
      27
      27
      31
      31
      31
      32
      30
      23
      41
      33
      40
      25
      36
      31
      33
      26
      33
      33
      30
      39
      26
      26
      34
      25
      21
      31
      33
      27
      28
      32
      24
      18
      31
      41
      30
      41
      36
      29
      41
      26
      29
      31
      35
      32
      31
      31
      36
      38
      45
      47
      22
      36
      32
      46
      37
      34
      31
      47
      31
      36
      42
      33
      35
      40
      52
      43
      73
      54
      64
      90
      83
      95
      82
     104
     101
     102
      89
      99
     115
     102
      97
      99
      88
      66
      65
      54
      39
      37
      57
      46
      39
      39
      26
      36
      23
      32
      22
      28
      22
      33
      35
      29
      25
      26
      21
      24
      31
      32
      36
      35
      25
      29
      19
      24
      25
      24
      19
      27
      15
      34
      28
      25
      23
      32
      26
      32
      26
      22
      21
      30
      26
      28
      21
      26
      37
      33
      22
      34
      30
      19
      38
      37
      30
      22
      28
      20
      25
      24
      20
      24
      26
      22
      24
      29
      25
      30
      20
      27
      19
      12
      23
      29
      23
      26
      21
      24
      23
      22
      15
      20
      16
      19
      27
      20
      19
      26
      24
      22
      20
      28
      19
      28
      24
      21
      22
      16
      19
      21
      24
      25
      17
      15
      18
      25
      21
      26
      19
      18
      25
      31
      22
      22
      19
      18
      18
      27
      23
      25
      21
      28
      18
      21
      27
      11
      27
      19
      27
      25
      26
      16
      23
      36
      28
      21
      28
      29
      22
      23
      24
      19
      28
      25
      38
      31
      24
      33
      26
      40
      20
      36
      25
      30
      28
      33
      33
      34
      27
      37
      29
      21
      33
      26
      32
      18
      18
      30
      17
      25
      23
      20
      18
      19
      18
      16
      12
      23
      23
      23
      23
      16
      14
      21
      13
      31
      21
      26
      21
      26
      26
      26
      30
      34
      40
      35
      35
      29
      44
      32
      30
      28
      31
      22
      24
      27
      19
      18
      25
      24
      20
      25
      27
      12
      21
      22
      23
      22
      23
      20
      20
      16
      19
      19
      32
      18
      18
      28
      22
      21
      16
      16
      18
      23
      22
      22
      12
      27
      26
      23
      18
      15
       8
      12
      14
      15
      20
      15
      18
      10
      13
      13
      14
      20
      18
      15
      19
      20
      17
      17
      27
      21
      26
      20
      15
      20
      20
      20
      17
      28
      11
      26
      19
      20
      16
      21
      14
      23
      23
      15
      19
      17
       6
      16
      15
      13
      15
      16
      13
      16
      18
      12
      11
      22
      20
      14
      19
      23
      20
      16
      20
      20
      23
      17
      21
      16
      20
      30
      23
      26
      30
      28
      44
      33
      37
      33
      43
      51
      61
      55
      64
      65
      53
      65
      68
      78
      70
      56
      62
      58
      49
      47
      49
      37
      30
      22
      31
      35
      36
      32
      20
      17
      21
      21
      19
      24
      19
      20
      19
      29
      22
      23
      25
      34
      20
      13
      14
      18
      14
      27
      22
      14
      13
      10
      12
      12
      15
      16
      16
      17
      16
      16
      19
      14
      20
      15
      22
      16
      21
      17
      25
      24
      18
      18
      18
      33
      14
      18
      21
      22
      18
      25
      31
      27
      25
      49
      47
      48
      39
      81
      71
      77
      78
      96
     132
     130
     136
     144
     156
     168
     179
     160
     181
     186
     199
     205
     192
     183
     161
     138
     122
     104
      63
      67
      56
      45
      49
      43
      24
      22
      18
      15
      14
      12
      21
      15
      20
      19
      12
      19
      11
       9
      20
      22
       8
      21
      12
      12
      14
       8
      15
      13
      15
      11
      13
      10
      16
      15
      12
      16
      13
      15
      21
      13
      18
      10
      13
      11
      15
      15
      18
      20
      19
      18
      15
      19
      17
      21
      18
      17
      18
      24
      25
      26
      15
      14
      19
      18
      17
      16
      16
      17
      16
      17
      14
      12
      20
      12
      14
      19
       7
      13
      10
      15
      12
      15
      13
      12
      10
      18
      12
       8
      20
      12
      12
       6
      13
      14
      13
      11
      10
      13
      12
      11
      17
       9
      19
      10
      12
      12
      15
      14
      11
      21
      15
      10
      16
      13
      17
       9
      14
      11
      16
       5
      10
      10
      12
      14
      13
      21
       8
      12
       6
      15
       7
      12
       9
      11
      10
      17
      10
       9
      15
      11
      15
      11
      18
      11
       9
      18
      12
       9
      15
      18
      17
      18
      21
      16
      19
      20
      13
      25
      19
      19
      17
      16
      18
      19
      20
      27
      13
      14
      12
      15
      12
      15
      18
      20
      18
       9
      21
      25
      14
      17
       9
      25
      23
      14
      23
      17
      20
      17
      29
      30
      37
      32
      32
      32
      41
      33
      32
      44
      46
      42
      38
      38
      38
      30
      25
      26
      28
      16
      24
      21
      15
      18
      18
      12
      16
      12
      14
      12
      18
      11
      13
       8
      15
      11
      18
      13
      19
      11
      10
      13
      17
       9
       8
      16
      10
      13
      15
       7
      20
      21
      18
      18
      14
      16
      13
      10
      15
      13
      14
      16
      26
      16
      15
      17
      15
      16
      19
      15
      18
      12
      15
      13
      15
      15
      19
      19
      22
      10
      15
      14
      14
      16
      21
       9
      17
      18
       9
      15
       9
      14
      11
      10
      11
      11
      16
       6
      10
      10
      12
      13
       7
      11
      14
       9
      10
       8
       9
       9
      18
      11
      21
       9
      10
      19
      12
      11
      10
      14
      23
      14
      19
      15
      13
       9
      18
      15
      19
      13
      13
       7
      13
      14
      18
       9
      16
       9
      11
      11
      18
      18
      10
      12
      13
      17
      11
      11
      11
      12
      13
      14
      18
      12
       9
       7
       6
       5
      21
      12
      15
      13
      10
       8
      11
      13
      10
      14
      18
      13
      14
      10
      16
      13
      16
      12
      20
      12
      11
      19
      14
      19
      21
      22
      12
      20
      20
      18
      17
      12
      12
      13
      18
      14
      20
      15
      25
      16
      16
      15
      20
      14
      21
      21
      17
      15
      17
      15
       6
      12
      12
      10
      11
      13
      10
      13
      11
      12
      10
      11
      14
       9
      11
      11
       9
      11
      10
      17
      14
      13
      11
      13
       6
      15
      13
      10
      10
      15
      10
      12
      14
       8
      12
       9
       8
       7
      14
      16
      16
       4
       7
      10
      13
       9
      13
      13
      10
      11
      11
      15
      13
      14
      10
       9
       5
      15
      10
       7
      11
      11
       8
       7
      10
      10
      12
       9
       7
       8
       7
      10
       9
       4
       9
      10
      10
       6
       8
      15
      13
       6
       8
       1
      10
      18
      11
      14
       8
      11
      11
      16
       7
       8
      13
      13
      11
       5
      11
      11
      11
      10
       9
       6
      15
      13
       6
       5
      16
      13
       9
       8
      18
       6
      11
      13
      10
       2
       6
       9
      14
       9
       7
      11
      12
       6
       8
      10
       7
      10
       8
       6
      13
       8
       8
      10
       8
      10
      12
       9
       9
      12
       4
       8
       8
       7
       6
      13
       6
       5
      10
       8
      14
       7
      11
       8
      13
       8
       9
       7
       8
      11
       9
      10
       5
       7
      11
       9
       9
       9
      14
       8
      11
      10
       9
      11
      17
      12
      18
      10
      15
      13
      16
      15
      15
      15
       7
      14
      12
      11
      14
      10
       9
      12
       6
      13
      14
      13
      21
       9
      14
       6
       4
      10
      13
       6
       9
       8
       9
       5
       8
       9
       5
       7
       7
      14
      13
      11
       5
       8
      14
       4
       3
      10
      11
       8
      12
       8
      11
       7
       8
       7
       7
       7
       9
       4
      10
       7
       8
       9
      13
       5
      10
       4
       5
       5
      11
       8
       4
       6
      10
       5
       5
       6
      10
       9
       9
       9
       4
       9
       3
       5
       5
       7
       6
       3
       8
       5
       5
       8
       9
       7
       7
       6
       7
       9
       9
       4
       2
       8
       7
       2
       8
       7
       4
      10
       8
       4
       9
       6
       5
       7
       7
      10
       4
      11
      10
       8
       2
      10
       8
       7
       5
       7
      12
      17
       3
       8
       8
       8
       7
       6
       4
       8
      11
       5
       4
       8
       4
       4
       5
       9
      10
       8
       9
      10
       7
       9
       9
       4
       7
       7
       5
       8
       6
       4
       9
       3
       3
       8
       9
       9
       7
       8
       7
       7
       5
       7
      10
       9
       9
       6
       5
       4
       8
       4
       3
       7
       7
       7
       5
       6
       5
       6
       2
       3
       5
       7
       5
       9
       9
      10
       7
       1
       2
       4
       8
       5
       7
       1
       6
       5
       5
       8
       6
       5
       9
       9
       7
       5
      13
       4
       9
      12
      10
       6
       5
       9
       8
       9
       5
       3
       8
       6
       2
       3
       4
       6
      10
       6
       7
       8
       4
      10
       7
       6
       4
       6
       7
       5
       4
       4
       6
      11
       8
       6
       8
       5
       2
       9
       7
       6
       2
       3
      12
       6
       7
       7
       5
       4
      13
       5
       3
       6
       6
       5
      10
       5
       5
       2
      10
       8
       9
       5
       9
       4
       9
      12
       7
      13
      13
       6
       9
       4
      11
      10
       9
       6
      10
      11
      10
      12
       9
      15
      11
      10
      11
      13
      15
      15
      17
      14
      11
      15
      10
      17
      17
      18
      16
      13
      19
      12
      15
      11
       7
      10
       8
       9
       3
       5
       9
       8
       6
       3
       5
       7
       4
       5
       4
       7
       8
       6
       5
       7
       3
       7
       4
       3
       6
       7
       3
       6
       6
       9
       5
       5
       7
       7
       8
       8
       5
      10
       2
       3
       6
       6
       3
       1
       3
       4
       3
       7
      11
       3
       4
       4
       8
       6
       7
       8
       3
       8
       5
       6
       7
       8
       7
       4
       8
       5
       3
       7
       5
       8
       5
       6
       1
       6
       7
       1
       5
       2
       3
       8
       3
       5
       5
       7
       5
       8
      10
       8
       4
       8
       5
       5
       8
       3
       5
       7
       6
       3
       9
       3
       4
       4
       5
       4
       6
       7
       6
       4
       3
      10
       2
       8
       3
       5
       5
       8
       5
       6
       6
      11
       4
       6
       8
       6
      13
       3
       8
      11
       6
       4
       4
       9
       5
       6
      12
       5
       6
       6
       9
       9
       2
       4
       5
       3
       5
       2
       4
       4
       7
       4
       5
       5
      10
       4
       4
       6
       9
       7
       4
      11
       6
       4
       9
       7
       4
       0
       6
       6
       7
       7
       6
      12
      12
       9
       4
       5
       5
       8
      10
       6
       4
       9
      13
      13
      16
      15
      14
       7
       7
      14
      11
      16
      19
      20
      24
      17
      28
      23
      34
      41
      42
      40
      28
      30
      39
      34
      37
      37
      56
      47
      57
      42
      43
      33
      42
      31
      19
      17
      24
      14
       7
      17
      11
       7
      13
       5
       7
       3
       5
       6
       4
       8
       7
       6
       4
       4
       6
       6
       5
       7
      10
       8
       4
       4
       6
       9
       6
       4
       4
       6
       7
       8
       8
       4
       9
       4
      10
       5
       7
       3
       6
       9
       2
       4
       4
       5
       7
       7
       5
       5
       7
       2
       5
      11
       3
       3
       2
       5
       8
       6
       8
       5
       5
       0
       5
       5
       4
       3
       9
       4
      11
       7
       2
       6
       5
      10
       4
       9
      10
       9
      11
       3
      11
      10
       8
      10
       9
       5
       6
      11
       8
      10
      10
       8
       5
       4
       9
       4
       6
       4
       3
       3
       4
       3
      14
       5
       5
       5
      11
       4
       7
       4
       7
       3
       4
       3
       4
       3
       5
       6
       5
       5
       3
       6
       7
       5
       3
       4
       6
       6
       5
       5
       6
       5
       3
       2
       2
       2
       1
       3
       4
       3
       1
       6
       5
       6
       2
       6
       5
       4
       4
       1
       2
       4
       7
       6
       3
       4
       4
       7
       4
       2
       2
       3
       5
      10
       2
       3
       8
       2
       2
       6
       7
       4
       3
       4
       5
       6
       3
       5
      11
       4
       0
       0
       4
       3
       5
       5
       4
       4
       4
       4
       1
       7
       7
       5
       4
       6
       6
       4
       5
       6
       7
       8
       6
       8
       5
       5
       3
       5
       7
       9
       5
       5
       7
       7
       3
       5
       4
       7
       5
       6
       2
       9
       4
       4
       3
       2
       7
       6
       5
       3
       6
       4
       6
       2
       6
       3
       1
       3
       2
       3
       3
       1
       5
       9
       2
       3
       2
       6
       4
       2
       2
       2
       2
       2
       3
       2
       1
       2
       6
       6
       4
       7
       3
       3
       3
       6
       2
       3
       5
       1
       9
       8
       0
       2
       5
       5
       2
       2
       2
       1
       2
       4
       8
       2
       6
       1
       2
       2
       6
       5
       2
       3
       8
       1
       4
       4
       3
       5
       5
       4
       2
       3
       4
       3
       4
       1
       7
       1
       2
       3
       4
       5
       4
       5
       4
       4
       4
       0
       2
       2
       2
       2
       3
       5
       4
       2
       3
       7
       5
       5
       6
       5
       7
       6
       3
       3
       3
       3
       3
       4
       4
       4
       3
       1
       5
       4
       4
       3
       1
       7
       7
       7
       1
       3
       6
       6
       3
       8
       3
       4
       4
       9
       3
       4
       6
       8
       1
       3
       3
       3
       5
       7
       6
       6
       8
       1
       3
       1
       8
       2
       4
       3
       1
       2
       4
       2
       2
       3
       4
       4
       3
       4
       4
       3
       1
       7
       0
       3
       7
       4
       2
       1
       3
       5
       4
       3
       2
       6
       3
       2
       2
       0
       6
       5
       7
       4
       5
       5
       4
       3
       3
       4
       3
       6
       2
       4
       3
       1
       2
       1
       3
       4
       4
       5
       7
       3
       6
       5
       6
       4
       6
       4
       3
       3
       5
       3
       9
       6
       2
       2
       6
       6
       6
       6
       8
       5
       6
       4
       3
       1
       4
       5
       3
       1
       5
       4
       6
       0
       3
       8
       4
       4
       3
       2
       6
       2
       1
       1
       3
       2
       2
       5
       6
       5
       3
       6
       4
       4
       7
       3
       2
       4
       8
       0
       6
       2
       2
       2
       3
       6
       8
       5
       2
       4
       3
       6
       5
       7
       6
       4
       2
       5
       4
       3
       2
       6
       2
       3
       1
       6
       3
       3
       5
       1
       7
       6
       2
       2
       3
       4
       4
       5
       4
       9
       3
       1
       7
       2
       3
       3
       5
       2
       6
       3
       4
       4
       2
       5
       2
       5
       5
       4
       5
       2
       5
       5
       5
       6
       1
       3
       5
       2
       3
       7
       3
       4
       2
       1
       1
       8
       4
       6
       5
       1
       5
       2
       5
       7
       4
       7
       3
       6
       1
       7
      11
      11
      11
       5
       8
       9
       9
      13
      11
      10
      11
      12
      16
      12
      15
      17
      14
      14
      12
      13
      15
      13
      16
      12
       9
       7
      12
       4
       2
       3
       6
      12
       8
       0
       5
       2
       9
       6
       2
       2
       4
       1
      10
       4
       1
       7
       6
       3
       6
       2
       3
       5
       7
       5
       8
       7
       1
       5
       3
       5
       6
       5
       3
       6
       7
       6
       2
       5
       5
       3
       4
       3
       0
       5
       2
       3
       3
       0
       1
       2
       3
       4
       4
       1
       4
       3
       4
       4
       4
       5
       6
       3
       2
       7
       6
       4
       2
       6
       2
       2
       2
       3
       6
       4
       6
       5
       1
       5
       2
       6
       2
       1
       2
       4
       0
       4
       1
       2
       5
       4
       6
       5
       8
       4
       3
       2
       1
       2
       2
       4
       1
       4
       4
       8
       4
       1
       3
       2
       5
       3
       6
       4
       3
       4
       6
       7
       2
       4
       2
       5
       7
       4
       5
       4
       4
       3
       2
       4
       3
       8
       4
       2
       4
       8
       9
       3
       6
       4
       5
       4
       4
       4
       5
       3
       4
       8
       3
       2
       1
       3
       5
       4
       7
       4
       4
       2
       5
       6
       4
       3
       4
       5
       3
       5
       9
       4
       6
       7
       4
       5
       7
      10
       3
       6
       4
       5
       3
       7
       4
       1
       4
       5
       2
       3
       4
       1
       7
       1
       3
       5
       6
       2
       4
       7
       3
       3
       1
       5
       2
       3
       2
       6
       5
       3
       4
       2
       2
       1
       3
       5
       2
       4
       3
       4
       3
       1
       3
       2
       1
       7
       2
       0
       5
       4
       2
       3
       4
       1
       4
       2
       3
       3
       2
       5
       0
       3
       4
       2
       4
       2
       4
       5
       2
       3
       4
       9
       2
       3
       2
       1
       5
       3
       3
       6
       4
       3
       4
       3
       1
       1
       5
       3
       3
       2
       2
       5
       4
       3
       3
       4
       4
       0
       3
       4
       1
       2
       3
       0
       2
       3
       6
       5
       1
       2
       5
       0
       3
       2
       1
       2
       3
       5
       4
       3
       1
       1
       2
       2
       1
       1
       2
       5
       0
       3
       2
       1
       1
       4
       4
       1
       3
       1
       2
       4
       3
       2
       1
       2
       1
       2
       5
       5
       4
       1
       0
       3
       5
       3
       2
       1
       1
       4
       4
       6
       1
       5
       4
       4
       2
       2
       4
       0
       1
       2
       3
       3
       1
       6
       1
       0
       2
       4
       3
       1
       2
       2
       2
       3
       3
       2
       3
       4
       5
       2
       3
       3
       7
       2
       2
       3
       0
       4
       3
       3
       4
       3
       1
       1
       6
       2
       5
       0
       2
       1
       2
       2
       1
       3
       8
       2
       1
       5
       6
       0
       4
       6
       4
       4
       5
       3
       5
       3
       4
       4
       7
       6
       6
       6
       1
       9
       6
       8
       7
       1
       4
       1
       2
       1
       3
       2
       4
       1
       2
       3
       1
       1
       3
       4
       3
       3
       3
       4
       3
       0
       3
       1
       5
       1
       0
       2
       2
       2
       0
       2
       4
       3
       3
       3
       6
       3
       3
       1
       7
       0
       2
       2
       2
       4
       2
       4
       1
       3
       3
       2
       3
       2
       1
       0
       4
       1
       3
       1
       1
       1
       2
       2
       3
       0
       3
       1
       2
       2
       3
       4
       1
       3
       1
       2
       3
       1
       1
       1
       2
       1
       2
       1
       1
       2
       1
       4
       1
       2
       1
       1
       3
       1
       1
       1
       3
       4
       2
       1
       3
       1
       2
       3
       0
       3
       0
       1
       4
       3
       3
       5
       0
       1
       3
       1
       4
       5
       3
       2
       1
       3
       1
       1
       4
       2
       0
       0
       0
       1
       0
       2
       6
       2
       4
       4
       0
       1
       3
       2
       1
       1
       0
       2
       0
       2
       0
       3
       3
       2
       0
       2
       0
       1
       2
       0
       2
       4
       1
       1
       0
       2
       2
       3
       3
       0
       1
       0
       1
       2
       1
       1
       1
       1
       1
       1
       3
       2
       1
       0
       2
       0
       4
       4
       3
       3
       1
       1
       2
       4
       3
       1
       1
       1
       0
       4
       1
       1
       1
       4
       3
       0
       1
       4
       0
       2
       2
       0
       3
       3
       1
       0
       1
       3
       1
       1
       2
       0
       2
       2
       2
       1
       0
       1
       1
       4
       2
       2
       1
       3
       2
       5
       0
       1
       0
       2
       1
       1
       1
       2
       2
       0
       3
       1
       1
       0
       0
       2
       3
       4
       3
       3
       2
       0
       2
       0
       2
       0
       1
       0
       0
       0
       0
       2
       0
       1
       1
       2
       0
       2
       2
       4
       2
       0
       2
       1
       1
       0
       2
       0
       2
       1
       3
       1
       3
       4
       0
       2
       2
       1
       0
       1
       0
       1
       2
       1
       0
       1
       2
       0
       1
       2
       0
       0
       2
       0
       2
       1
       2
       1
       3
       3
       3
       5
       3
       0
       7
       4
       2
       7
       2
       6
       3
      13
       8
       6
       4
      13
       9
       9
      22
      17
      19
      19
      17
      22
      17
      14
      21
      24
      18
      21
      20
      23
      24
      29
      20
      21
      22
      26
      27
      20
      17
      18
      10
       9
      13
       9
       8
       7
       5
       5
       6
       5
       3
       5
       1
       5
       0
       2
       1
       4
       0
       0
       1
       2
       2
       0
       2
       2
       3
       0
       1
       0
       0
       0
       3
       3
       0
       1
       1
       2
       2
       0
       2
       0
       1
       1
       0
       0
       3
       0
       0
       0
       4
       3
       0
       1
       1
       1
       1
       1
       3
       0
       3
       2
       0
       1
       1
       0
       2
       2
       1
       0
       1
       3
       2
       2
       1
       0
       0
       1
       2
       2
       2
       2
       1
       3
       0
       0
       3
       1
       1
       0
       5
       3
       1
       1
       0
       2
       3
       1
       0
       1
       3
       2
       0
       3
       2
       1
       3
       2
       1
       1
       1
       3
       1
       0
       1
       2
       3
       2
       2
       2
       1
       0
       2
       3
       1
       0
       1
       0
       0
       0
       2
       1
       1
       1
       2
       1
       5
       1
       3
       0
       2
       0
       0
       3
       1
       0
       3
       1
       1
       2
       0
       1
       1
       0
       1
       0
       1
       0
       4
       2
       3
       2
       0
       0
       2
       0
       1
       3
       0
       2
       2
       4
       2
       2
       4
       2
       0
       1
       1
       2
       1
       2
       2
       1
       0
       2
       1
       1
       1
       0
       1
       2
       2
       1
       0
       1
       2
       2
       0
       2
       1
       1
       0
       3
       1
       3
       3
       1
       1
       2
       2
       1
       2
       1
       2
       0
       1
       0
       1
       3
       0
       1
       3
       1
       1
       1
       1
       1
       2
       0
       0
       4
       0
       3
       2
       1
       2
       1
       3
       2
       3
       0
       0
       2
       4
       3
       0
       0
       2
       1
       3
       1
       1
       1
       2
       1
       0
       2
       3
       1
       1
       0
       2
       1
       0
       1
       1
       1
       1
       2
       0
       1
       2
       0
       0
       1
       5
       0
       1
       0
       0
       0
       0
       0
       3
       1
       0
       0
       2
       1
       2
       2
       1
       0
       3
       0
       1
       2
       0
       0
       0
       2
       1
       4
       2
       1
       0
       2
       2
       0
       2
       1
       0
       2
       2
       1
       2
       0
       0
       3
       3
       2
       0
       1
       0
       1
       5
       1
       0
       3
       0
       3
       1
       0
       0
       2
       1
       1
       0
       1
       1
       0
       1
       1
       3
       2
       1
       3
       0
       0
       1
       1
       0
       0
       1
       2
       0
       0
       2
       1
       1
       2
       1
       0
       1
       4
       0
       1
       0
       1
       0
       0
       1
       0
       1
       0
       0
       3
       1
       0
       0
       0
       4
       0
       1
       0
       2
       2
       0
       0
       2
       2
       0
       1
       0
       0
       1
       1
       1
       2
       2
       1
       2
       1
       2
       4
       0
       1
       0
       3
       0
       1
       3
       0
       0
       0
       1
       1
       2
       2
       0
       0
       3
       2
       1
       0
       3
       1
       0
       2
       4
       1
       2
       2
       1
       0
       1
       0
       0
       1
       3
       1
       0
       0
       5
       0
       0
       1
       1
       2
       0
       2
       2
       2
       1
       1
       1
       1
       2
       0
       0
       0
       2
       2
       1
       1
       0
       1
       3
       1
       2
       0
       0
       3
       0
       1
       0
       2
       3
       2
       0
       2
       2
       1
       3
       1
       2
       0
       1
       5
       3
       1
       1
       2
       2
       4
       0
       3
       2
       1
       1
       3
       2
       0
       2
       0
       1
       1
       0
       0
       3
       0
       1
       1
       3
       2
       0
       2
       0
       1
       1
       2
       1
       2
       1
       3
       0
       1
       1
       6
       0
       0
       4
       1
       2
       1
       1
       0
       2
       0
       0
       2
       2
       0
       3
       1
       0
       1
       1
       1
       2
       2
       3
       0
       1
       0
       2
       1
       0
       1
       0
       1
       2
       0
       2
       1
       1
       1
       0
       1
       1
       2
       2
       1
       1
       1
       2
       0
       1
       1
       0
       0
       0
       0
       2
       1
       0
       0
       2
       2
       2
       0
       2
       0
       3
       1
       0
       4
       1
       1
       1
       4
       1
       0
       0
       3
       1
       1
       3
       0
       1
       0
       1
       0
       0
       0
       3
       1
       1
       0
       2
       1
       0
       0
       1
       2
       2
       1
       1
       1
       0
       0
       1
       1
       0
       0
       2
       4
       1
       1
       0
       0
       0
       0
       2
       2
       2
       1
       1
       1
       2
       0
       1
       1
       2
       3
       0
       3
       2
       2
       1
       0
       0
       3
       2
       2
       0
       1
       0
       1
       0
       0
       2
       1
       2
       0
       1
       3
       0
       0
       2
       1
       0
       1
       0
       0
       0
       0
       1
       3
       0
       3
       2
       0
       0
       1
       1
       1
       1
       0
       2
       0
       0
       1
       2
       2
       2
       2
       3
       1
       0
       3
       1
       1
       0
       1
       4
       0
       2
       1
       3
       2
       2
       4
       0
       3
       2
       0
       1
       1
       1
       1
       1
       1
       1
       1
       3
       3
       1
       0
       2
       1
       2
       0
       1
       1
       3
       1
       0
       2
       0
       0
       1
       1
       0
       1
       1
       0
       6
       1
       0
       1
       2
       1
       4
       1
       1
       2
       0
       3
       1
       3
       3
       1
       2
       1
       2
       0
       1
       1
       0
       0
       1
       1
       3
       1
       0
       0
       0
       1
       0
       1
       0
       2
       1
       3
       1
       1
       1
       3
       2
       3
       3
       1
       2
       0
       4
       0
       2
       1
       0
       1
       0
       1
       1
       0
       1
       1
       0
       3
       1
       1
       0
       3
       0
       0
       2
       1
       2
       2
       1
       1
       1
       1
       3
       1
       0
       0
       2
       0
       1
       0
       0
       2
       1
       1
       1
       0
       1
       1
       2
       0
       1
       1
       0
       1
       1
       1
       2
       0
       0
       1
       0
       1
       0
       1
       1
       0
       1
       2
       0
       3
       1
       2
       2
       2
       1
       1
       2
       2
       2
       0
       1
       0
       1
       3
       0
       1
       1
       0
       1
       2
       1
       4
       4
       2
       2
       0
       2
       3
       1
       0
       1
       2
       3
       2
       1
       2
       1
       1
       1
       0
       2
       1
       0
       1
       0
       3
       3
       0
       0
       1
       0
       0
       1
       2
       1
       3
       0
       4
       0
       1
       0
       1
       1
       2
       0
       1
       0
       0
       1
       0
       1
       1
       1
       0
       1
       0
       0
       2
       1
       1
       1
       2
       3
       3
       1
       2
       1
       0
       2
       2
       2
       3
       1
       2
       1
       0
       1
       0
       1
       0
       2
       1
       2
       1
       2
       1
       1
       0
       0
       0
       0
       0
       1
       1
       0
       0
       2
       1
       1
       0
       1
       1
       4
       2
       1
       2
       1
       1
       0
       0
       1
       1
       1
       2
       0
       0
       0
       1
       1
       1
       4
       1
       2
       1
       0
       0
       0
       1
       4
       0
       1
       2
       2
       1
       1
       0
       2
       1
       0
       1
       0
       1
       2
       1
       2
       0
       2
       0
       0
       1
       3
       1
       0
       3
       0
       2
       0
       0
       0
       1
       3
       1
       0
       0
       0
       0
       0
       0
       0
       0
       0
       0
       0
       0
       0
       0
       0
       0
       0
       0
       0
       0
       0
       0
       0
       0
       0
       0
       0
       0
       0
       0
       0
       0
       0
       0
       0
       0
       0
       0
       0
       0
       0
       0
       0
       0
       0
       0
       0
       0
       0
       0
       0
       0
       0
       0
       0
       0
       0
       0
       0
       0
       0
       0
       0
       0
       0
       0
       0
       0
       0
       0
       0
       0
       0
       0
       0
       0
       0
       0
       0
       0
       0
       0
       0
       0
       0
       0
       0
       0
       0
       0
       0
       0
       0
       0
       0
       0
       0
       0
       0
       0
       0
       0
       0
       0
       0
       0
       0
       0
       0
       0
       0
       0
       0
       0
       0
       0
       0
       0
       0
       0
       0
       0
       0
       0
       0
       0
       0
       0
       0
       0
       0
       0
       0
       0
       0
       0
       0
       0
       0
       0
       0
       0
       0
       0
       0
       0
       0
       0
       0
       0
       0
       0
       0
       0
       0
       0
       0
       0
       0
       0
       0
       0
       0
       0
       0
       0
       0
       0
       0
       0
       0
       0
       0
       0
       0
       0
       0
       0
       0
       0
       0
       0
       0
       0
       0
       0
       0
       0
$ROI:
0
$PRESETS:
None
0
0
$ENER_FIT:
-0.479377 0.397317
$MCA_CAL:
3
-4.793768E-001 3.973171E-001 -2.936616E-009 keV
$SHAPE_CAL:
3
2.913355E+000 2.829383E-003 4.133060E-008
