$SPEC_ID:
Pulser
$SPEC_REM:
DET# 2
DETDESC# DETECTOR 2
AP# GammaVision Version 7.01.03
$DATE_MEA:
04/27/2017 23:13:26
$MEAS_TIM:
14400 15648
$DATA:
0 8191
       0
       0
       0
       0
       0
       0
       0
       0
       0
       0
       0
       0
       0
       0
       0
       0
       0
       0
       0
       0
       0
       1
       1
    4091
  249717
  296970
  163575
  145419
  145843
  165566
  254810
  465920
  712421
  785536
  620660
  396358
  272562
  294079
  517819
 1054696
 1776586
 2101334
 1661125
  912624
  413016
  228773
  236483
  344519
  438548
  422790
  326557
  232591
  173060
  140427
  124452
  118038
  114698
  114774
  115488
  116205
  117436
  120502
  128946
  162448
  221091
  253871
  217846
  155589
  116504
  104407
  100572
   97670
   96198
   95254
   94630
   94089
   92856
   91159
   89877
   89102
   88411
   88459
   87327
   86807
   85121
   82889
   80896
   79721
   77900
   76954
   77046
   75896
   74750
   74409
   73984
   73180
   72911
   72928
   72908
   73000
   72246
   72118
   72036
   72622
   72874
   74836
   76964
   79318
   79509
   79749
   78806
   77323
   76799
   77258
   76783
   76950
   77464
   77928
   77237
   77761
   78184
   78965
   78750
   79225
   79584
   80450
   80963
   81450
   81637
   82091
   83975
   89179
  122680
  218555
  353816
  405844
  312954
  178759
  105905
   85346
   82523
   82160
   83645
   84879
   86722
   90080
   99606
  117584
  133530
  131959
  114863
  101768
   96644
   97472
   98514
   99732
  101601
  103382
  106742
  111467
  115462
  117232
  117877
  116888
  116152
  117472
  118589
  120841
  123341
  126200
  129510
  132426
  136730
  141720
  145365
  150561
  154471
  157909
  162505
  167021
  173678
  186765
  214076
  252738
  273526
  252242
  219858
  218371
  252998
  285239
  269712
  221275
  182881
  167167
  164195
  161604
  160499
  157467
  151815
  147556
  145109
  143200
  148010
  173599
  231487
  305170
  337630
  309327
  256295
  221646
  293036
  604426
 1136033
 1506602
 1324448
  778699
  343958
  163362
  122518
  120285
  125615
  129751
  129793
  138082
  180635
  315137
  585291
  874085
  927696
  686994
  388795
  237046
  242741
  366583
  634522
 1034576
 1448074
 1824813
 2346336
 2859408
 2754789
 1927203
 1039948
  537225
  350245
  401062
  880757
 2077643
 3716836
 4625931
 3903476
 2244186
  916279
  326254
  153612
  115008
  120629
  151768
  188153
  197554
  165229
  125163
  114159
  150653
  233726
  338771
  425417
  441171
  371964
  259439
  179054
  159032
  195086
  288646
  443858
  624135
  752362
  824891
  941761
 1188120
 1486839
 1628555
 1448253
  994489
  533989
  270112
  202298
  272662
  431082
  588947
  628679
  525330
  359680
  217925
  129098
   84582
   68396
   62316
   59119
   56991
   56177
   57027
   65869
   90635
  138046
  186934
  198662
  161224
  104829
   67580
   53635
   50030
   50072
   50702
   52523
   54819
   55265
   53513
   50173
   47875
   47190
   46688
   46075
   45467
   44973
   44450
   44307
   43621
   44005
   43986
   43309
   43371
   43161
   43029
   43216
   43197
   44716
   45444
   47070
   47872
   48267
   49780
   52395
   53846
   52371
   48402
   45338
   43458
   42730
   41922
   42549
   42587
   45169
   51426
   62403
   73442
   76933
   70314
   66356
  105613
  275134
  671158
 1239838
 1671537
 1615119
 1101270
  525349
  188232
   73633
   49225
   44136
   41996
   40451
   39567
   39462
   39095
   39296
   39710
   40787
   43128
   46561
   49194
   49620
   47077
   42746
   40833
   40305
   40561
   40118
   40608
   40812
   40914
   40151
   40522
   40979
   41599
   41728
   41340
   40616
   40708
   40517
   41515
   41799
   43038
   43261
   43054
   41945
   44398
   62921
  134599
  309580
  584248
  845563
  915421
  728096
  417740
  183773
   76360
   47255
   42315
   40740
   40310
   39788
   39939
   39864
   39383
   39640
   39695
   39627
   39668
   39690
   39247
   39675
   39490
   40248
   40800
   41935
   43087
   44571
   45895
   47324
   47786
   47864
   47777
   47460
   46695
   44410
   43472
   42311
   41872
   42977
   43854
   45222
   46290
   46183
   45235
   44716
   48577
   57999
   76030
   97339
  112841
  113739
  130481
  292441
  961399
 2689502
 5664589
 8928886
10595097
 9403905
 6091191
 2795128
  901055
  224810
   70913
   45807
   39277
   35239
   31602
   30530
   29480
   30470
   31088
   31117
   30465
   28795
   28578
   33397
   49072
   78844
  115086
  139432
  133762
  102203
   63370
   37999
   27748
   25700
   26856
   29913
   33641
   35223
   34079
   31662
   30026
   37648
   61977
  106628
  160040
  197263
  190977
  145708
   99764
  107695
  214801
  441530
  726948
  931773
  918222
  684443
  378795
  155165
   51980
   22515
   16717
   15641
   15234
   14887
   14259
   13888
   13477
   12856
   12537
   12327
   12091
   11651
   11683
   11529
   11698
   12469
   13211
   14755
   15965
   16430
   15374
   14613
   14743
   15836
   17685
   19120
   18392
   16019
   14188
   13326
   14491
   18352
   24807
   29984
   32196
   29029
   22713
   15885
   11982
   10510
   10098
   10062
   10014
   10134
   10037
   10027
   10006
   10109
   10144
   10932
   11583
   12219
   12686
   11977
   11230
   10070
    9783
    9386
    9563
    9439
    9881
   10795
   12632
   14463
   15964
   15963
   14817
   13018
   12238
   12764
   13913
   15117
   14938
   14436
   13546
   12232
   11124
   10239
   10164
   10777
   12929
   15880
   19753
   20921
   20082
   17079
   13765
   10865
    9710
    9046
    8443
    8423
    8582
    8806
    9459
   11083
   13323
   15644
   16612
   15963
   14032
   12642
   12734
   14238
   16411
   17715
   17351
   14953
   12335
    9929
    9349
    9291
    9181
    9372
    9536
    9448
    9304
    9249
    9402
    9618
    9983
   10161
   10323
   10246
    9859
    9526
    9313
    9224
    9061
    9006
    8953
    8884
    9027
    8927
    8793
    8605
    8706
    8415
    8341
    8461
    8223
    8212
    8223
    8505
    8819
    9042
    9414
    9659
    9846
    9798
    9670
    9640
   10131
   10515
   11395
   11613
   11487
   11220
   10748
   10306
   10342
   10031
    9549
    9303
    9395
    9997
   11376
   13908
   17239
   20492
   21961
   21419
   18890
   16009
   14261
   15470
   18641
   23005
   26629
   27943
   26328
   22810
   18604
   14952
   12488
   10698
   10015
    9908
   10678
   11804
   12838
   13143
   12614
   11200
    8953
    7503
    6299
    5872
    5587
    5642
    5687
    5572
    5881
    6069
    6705
    7764
    9314
   10917
   12572
   13540
   14243
   13541
   12270
   10894
    9825
    9665
    9637
   10075
   10202
   10291
   10467
   10296
    9896
    9425
    8964
    8000
    6793
    6241
    5994
    6429
    7079
    8032
    8592
    8622
    7729
    6785
    5788
    5049
    4676
    4478
    4305
    4082
    3937
    3704
    3638
    3485
    3446
    3458
    3481
    3472
    3436
    3360
    3363
    3180
    3210
    3408
    3538
    3611
    3762
    3975
    4071
    4025
    4120
    4261
    4453
    4368
    4270
    4134
    3876
    3715
    3529
    3433
    3420
    3521
    3532
    3387
    3331
    3145
    3173
    3146
    3226
    3136
    3114
    3099
    3040
    3032
    2966
    2964
    2950
    3092
    3271
    3416
    3406
    3554
    3529
    3620
    3638
    3649
    3709
    3595
    3547
    3561
    3599
    3906
    4002
    4220
    4370
    3962
    3616
    3222
    2761
    2583
    2381
    2362
    2523
    2428
    2548
    2595
    2675
    2719
    2742
    2822
    2932
    3007
    3081
    3031
    2984
    2967
    2917
    2823
    2798
    2702
    2754
    2689
    2672
    2709
    2763
    2558
    2582
    2683
    2783
    2833
    3266
    4218
    5166
    6773
    8204
    8934
    8774
    7471
    6081
    4698
    3784
    3349
    3215
    3273
    3247
    3559
    3916
    4360
    4722
    5185
    5192
    4905
    4075
    3506
    2951
    2631
    2528
    2510
    2579
    2759
    2758
    2904
    2821
    2740
    2759
    2735
    2649
    2670
    2620
    2623
    2529
    2608
    2502
    2619
    2585
    2676
    2720
    2733
    2790
    2846
    3084
    3144
    3254
    3403
    3294
    3414
    3528
    3882
    4509
    5173
    5788
    6128
    6330
    5992
    5574
    5194
    5229
    5652
    5742
    5673
    5074
    4014
    2982
    2093
    1455
    1240
    1181
    1113
    1178
    1140
    1153
    1118
    1149
    1198
    1226
    1245
    1181
    1288
    1170
    1162
    1232
    1251
    1257
    1149
    1128
    1223
    1092
    1121
    1164
    1147
    1123
    1177
    1277
    1475
    1831
    2427
    3692
    5457
    7429
    9314
   10792
   10928
    9664
    7685
    5380
    3326
    2252
    1811
    1591
    1557
    1313
    1093
     880
     790
     693
     699
     668
     709
     669
     632
     680
     671
     648
     730
     664
     707
     656
     695
     712
     747
     795
     863
    1039
    1144
    1227
    1377
    1449
    1404
    1291
    1051
     997
     994
     960
    1058
    1015
     970
     962
     820
     780
     754
     703
     649
     685
     660
     755
     816
     784
     844
     752
     725
     695
     648
     644
     586
     639
     593
     595
     614
     611
     601
     581
     617
     613
     601
     621
     675
     686
     635
     675
     640
     668
     598
     606
     567
     616
     566
     609
     575
     607
     587
     563
     615
     570
     644
     634
     650
     623
     655
     662
     660
     753
     722
     667
     643
     611
     629
     616
     581
     641
     669
     780
     858
     938
     907
     874
     805
     809
     737
     596
     567
     573
     524
     552
     526
     544
     543
     543
     581
     544
     537
     562
     551
     502
     506
     569
     549
     590
     510
     559
     602
     540
     596
     616
     619
     636
     656
     656
     642
     626
     565
     575
     600
     642
     618
     626
     593
     640
     565
     559
     571
     574
     647
     623
     622
     607
     623
     576
     578
     607
     592
     608
     522
     573
     580
     565
     553
     514
     549
     559
     504
     514
     540
     539
     558
     540
     572
     557
     534
     560
     548
     515
     538
     543
     541
     503
     509
     520
     519
     504
     522
     475
     516
     549
     542
     565
     513
     570
     541
     596
     539
     516
     549
     515
     512
     499
     559
     516
     486
     519
     562
     501
     503
     510
     491
     491
     455
     463
     494
     413
     460
     457
     459
     478
     457
     462
     470
     437
     409
     421
     437
     434
     437
     417
     406
     445
     435
     410
     437
     478
     461
     456
     462
     494
     462
     428
     419
     439
     408
     435
     437
     401
     427
     433
     426
     397
     389
     424
     421
     401
     415
     430
     419
     412
     397
     458
     429
     433
     402
     435
     390
     380
     401
     396
     350
     421
     399
     392
     400
     351
     379
     371
     392
     408
     388
     378
     403
     412
     443
     429
     455
     500
     511
     556
     571
     567
     540
     530
     502
     513
     521
     530
     494
     490
     441
     444
     450
     405
     385
     422
     387
     338
     353
     368
     394
     391
     363
     324
     367
     363
     389
     396
     345
     335
     351
     384
     364
     361
     409
     393
     470
     450
     425
     470
     461
     499
     426
     426
     521
     552
     661
     700
     768
     885
    1039
    1220
    1544
    1989
    2428
    2821
    2851
    2743
    2323
    1722
    1243
     834
     593
     395
     390
     355
     368
     385
     347
     365
     386
     396
     441
     433
     415
     408
     387
     395
     362
     364
     348
     343
     370
     331
     345
     333
     345
     366
     354
     334
     366
     389
     413
     392
     393
     429
     432
     425
     495
     460
     424
     374
     341
     347
     337
     328
     298
     338
     327
     280
     343
     321
     372
     412
     475
     629
     744
    1052
    1215
    1325
    1623
    1598
    1503
    1158
     942
     713
     510
     398
     326
     338
     311
     307
     297
     308
     324
     330
     320
     304
     298
     286
     263
     290
     258
     288
     284
     263
     278
     280
     265
     314
     271
     301
     273
     319
     294
     276
     270
     257
     272
     298
     267
     256
     293
     266
     279
     261
     276
     277
     245
     256
     275
     277
     260
     255
     228
     257
     283
     245
     249
     279
     252
     269
     293
     287
     248
     250
     304
     281
     287
     263
     293
     238
     235
     252
     251
     222
     250
     269
     250
     252
     260
     233
     227
     241
     235
     243
     248
     239
     246
     256
     238
     227
     251
     246
     247
     236
     247
     221
     232
     223
     232
     231
     226
     241
     221
     192
     244
     237
     235
     208
     262
     249
     228
     227
     224
     216
     262
     260
     273
     264
     283
     296
     249
     266
     224
     248
     281
     299
     338
     404
     497
     628
     732
     908
    1047
    1102
    1141
    1102
     922
     707
     562
     456
     338
     265
     261
     224
     242
     223
     259
     240
     233
     237
     234
     240
     265
     245
     244
     265
     303
     268
     283
     255
     267
     271
     241
     275
     230
     212
     238
     205
     198
     207
     189
     207
     218
     229
     219
     209
     251
     211
     229
     214
     238
     233
     268
     269
     272
     290
     258
     264
     315
     291
     261
     237
     252
     230
     215
     220
     199
     206
     219
     257
     235
     210
     238
     227
     244
     214
     216
     242
     199
     212
     222
     224
     187
     212
     219
     168
     230
     213
     207
     218
     207
     184
     190
     189
     226
     200
     205
     193
     203
     181
     190
     199
     221
     198
     204
     223
     242
     229
     256
     278
     286
     341
     354
     378
     354
     408
     405
     373
     423
     466
     622
     736
    1047
    1396
    1702
    2080
    2252
    2561
    2614
    2529
    2350
    2404
    2722
    2919
    3176
    3509
    3511
    3407
    2827
    2061
    1585
    1117
     777
     628
     494
     462
     484
     528
     571
     630
     738
     710
     699
     664
     508
     422
     361
     309
     284
     263
     226
     239
     214
     214
     193
     202
     213
     210
     200
     251
     211
     211
     222
     213
     233
     227
     205
     199
     215
     213
     213
     193
     189
     188
     223
     229
     193
     185
     190
     207
     228
     208
     221
     228
     210
     201
     222
     210
     190
     182
     211
     188
     198
     207
     176
     166
     202
     177
     179
     186
     186
     152
     189
     170
     183
     172
     181
     154
     190
     205
     180
     189
     182
     182
     184
     181
     168
     159
     172
     176
     177
     188
     157
     182
     162
     187
     195
     191
     192
     189
     235
     204
     235
     236
     216
     206
     224
     192
     227
     202
     204
     198
     191
     203
     182
     175
     175
     189
     163
     158
     184
     177
     204
     181
     179
     159
     163
     163
     163
     171
     175
     185
     163
     183
     159
     173
     176
     164
     168
     189
     174
     175
     208
     229
     231
     231
     231
     254
     291
     286
     282
     302
     293
     262
     292
     317
     281
     255
     228
     208
     192
     213
     181
     166
     173
     176
     159
     156
     184
     168
     185
     183
     171
     141
     157
     159
     168
     154
     151
     168
     161
     127
     150
     191
     175
     187
     218
     191
     204
     250
     263
     353
     400
     476
     531
     641
     804
    1073
    1263
    1441
    1648
    1707
    1793
    1668
    1491
    1119
     879
     622
     442
     358
     312
     271
     283
     321
     373
     402
     462
     503
     507
     464
     428
     367
     347
     275
     267
     253
     224
     191
     207
     178
     180
     192
     196
     209
     185
     177
     190
     183
     182
     169
     172
     173
     168
     154
     160
     170
     168
     169
     168
     164
     175
     161
     202
     214
     231
     254
     269
     325
     332
     346
     368
     369
     326
     347
     336
     289
     296
     275
     291
     309
     294
     364
     416
     450
     496
     500
     499
     473
     427
     359
     329
     260
     235
     235
     212
     191
     197
     213
     178
     171
     165
     182
     203
     181
     154
     185
     172
     179
     153
     197
     177
     170
     162
     156
     177
     177
     195
     200
     201
     186
     176
     192
     179
     171
     162
     155
     156
     173
     139
     144
     137
     132
     145
     153
     153
     154
     138
     170
     170
     147
     150
     160
     165
     148
     139
     166
     152
     160
     166
     151
     137
     152
     148
     141
     149
     136
     135
     118
     167
     161
     137
     169
     144
     160
     167
     156
     172
     148
     166
     175
     170
     144
     163
     157
     146
     153
     136
     173
     175
     150
     175
     185
     176
     177
     208
     206
     229
     208
     221
     197
     177
     192
     185
     165
     171
     149
     142
     141
     144
     145
     120
     132
     137
     147
     148
     158
     129
     140
     141
     159
     151
     157
     133
     143
     126
     138
     138
     159
     128
     121
     128
     159
     113
     146
     145
     146
     154
     154
     163
     210
     210
     203
     247
     256
     270
     279
     288
     223
     224
     206
     199
     206
     207
     191
     176
     192
     219
     201
     187
     199
     197
     189
     166
     158
     163
     131
     128
     143
     144
     152
     142
     132
     134
     121
     137
     148
     143
     136
     140
     141
     144
     131
     147
     124
     127
     135
     134
     135
     133
     136
     120
     126
     127
     137
     158
     157
     170
     139
     142
     137
     153
     131
     158
     145
     158
     141
     133
     128
     133
     140
     111
     116
     114
     119
      96
     119
     122
     116
     135
     101
     118
     125
     134
     106
     104
     110
     110
     123
     136
     141
     111
     134
     118
     110
     120
     124
     132
     101
     100
     119
     121
     110
     130
     126
     113
     125
     114
     136
     146
     157
     167
     168
     169
     183
     198
     191
     180
     164
     167
     135
     151
     152
     149
     131
     164
     151
     138
     143
     126
     146
     144
     137
     107
     136
     111
     138
     106
     112
     112
     116
     108
     118
     107
     122
     123
     111
     113
     119
     133
     109
     110
     109
     117
      88
     107
     103
     101
     114
     105
     123
     105
     126
     122
     127
     140
     126
     126
     125
     124
     123
     117
     138
     134
     140
     123
     116
     111
     119
     123
     119
     102
     111
     111
      82
     109
     101
     107
      85
     110
     108
     104
     127
     114
     108
     119
      99
     113
     120
      98
     116
     122
     101
     123
     106
     126
     134
     113
     117
     114
     109
     111
     127
     109
     138
     124
     141
     112
     112
     118
      99
      88
      89
     118
     122
     113
     123
     113
      95
     101
     111
     107
     106
     101
     114
     100
     136
     120
     115
     141
     142
     126
     135
     147
     158
     144
     134
     113
     123
     108
     136
     123
     120
     102
     138
     111
     133
     151
     143
     194
     178
     224
     202
     203
     211
     195
     207
     180
     179
     145
     135
     119
     102
     106
     118
      96
      97
      81
      96
     100
     101
      97
      97
     109
      80
      98
     100
      93
     120
     107
     126
     106
     127
     120
     128
     124
     129
     124
     105
     132
     140
     102
      90
     111
     110
     113
     109
     107
     125
     128
     127
     150
     141
     140
     132
     152
     134
     128
     132
     125
     115
     120
     103
      87
      92
      84
     101
     111
      86
      78
      90
      90
      94
      95
      77
     124
     102
     108
     123
     103
     112
      90
      98
     109
     101
     102
     110
      88
      89
     104
      99
     102
     104
     103
     125
      95
      92
     101
     119
      83
     108
     129
     108
     106
     114
      87
     100
      84
      78
      96
      99
     106
      84
      85
      78
      79
      91
      89
      88
      98
      83
      84
      75
      91
      88
      95
     106
      86
      93
     103
      95
     114
      89
      88
      88
      89
      85
      88
      91
      84
      93
      76
      78
      83
      87
     104
      73
      96
      80
      92
      94
     103
      92
      83
      89
      94
      88
     103
     109
      92
     108
     123
     129
     128
     167
     192
     185
     249
     268
     256
     296
     304
     302
     297
     263
     254
     242
     167
     157
     146
     127
     111
      82
      94
      90
      99
      77
     103
      86
      74
      93
      92
      98
      73
      78
      76
      99
      82
      86
      91
      94
      83
      63
      85
      87
      85
      78
      72
      67
      82
      79
      85
      87
      98
      89
     110
      86
     114
     111
     131
     141
     157
     185
     190
     219
     259
     327
     338
     369
     361
     362
     338
     374
     325
     278
     245
     209
     175
     139
     107
     108
     119
      91
     104
     111
      91
      94
      92
      92
      88
      79
      95
      94
      80
      83
      96
      93
      85
     105
      72
      94
     121
     118
     127
     128
     141
     143
     123
     125
     149
     123
     117
     114
      90
      83
      93
      85
      87
      96
      79
      72
      82
      74
      79
      62
      82
     100
      85
      67
      85
      67
      97
      91
      75
      75
      86
      97
      91
      87
      89
      88
      80
      91
      73
      83
      82
      81
      87
      83
      75
      95
      90
      55
      70
      62
      83
      64
      71
      65
      83
      69
      77
      75
      75
      79
      87
      85
      79
      82
      72
      83
      80
      56
      95
      75
      66
      74
      75
      70
      81
      86
      72
      67
      68
      93
      68
      69
      88
      73
      74
      64
      66
      84
      60
      65
      76
      64
      86
      87
      65
      70
      69
      59
      83
      79
      69
      71
      57
      65
      52
      85
      73
      78
      67
      70
      68
      75
      60
      66
      73
      78
      66
      64
      82
      70
      72
      70
      66
      76
      57
      68
      71
      59
      75
      68
      73
      68
      64
      62
      61
      70
      70
      71
      67
      55
      77
      52
      62
      59
      63
      71
      65
      59
      79
      88
      72
      72
      86
      66
      55
      77
      78
      84
      84
      70
      98
      69
      80
      81
      75
      85
      70
      69
      62
      72
      65
      59
      76
      74
      58
      62
      71
      60
      60
      74
      59
      64
      51
      65
      71
      59
      74
      69
      62
      85
      66
      64
      68
      63
      69
      77
      90
      69
     103
      83
     124
     127
     120
     144
     161
     164
     162
     169
     172
     204
     199
     151
     132
     129
     127
     108
      98
     102
      65
      98
      86
      81
     101
     105
     117
     103
      95
     123
     119
     133
     154
     143
     163
     173
     176
     184
     193
     154
     163
     143
     139
     144
     105
     106
      92
      81
      80
      68
      68
      88
      79
      80
      72
      73
      68
      65
      64
      72
      75
      64
      73
      81
      68
      68
      71
      59
      73
      63
      79
      69
      96
      77
      74
      84
      69
      77
      89
      65
      83
     100
      90
      70
      63
      82
      74
      77
      69
      83
      68
      78
      79
      71
      76
      74
      81
      75
      72
      72
      61
      64
      70
      62
      62
      69
      69
      62
      62
      63
      52
      68
      62
      69
      68
      70
      75
      47
      62
      64
      64
      55
      68
      50
      59
      63
      61
      66
      64
      66
      57
      62
      72
      62
      64
      67
      53
      79
      52
      67
      54
      64
      62
      51
      59
      54
      57
      54
      44
      60
      50
      61
      52
      49
      52
      58
      63
      52
      64
      56
      59
      60
      67
      48
      54
      48
      72
      52
      61
      54
      50
      49
      53
      55
      43
      62
      46
      44
      55
      55
      62
      46
      53
      59
      53
      54
      53
      60
      62
      66
      51
      56
      59
      50
      54
      61
      56
      51
      53
      53
      43
      51
      40
      60
      64
      46
      38
      52
      46
      60
      54
      50
      50
      61
      43
      45
      58
      67
      49
      52
      49
      56
      47
      54
      56
      71
      64
      62
      54
      57
      71
      65
      51
      51
      59
      43
      44
      53
      47
      51
      47
      48
      51
      53
      44
      45
      51
      34
      59
      40
      43
      50
      48
      49
      46
      35
      54
      48
      68
      41
      57
      52
      46
      60
      51
      54
      45
      47
      52
      42
      50
      55
      51
      52
      52
      46
      52
      47
      48
      49
      63
      41
      42
      47
      40
      44
      67
      43
      42
      59
      59
      60
      57
      66
      62
      59
      81
      76
      61
      89
      95
      80
      78
      91
      92
      85
      87
      95
      72
     112
      80
      91
      65
      63
      48
      57
      51
      45
      44
      44
      60
      52
      47
      42
      53
      43
      39
      41
      39
      50
      53
      44
      52
      47
      42
      50
      53
      52
      51
      53
      41
      52
      47
      50
      39
      57
      42
      44
      62
      70
      61
      68
      76
      93
     103
     117
     127
     144
     158
     166
     168
     157
     194
     184
     189
     178
     146
     126
     100
     102
      79
      77
      58
      63
      63
      56
      45
      53
      49
      44
      51
      50
      47
      50
      48
      53
      46
      38
      48
      51
      43
      35
      44
      51
      68
      50
      47
      51
      50
      43
      46
      58
      57
      47
      37
      47
      38
      54
      55
      54
      47
      54
      45
      55
      51
      46
      54
      35
      43
      48
      47
      44
      42
      32
      32
      25
      40
      45
      27
      42
      59
      42
      51
      31
      40
      32
      35
      48
      43
      43
      40
      55
      46
      35
      36
      62
      57
      47
      57
      55
      49
      58
      50
      54
      51
      52
      63
      67
      57
      44
      47
      60
      40
      52
      43
      35
      33
      33
      36
      44
      42
      43
      36
      47
      46
      47
      53
      42
      25
      39
      27
      41
      32
      34
      24
      32
      43
      39
      35
      42
      38
      35
      37
      34
      43
      33
      37
      50
      24
      30
      41
      35
      38
      34
      39
      39
      39
      33
      33
      40
      44
      27
      52
      35
      39
      41
      39
      30
      41
      48
      35
      33
      42
      37
      44
      27
      34
      35
      28
      37
      35
      31
      31
      27
      35
      28
      36
      41
      31
      37
      35
      33
      36
      32
      29
      32
      41
      36
      44
      30
      28
      44
      33
      41
      39
      39
      34
      38
      32
      35
      37
      30
      45
      32
      32
      33
      25
      33
      36
      31
      29
      35
      39
      22
      33
      26
      43
      32
      40
      26
      34
      32
      30
      38
      41
      26
      38
      38
      29
      29
      35
      26
      48
      38
      34
      31
      33
      47
      42
      44
      31
      25
      28
      35
      31
      30
      37
      31
      40
      34
      38
      34
      32
      33
      35
      39
      36
      34
      49
      47
      52
      49
      60
      38
      65
      65
      61
      79
      78
      83
      88
     103
      97
      76
     110
     110
     116
     100
     109
      88
      72
      65
      62
      63
      53
      53
      45
      62
      34
      58
      45
      46
      42
      58
      54
      50
      49
      65
      64
      71
      65
      72
      67
      62
      61
      56
      64
      81
      72
      76
      94
      83
      87
      84
      97
      93
      84
      75
      72
      73
      78
      53
      51
      38
      44
      33
      32
      37
      31
      25
      25
      41
      35
      26
      28
      30
      36
      44
      21
      29
      37
      38
      30
      33
      52
      51
      43
      46
      48
      46
      48
      44
      51
      41
      51
      47
      45
      46
      64
      41
      51
      53
      57
      43
      37
      56
      53
      51
      50
      51
      56
      44
      58
      47
      52
      46
      44
      53
      32
      42
      30
      29
      43
      39
      46
      32
      28
      24
      45
      41
      26
      37
      27
      37
      40
      29
      38
      26
      28
      28
      41
      30
      32
      31
      40
      33
      22
      25
      35
      23
      22
      27
      23
      31
      39
      33
      32
      19
      40
      35
      31
      31
      28
      30
      31
      35
      29
      22
      31
      32
      30
      24
      22
      26
      29
      29
      29
      21
      27
      28
      29
      30
      30
      33
      31
      38
      30
      24
      41
      39
      35
      38
      32
      33
      32
      56
      47
      38
      31
      33
      49
      33
      38
      43
      41
      31
      26
      38
      27
      38
      29
      36
      27
      25
      19
      21
      37
      34
      29
      29
      24
      25
      22
      36
      33
      38
      34
      45
      39
      28
      51
      50
      67
      47
      57
      49
      52
      50
      39
      66
      57
      61
      65
      64
      47
      45
      48
      43
      28
      40
      32
      27
      26
      25
      19
      19
      32
      13
      30
      36
      21
      31
      26
      26
      25
      33
      27
      21
      25
      18
      23
      24
      28
      37
      28
      28
      33
      22
      26
      29
      17
      15
      19
      25
      26
      21
      25
      36
      25
      31
      30
      26
      27
      34
      25
      33
      22
      30
      26
      22
      19
      33
      28
      10
      19
      23
      20
      34
      29
      20
      24
      21
      28
      23
      27
      21
      16
      29
      31
      28
      29
      32
      13
      16
      29
      29
      19
      22
      26
      30
      26
      28
      32
      29
      26
      19
      27
      27
      30
      22
      21
      25
      28
      34
      27
      23
      31
      25
      30
      23
      35
      32
      39
      25
      39
      27
      30
      26
      24
      34
      27
      32
      31
      26
      32
      36
      34
      29
      39
      25
      35
      34
      25
      20
      32
      31
      18
      34
      29
      26
      37
      21
      28
      20
      32
      23
      28
      32
      27
      17
      30
      22
      21
      33
      24
      23
      25
      31
      33
      15
      28
      25
      23
      14
      12
      16
      16
      25
      13
      27
      16
      22
      26
      20
      22
      37
      25
      25
      25
      22
      18
      23
      26
      28
      24
      23
      23
      32
      23
      18
      21
      25
      16
      21
      22
      20
      19
      13
      18
      34
      22
      33
      18
      17
      20
      24
      26
      20
      24
      30
      19
      19
      22
      23
      24
      21
      20
      20
      24
      21
      27
      20
      28
      12
      20
      21
      16
      23
      22
      16
      18
      18
      23
      22
      24
      20
      29
      21
      19
      23
      19
      18
      27
      17
      25
      22
      17
      23
      19
      24
      16
      17
      21
      25
      15
      16
      12
      15
      25
      17
      25
      17
      14
      17
      21
      22
      21
      24
      27
      32
      27
      18
      17
      20
      24
      19
      31
      16
      22
      19
      26
      19
      19
      24
      15
      20
      22
      23
      15
      16
      15
      25
      16
      21
      22
      24
      17
      18
      16
      26
      14
      23
      16
      27
      18
      23
      16
      22
      17
      16
      10
      26
      30
      10
      19
      14
      21
      19
      22
      19
      19
      18
      15
      22
      21
      15
      25
      17
      19
      12
      19
      22
      20
      28
      13
      20
      30
      23
      27
      26
      18
      20
      32
      38
      33
      32
      35
      42
      33
      42
      35
      35
      30
      26
      28
      25
      34
      21
      19
      20
      16
      21
      17
      16
      22
      13
      12
      14
      12
      14
      17
      17
      15
      20
      11
      13
       6
      23
      15
      17
      15
      16
      22
      14
      24
      14
      10
      19
      14
      16
      12
      19
      26
      12
      15
      13
      22
      19
      17
      24
      18
      14
      14
      17
      14
      13
      24
      13
      14
      21
      20
      20
      18
      23
      15
      18
      15
      12
      19
      14
      11
      15
      11
      16
      18
       9
      19
      14
      12
      17
      10
      13
      11
      11
      15
      18
      14
      13
      12
       9
      10
      20
      13
      12
      17
      16
      15
      16
      17
      15
       9
      14
      14
      13
      14
      14
      12
      15
      19
      13
       7
      16
      15
      13
      17
      14
      13
      10
      18
      15
      16
      19
      15
      18
      15
      12
      19
      22
      22
      13
      13
      11
       9
      15
       5
      12
      21
       9
      10
      13
      14
      15
      15
      14
       9
       8
      13
      13
      16
      15
      17
      12
      18
      10
      17
      12
      14
      16
      20
      15
      20
      19
      14
      17
      12
       9
      11
      14
      19
      16
       7
      16
      10
      12
      11
      14
       8
       7
      10
      13
      19
      21
      15
       8
       8
      12
      17
      11
      16
      17
      13
      21
      23
      16
      31
      22
      38
      29
      42
      31
      44
      32
      34
      34
      39
      53
      48
      56
      45
      40
      43
      39
      20
      28
      21
      20
      22
      19
      15
      16
      18
      10
       7
      19
      17
      16
      15
       8
      16
      14
      16
      22
      22
      13
      17
      11
      13
      14
      12
      13
      16
      12
      10
       9
       9
      13
      14
      10
      11
      14
      13
      13
      14
      15
       9
      12
       7
      11
       7
      18
      12
      14
      16
      10
      23
      16
      18
      11
      25
      18
      20
      18
      27
      18
      21
      24
      21
      20
      22
      18
      23
      18
       8
      21
      15
      14
      15
       5
      10
       3
      20
       8
      13
      16
      12
      17
      10
       9
       7
      16
      17
       7
      10
      11
      12
      10
      13
      11
      17
      12
      16
      12
      21
      14
       7
      14
      15
      20
      17
      16
      16
      19
      22
      13
      29
      21
      23
      21
      19
      31
      27
      26
      29
      39
      30
      28
      23
      29
      29
      20
      21
      12
      18
      13
      18
      19
      19
      11
       9
      17
      21
      18
      12
      18
      21
      11
       9
      18
      10
      18
      13
      17
      14
      15
       9
      11
      12
      18
      15
      10
      10
      15
      10
      10
      15
       9
      12
      16
      11
      10
      10
      12
      11
      13
       8
      17
      13
      18
      12
      17
      12
      13
      17
      20
      12
       9
       9
      13
      19
      10
      21
      10
      22
      17
      16
      23
      20
      25
      28
      36
      29
      38
      30
      45
      49
      57
      58
      59
      58
      74
      72
      59
      70
      84
      78
      67
      66
      42
      61
      47
      41
      32
      26
      21
      20
      24
      28
      17
      16
      13
      12
       7
       8
      12
      11
       9
       7
       8
       5
       8
      11
      13
      11
      11
      17
      10
       8
      12
       5
      17
       7
       7
       3
       8
       7
       9
      10
      10
      15
      13
       9
      11
      14
      14
      16
      21
      15
      20
      12
      13
      24
      30
      23
      30
      26
      19
      34
      34
      22
      24
      37
      28
      39
      24
      23
      29
      17
      19
      20
      21
      14
      13
      12
      14
      16
      14
      11
       8
       7
       7
      12
      10
      12
      13
       6
      15
       8
      12
       8
      11
       9
       8
       6
       9
      10
      16
       9
       5
      13
      11
      10
      13
       9
       9
       8
       8
       5
      10
       5
       7
      12
       7
       6
       9
       8
       7
      10
       9
      10
      10
       7
       7
      10
      12
      10
      12
       6
       9
       7
       8
       6
       8
      15
      11
      12
       8
      12
       9
      10
      14
       7
       8
       7
       5
      11
      11
      11
       3
      11
      13
       8
      11
      14
      11
      14
       9
       9
      10
      14
      14
      13
      15
      13
      16
      19
      13
      18
      19
      15
      12
      13
      23
      11
      17
      18
       9
      11
      14
      19
      16
      16
      13
      13
      10
       9
       9
       6
      18
      17
      12
      13
       8
      11
      21
      14
      21
      16
      14
      17
      25
      23
      18
      18
      15
      20
      14
      18
      17
      13
      13
      14
      14
      10
      13
      16
      11
      11
      13
      14
      13
      13
       9
       7
       5
       7
       5
       7
       6
      13
      14
       9
       6
      13
       8
       8
       8
       9
      11
      14
       8
       9
      10
       9
       7
      11
       8
       6
       9
      10
       2
       4
       9
      10
      13
      10
      11
       5
       9
       7
      15
       8
      10
       7
       8
       7
       6
      13
      10
       7
       4
      16
       9
      10
       8
       6
       9
       7
       8
      10
       5
      11
      13
      10
      15
      17
       9
      12
      10
      11
      17
      10
       4
      11
       6
      10
       9
      11
       7
       9
      10
       7
       6
       9
       8
      10
       7
       9
      14
       7
       9
      13
       6
       4
      10
       6
       6
       7
       5
      12
       7
      10
       7
       8
       8
       9
       9
       8
       6
       6
      11
       5
       6
       6
      10
      10
      10
       8
       6
       9
       7
       8
       7
       8
      10
       7
       7
      13
      10
      13
       4
       6
       8
       6
      10
      12
       6
      13
      11
      11
      10
      12
       6
       7
       9
       8
       7
      12
       5
      12
      11
      15
      10
       8
      10
      15
      18
      11
      12
      22
      15
      15
      15
       6
      14
      13
      10
      10
       8
      12
       6
       9
      13
      14
      12
       7
       9
       8
      12
      11
       7
       7
       7
       8
       8
       7
       3
      12
      12
      12
       8
      11
       7
       8
       8
       9
       1
       9
      12
       1
       7
       9
      10
       5
      12
       9
       9
       7
      16
       9
       9
       3
      15
      14
       5
       7
       2
      10
       6
       9
      11
       2
       3
      10
      11
       7
       6
       4
       7
       7
       7
       9
       7
       9
       4
       6
      13
       8
       2
       9
       9
       8
       5
       6
      12
       8
       8
       7
      10
       6
       5
       3
       8
       6
      11
       2
       4
       7
       9
       5
      11
      13
       6
       3
       6
       6
       5
       3
       9
      10
       8
       9
       7
       8
      10
       6
       2
      11
       3
       5
       8
       8
       6
       8
       3
       8
       8
       9
       7
      10
      12
       6
       3
       6
       3
      11
       7
       7
      10
      16
       7
       6
       8
       3
       6
       2
       5
       7
       8
       3
       2
       9
       8
       9
       7
       5
       5
      12
       5
       5
      13
      10
      10
       7
       6
       4
       3
       6
       5
       4
       9
       7
       7
       8
       8
       7
       7
       9
       6
       7
      11
       6
       7
       4
       7
       6
       5
      13
       7
       5
       7
       9
       7
      10
       5
       6
       5
       5
      10
       2
       8
      17
      11
       8
      11
       5
      12
       9
       6
       5
      11
      12
       7
       9
      11
      11
       8
       6
       9
       9
      13
       7
       5
       3
       5
       4
       5
      11
       6
       6
       8
       4
       7
       7
       4
       5
       6
       6
       8
       6
       5
      12
       5
       7
       7
       5
       2
       6
      12
       9
       6
       7
       4
      11
       8
       7
       4
       3
       8
       2
       4
       4
      10
       3
       5
       3
       3
       5
       6
       6
       3
      11
       8
       8
       6
       6
       9
       6
       4
       5
       6
      11
      10
       5
       3
      10
       9
       5
      14
      12
       4
       8
       8
       5
       6
       9
       6
      14
       9
       2
       4
       7
       6
       7
       4
       5
       8
       5
      11
      10
       7
       8
       4
       9
       5
       6
       5
       8
       9
       6
       5
       8
       1
       8
       7
       8
       7
       5
       5
       9
       9
       6
       7
      10
       9
       1
       7
       5
       7
       5
       7
       5
       6
       6
       7
       7
       2
       4
       5
       5
       5
       3
       9
       7
       3
       4
       3
       8
       9
       8
       5
       6
       5
       5
       6
       3
       3
       4
       4
      10
       6
       3
       3
       9
       4
       7
       5
       3
      10
       9
       6
       6
       2
       7
       1
       8
       7
       3
       6
       4
       6
       2
       7
       4
       6
       4
       7
       3
       2
       5
       3
       2
       6
       5
       6
       5
       6
       7
       9
       9
       4
       4
       6
       6
       6
       9
       8
       3
       4
      10
       2
       4
       9
       3
       5
       8
       6
       5
       3
       4
       5
       1
       7
       8
       1
       5
       4
       4
       1
       4
       6
       5
       5
       4
       8
       6
       6
       3
       5
       5
       3
       3
       5
       4
       9
       5
       4
       9
       7
       6
       8
       4
       7
       5
       8
       5
       7
      12
       5
       5
       9
       3
       2
       4
       4
       3
       5
       5
       6
      10
       8
       4
       8
       6
       2
       5
       2
       6
       9
       4
       5
       3
       6
       3
       5
       9
       8
      10
      10
       6
      10
       9
       7
      11
       6
      14
       8
       9
       5
      10
       9
       4
       5
      11
      10
       7
       8
       5
       5
       2
       5
       3
       4
       4
       5
       2
       6
       5
       4
       5
       3
      11
       3
       2
       8
       3
       2
       9
       2
       8
       4
       6
       7
       4
       4
       3
       4
       4
       2
       2
       5
       7
       7
       5
       7
       3
       2
       5
       1
       3
      10
       3
       4
       5
       3
       7
       2
       4
       8
       4
       5
       5
       3
       4
       2
       1
       4
       7
       9
       4
       3
       5
       4
       5
       3
       3
       4
       4
       5
       3
       3
       6
       4
       3
       3
       2
       6
       4
       2
       3
       4
       2
       2
       4
       3
       6
       5
       6
       3
       2
       4
       8
       4
       6
       3
       3
       1
       5
       3
       4
       2
       4
       4
       8
       8
       1
       6
       7
       6
       5
       4
       4
       2
       2
       2
       6
       5
       7
       5
       3
       7
       7
       5
       6
       6
       7
       3
       5
       7
       4
       8
       8
       6
       2
       2
       2
       3
       4
       4
       4
       5
       3
       5
       2
       3
       4
       4
       4
       5
       3
       5
       4
       5
       8
       6
       6
       3
       5
       6
       6
       8
       6
       6
       7
       4
       3
      11
      12
       3
       6
       9
       4
       7
       7
      10
       7
       3
       5
       7
       8
       4
       6
      12
       9
       8
      11
       9
      11
       9
      14
       8
      28
      13
      15
      11
      13
      16
      22
      13
      20
      25
      20
      21
      16
      15
      19
      15
      11
       7
       6
      13
       6
       6
      10
       4
       9
       8
       6
       2
       9
       6
       3
       2
       5
       4
       1
       8
       1
       2
       3
       9
       4
       7
       7
       3
       4
       2
       6
       5
       5
       2
       4
       4
       4
       5
       3
       2
       2
       2
       5
       6
       4
       7
       6
       4
       5
       3
       1
       5
       2
       3
       3
       2
       5
       1
       0
       3
       4
       6
       7
       2
       3
       2
      10
       5
      11
       7
       4
       4
       6
       4
      13
       7
       7
       8
       5
       3
       9
       2
       6
       4
       9
       9
       5
       4
       3
       8
       8
      11
       6
       8
       5
       9
      12
       5
       6
       5
       4
       8
       7
       2
       2
       3
       7
       3
       4
       7
       5
       5
       4
       5
       7
       4
       6
       2
       3
       5
       5
       4
       7
       4
       4
       3
       1
       9
       6
       4
       4
       6
       4
       2
       5
       0
       7
       3
       3
       7
       2
       5
       5
       3
       4
       7
       3
       5
       6
       4
       4
       3
       6
       2
       4
       3
       4
       3
       5
       2
       2
       6
       3
       9
       6
       7
       3
       4
       5
       2
       4
       3
       1
       2
       3
       3
       2
       6
       2
       4
       2
       8
       3
       4
       2
       4
       6
       6
       3
       2
       1
       8
       6
       3
       2
       5
       6
       2
       6
       4
       4
       5
       2
       2
       4
       3
       2
       3
       3
       4
       2
       3
       3
       6
       2
       3
       5
       3
       5
       5
       4
       4
       1
       3
       4
       2
       2
       2
       1
       3
       1
       3
       6
       2
       7
       6
       4
       2
       4
       3
       3
       6
       1
       3
       3
       3
       5
       6
       7
       1
       1
       5
       4
       2
       2
       4
       4
       3
       2
       2
       2
       2
       2
       2
       5
       1
       5
       3
       5
       5
       3
       1
       3
       0
       3
       2
       2
       6
       2
       6
       4
       8
       4
       5
       3
       3
       2
       2
       3
       6
       6
       5
       4
       5
       5
       3
       5
       3
       2
       2
       2
       7
       2
       3
       4
       1
       3
       1
       5
       5
       2
       1
       1
       7
       1
       4
       3
       1
       4
       2
       4
       0
       3
       2
       0
       1
       1
       5
       4
       4
       4
       5
       4
       6
      10
       2
       2
       6
       3
       4
       4
       1
       5
       2
       1
       4
       1
       3
       5
       3
       0
       0
       2
       1
       1
       3
       5
       4
       1
       1
       5
       2
       5
       4
       5
       2
       2
       2
       5
       4
       0
       0
       7
       2
       7
       4
       2
       3
       4
       3
       2
       5
       5
       3
       5
       2
       7
       0
       5
       2
       2
       2
       3
       1
       1
       6
       0
       6
       4
       0
       6
       3
       9
       3
       1
       2
       4
       0
       2
       2
       2
       2
       4
       2
       3
       4
       6
       2
       2
       1
       5
       1
       5
       2
       1
       3
       2
       4
       4
       7
       2
       5
       6
       3
       2
       2
       1
       3
       6
       1
       4
       7
       2
       3
       7
       2
       2
       4
       4
       3
       4
       3
       6
       1
       2
       6
      10
       8
       9
      15
       6
       7
       8
      12
       5
       7
      13
      11
       9
      10
      13
      14
      11
       7
       6
       6
       9
       6
       4
       8
       6
       5
       4
       5
       1
       2
       3
       6
       3
       3
       4
       2
       4
       4
       4
       6
       3
       5
       4
       8
       5
       2
       1
       4
       2
       2
       4
       7
       4
       3
       2
       2
       4
       2
       3
       4
       4
       5
       5
       5
       2
       1
       3
       4
       2
       1
       3
       6
       5
       4
       0
       6
       0
       5
       3
       2
       2
       8
       3
       2
       2
       3
       0
       3
       5
       3
       3
       2
       1
       1
       1
       4
       2
       5
       5
       4
       3
       2
       3
       4
       3
       5
       1
       2
       0
       3
       4
       5
       2
       5
       1
       5
       1
       3
       3
       8
       4
       4
       3
       3
       1
       2
       1
       1
       6
       3
       0
       1
       1
       2
       4
       4
       5
       2
       5
       5
       3
       2
       6
       8
       5
       8
       5
       2
       7
      10
       4
       6
       5
       8
       7
      11
       9
       7
       5
       5
       3
       6
       3
       3
       4
       5
       3
       4
       1
       1
       5
       2
       1
       2
       4
       4
       6
       1
       2
       0
       2
      10
       3
       4
       5
       5
       1
       1
       1
       0
       2
       3
       5
       1
       1
       4
       1
       1
       5
       2
       1
       1
       2
       1
       1
       2
       5
       4
       5
       3
       0
       3
       1
       5
       3
       4
       3
       6
       4
       3
       5
       1
       1
       2
       1
       3
       2
       2
       3
       2
       4
       1
       2
       2
       2
       0
       4
       3
       5
       7
       3
       3
       4
       4
       4
       2
       5
       3
       2
       8
       2
       3
       1
       4
       2
       4
       3
       4
       2
       1
       1
       3
       2
       2
       2
       2
       3
       1
       2
       4
       4
       3
       1
       1
       4
       4
       2
       5
       4
       5
       1
       3
       4
       1
       2
       2
       6
       2
       2
       4
       7
       1
       3
       3
       6
       5
       4
       2
       4
       3
       3
       2
       3
       0
       6
       5
       1
       8
       0
       1
       3
       4
       2
       2
       2
       6
       1
       1
       3
       2
       5
       2
       5
       2
       5
       1
       1
       5
       0
       6
       2
       4
       1
       5
       1
       2
       2
       3
       1
       4
       3
       2
       3
       0
       2
       3
       2
       2
       3
       3
       5
       2
       3
       3
       3
       1
       2
       4
       5
       3
       4
       0
       2
       4
       1
       0
       5
       1
       4
       2
       0
       1
       1
       1
       3
       3
       2
       4
       1
       3
       3
       1
       5
       6
       2
       0
       4
       1
       1
       1
       2
       2
       2
       1
       4
       2
       4
       7
       3
       5
       1
       2
       3
       0
       2
       3
       0
       2
       2
       3
       2
       3
       3
       3
       3
       4
       2
       5
       3
       1
       4
       1
       3
       1
       3
       0
       0
       3
       1
       2
       2
       3
       3
       2
       2
       0
       5
       3
       0
       2
       2
       2
       1
       1
       0
       1
       4
       3
       1
       1
       1
       2
       0
       3
       3
       2
       1
       5
       0
       2
       2
       4
       0
       2
       2
       0
       2
       2
       2
       0
       3
       2
       4
       2
       5
       0
       2
       2
       1
       1
       0
       4
       3
       0
       3
       2
       4
       3
       3
       2
       2
       1
       2
       1
       3
       1
       2
       1
       0
       1
       2
       4
       2
       1
       2
       0
       0
       0
       2
       3
       2
       1
       1
       5
       0
       3
       3
       0
       1
       1
       0
       1
       1
       1
       0
       2
       1
       1
       1
       0
       5
       1
       0
       0
       2
       5
       3
       3
       2
       2
       2
       1
       0
       1
       1
       4
       2
       2
       2
       2
       1
       1
       1
       4
       4
       0
       4
       4
       0
       4
       2
       1
       3
       1
       3
       4
       6
       2
       2
       3
       4
       1
       1
       3
       1
       4
       1
       2
       4
       1
       4
       4
       1
       0
       1
       1
       0
       1
       2
       3
       1
       4
       0
       1
       3
       1
       3
       2
       2
       0
       1
       0
       2
       1
       2
       4
       1
       1
       2
       2
       3
       2
       0
       1
       3
       0
       1
       0
       0
       2
       0
       1
       3
       3
       3
       2
       1
       0
       0
       1
       2
       1
       1
       0
       0
       2
       2
       1
       1
       0
       1
       2
       0
       3
       1
       1
       1
       0
       0
       3
       1
       2
       0
       1
       1
       1
       4
       2
       2
       0
       0
       1
       2
       0
       1
       0
       2
       2
       1
       2
       1
       0
       0
       2
       0
       1
       2
       0
       1
       4
       2
       2
       0
       1
       2
       3
       4
       0
       1
       2
       0
       0
       1
       1
       1
       1
       1
       0
       0
       0
       1
       2
       2
       1
       1
       0
       2
       2
       1
       1
       0
       1
       1
       0
       4
       2
       0
       0
       0
       1
       1
       0
       0
       1
       1
       0
       0
       0
       4
       1
       1
       1
       2
       4
       0
       0
       4
       2
       3
       3
       1
       2
       2
       1
       2
       0
       2
       4
       3
       1
       3
       0
       2
       4
       0
       0
       1
       0
       2
       2
       1
       1
       2
       2
       1
       0
       1
       1
       1
       2
       1
       4
       0
       2
       2
       2
       2
       2
       1
       0
       1
       1
       1
       1
       2
       0
       0
       0
       0
       1
       1
       1
       1
       0
       2
       1
       1
       1
       0
       2
       1
       3
       1
       0
       2
       4
       1
       0
       1
       3
       0
       1
       1
       0
       0
       0
       1
       0
       1
       1
       2
       0
       3
       0
       3
       3
       1
       2
       3
       0
       1
       1
       2
       2
       1
       0
       1
       1
       3
       1
       1
       1
       3
       0
       0
       0
       1
       0
       1
       1
       1
       3
       0
       0
       1
       1
       0
       1
       3
       1
       1
       0
       2
       2
       4
       0
       1
       4
       0
       3
       0
       2
       1
       1
       1
       2
       3
       2
       1
       0
       1
       2
       2
       3
       4
       1
       2
       1
       5
       4
       1
       1
       1
       5
       6
       1
       2
       7
       3
       1
       4
       3
       4
       7
       7
       9
       9
       8
       7
      14
      20
      20
      12
      15
      11
      10
      12
      15
      14
      11
      14
      17
      26
      20
      22
      17
      20
      14
      22
      14
      23
      15
      13
       6
       8
       0
       6
       2
       4
       7
       7
       5
       3
       7
       4
       4
       2
       5
       1
       0
       0
       2
       2
       1
       1
       1
       2
       1
       0
       1
       0
       2
       0
       2
       0
       2
       0
       0
       2
       0
       1
       0
       1
       0
       2
       1
       1
       1
       1
       0
       1
       1
       2
       1
       0
       2
       0
       1
       0
       2
       2
       0
       2
       0
       0
       2
       1
       0
       2
       0
       2
       0
       1
       3
       0
       0
       1
       1
       0
       0
       1
       0
       0
       0
       0
       0
       1
       0
       0
       3
       0
       1
       0
       2
       0
       2
       1
       0
       0
       3
       1
       0
       1
       0
       1
       0
       1
       1
       0
       1
       1
       0
       0
       0
       1
       0
       2
       1
       1
       1
       0
       1
       1
       1
       1
       0
       1
       0
       0
       0
       0
       1
       0
       0
       1
       0
       1
       1
       2
       1
       1
       2
       0
       0
       0
       0
       2
       4
       2
       3
       0
       2
       1
       3
       1
       0
       0
       1
       0
       1
       0
       1
       0
       1
       2
       1
       1
       1
       2
       0
       1
       0
       1
       2
       1
       0
       0
       0
       0
       1
       2
       1
       1
       1
       1
       1
       1
       0
       1
       1
       0
       1
       3
       1
       0
       0
       0
       1
       0
       1
       1
       2
       0
       1
       1
       1
       0
       0
       3
       1
       1
       2
       0
       0
       1
       1
       3
       2
       0
       1
       0
       1
       0
       0
       1
       0
       1
       0
       1
       1
       0
       2
       0
       0
       3
       1
       1
       1
       0
       0
       0
       2
       3
       0
       0
       1
       0
       1
       0
       2
       0
       0
       2
       2
       1
       0
       1
       1
       0
       1
       1
       3
       1
       0
       3
       0
       3
       1
       2
       1
       1
       1
       0
       0
       0
       1
       1
       0
       2
       0
       3
       0
       0
       0
       0
       0
       1
       2
       2
       3
       0
       1
       0
       0
       2
       2
       0
       1
       1
       0
       0
       1
       1
       1
       1
       4
       0
       2
       1
       0
       0
       1
       2
       2
       0
       3
       0
       1
       3
       0
       2
       1
       1
       1
       0
       0
       0
       0
       2
       0
       1
       0
       0
       2
       2
       0
       2
       0
       0
       0
       0
       3
       1
       0
       1
       0
       1
       2
       2
       0
       1
       5
       2
       0
       0
       1
       0
       1
       1
       3
       1
       0
       0
       1
       0
       0
       0
       0
       2
       1
       2
       2
       2
       0
       2
       0
       1
       3
       0
       2
       1
       2
       1
       1
       2
       1
       0
       1
       1
       0
       1
       1
       2
       0
       1
       0
       0
       0
       0
       1
       1
       0
       1
       1
       0
       1
       2
       2
       0
       2
       0
       0
       2
       0
       0
       0
       1
       1
       1
       0
       3
       0
       0
       2
       1
       4
       0
       1
       0
       0
       1
       0
       2
       0
       0
       1
       0
       0
       3
       1
       0
       1
       0
       0
       0
       2
       1
       1
       1
       0
       0
       1
       2
       1
       0
       0
       0
       1
       2
       0
       1
       0
       3
       1
       0
       0
       1
       0
       1
       0
       1
       1
       0
       2
       2
       0
       0
       0
       0
       1
       0
       1
       2
       1
       0
       0
       0
       0
       1
       1
       1
       3
       0
       0
       0
       1
       0
       1
       0
       2
       1
       1
       0
       1
       2
       2
       2
       3
       0
       0
       1
       0
       1
       1
       1
       0
       1
       1
       0
       0
       1
       0
       2
       2
       0
       3
       0
       0
       1
       2
       1
       1
       1
       1
       1
       1
       0
       0
       0
       0
       1
       1
       0
       1
       0
       0
       1
       1
       0
       0
       0
       2
       0
       0
       1
       1
       4
       0
       2
       1
       1
       3
       0
       2
       0
       0
       1
       0
       1
       1
       0
       1
       0
       1
       0
       0
       0
       1
       0
       1
       1
       0
       3
       0
       0
       1
       0
       2
       0
       0
       1
       1
       2
       0
       2
       1
       1
       0
       0
       0
       0
       0
       0
       0
       0
       1
       0
       1
       0
       0
       0
       1
       1
       2
       0
       2
       1
       1
       0
       1
       1
       0
       1
       0
       1
       1
       0
       1
       0
       1
       1
       2
       2
       0
       0
       2
       1
       1
       0
       0
       0
       3
       0
       0
       0
       2
       2
       3
       0
       0
       1
       0
       0
       0
       1
       0
       0
       0
       1
       0
       1
       1
       0
       0
       0
       0
       1
       1
       1
       0
       1
       1
       0
       1
       1
       0
       1
       1
       1
       1
       1
       1
       1
       0
       0
       0
       0
       0
       0
       0
       0
       1
       1
       1
       1
       0
       3
       0
       1
       0
       1
       0
       0
       0
       0
       0
       0
       0
       0
       0
       0
       1
       0
       1
       1
       0
       1
       2
       1
       1
       0
       3
       0
       1
       1
       0
       2
       0
       4
       0
       0
       1
       0
       1
       0
       1
       0
       0
       1
       1
       1
       1
       1
       0
       1
       1
       0
       1
       1
       0
       0
       2
       2
       1
       1
       0
       0
       0
       0
       0
       1
       0
       2
       2
       1
       1
       2
       0
       1
       0
       0
       1
       0
       2
       0
       0
       0
       1
       0
       0
       0
       1
       0
       2
       0
       2
       0
       0
       0
       0
       1
       0
       0
       0
       0
       0
       1
       0
       0
       2
       1
       0
       0
       0
       1
       1
       1
       0
       0
       0
       1
       0
       0
       0
       1
       0
       1
       0
       0
       0
       0
       0
       0
       1
       0
       0
       0
       0
       1
       2
       1
       4
       2
       0
       0
       1
       2
       1
       0
       1
       2
       1
       1
       1
       0
       0
       1
       0
       1
       0
       0
       0
       2
       0
       1
       0
       2
       1
       1
       0
       0
       0
       2
       1
       0
       0
       0
       0
       0
       0
       2
       0
       0
       0
       2
       0
       1
       1
       1
       0
       2
       0
       1
       1
       0
       0
       2
       1
       0
       1
       2
       0
       0
       0
       1
       0
       0
       0
       2
       1
       1
       2
       0
       2
       0
       0
       0
       0
       1
       0
       0
       0
       0
       0
       0
       0
       1
       0
       1
       1
       0
       0
       2
       0
       0
       0
       1
       0
       0
       0
       2
       1
       0
       0
       0
       1
       0
       1
       2
       1
       0
       2
       0
       1
       0
       0
       0
       0
       0
       0
       1
       0
       0
       1
       0
       0
       1
       2
       0
       1
       0
       1
       0
       0
       0
       0
       1
       1
       2
       1
       0
       5
       0
       1
       2
       0
       1
       2
       2
       2
       0
       1
       0
       1
       1
       0
       0
       1
       0
       1
       0
       0
       1
       0
       2
       0
       0
       0
       0
       1
       1
       1
       1
       0
       0
       0
       0
       0
       0
       1
       0
       2
       0
       0
       2
       1
       0
       0
       0
       0
       0
       0
       1
       0
       0
       0
       1
       0
       1
       0
       3
       1
       1
       0
       0
       1
       0
       0
       0
       0
       0
       0
       0
       2
       3
       0
       0
       0
       1
       1
       0
       1
       0
       0
       1
       0
       0
       0
       0
       2
       0
       0
       0
       0
       0
       0
       0
       0
       0
       0
       0
       0
       0
       0
       0
       0
       0
       0
       0
       0
       0
       0
       0
       0
       0
       0
       0
       0
       0
       0
       0
       0
       0
       0
       0
       0
       0
       0
       0
       0
       0
       0
       0
       0
       0
       0
       0
       0
       0
       0
       0
       0
       0
       0
       0
       0
       0
       0
       0
       0
       0
       0
       0
       0
       0
       0
       0
       0
       0
       0
       0
       0
       0
       0
       0
       0
       0
       0
       0
       0
       0
       0
       0
       0
       0
       0
       0
       0
       0
       0
       0
       0
       0
       0
       0
       0
       0
       0
       0
       0
       0
       0
       0
       0
       0
       0
       0
       0
       0
       0
       0
       0
       0
       0
       0
       0
       0
       0
       0
       0
       0
       0
       0
       0
       0
       0
       0
       0
       0
       0
       0
       0
       0
       0
       0
       0
       0
       0
       0
       0
       0
       0
       0
       0
       0
       0
       0
       0
       0
       0
       0
       0
       0
       0
       0
       0
       0
       0
       0
       0
       0
       0
       0
       0
       0
       0
       0
       0
       0
       0
       0
       0
       0
       0
       0
       0
       0
       0
       0
       0
       0
       0
       0
       0
       0
       0
$ROI:
0
$PRESETS:
Live Time
14400
0
$ENER_FIT:
-0.479377 0.397317
$MCA_CAL:
3
-4.793768E-001 3.973171E-001 -2.936620E-009 keV
$SHAPE_CAL:
3
2.913355E+000 2.829383E-003 4.133060E-008
