$SPEC_ID:
Pulser
$SPEC_REM:
DET# 2
DETDESC# DETECTOR 2
AP# GammaVision Version 7.01.03
$DATE_MEA:
05/10/2017 15:07:44
$MEAS_TIM:
86400 88587
$DATA:
0 8191
       0
       0
       0
       0
       0
       0
       0
       0
       0
       0
       0
       0
       0
       0
       0
       0
       0
       0
       0
       0
       1
       0
       0
    8482
  445574
  500789
  284879
  261221
  260704
  299664
  484280
  906418
 1386169
 1496437
 1149813
  713334
  488336
  542873
  986974
 2020877
 3357072
 3850886
 2919030
 1543718
  688481
  392114
  427709
  633583
  794835
  743450
  562237
  399424
  297077
  241639
  214974
  203526
  198954
  200145
  201932
  207730
  214991
  223188
  239611
  303339
  409517
  454172
  372410
  256997
  200075
  181476
  174666
  169775
  166412
  164583
  161933
  160999
  159612
  157312
  155890
  155572
  154409
  153041
  150638
  148235
  145911
  144176
  141477
  138904
  137630
  135951
  134199
  132691
  132719
  130868
  130452
  130303
  130566
  130451
  130315
  129842
  130543
  130655
  131298
  131483
  133642
  137271
  141069
  144937
  147390
  148654
  148332
  147314
  148774
  150706
  151435
  153087
  153044
  154220
  154618
  155726
  157020
  158028
  159595
  161555
  163137
  164233
  165305
  166438
  168374
  170309
  172743
  188755
  261879
  449444
  677560
  720150
  528462
  312527
  209838
  183968
  184106
  187934
  192179
  197450
  203013
  213607
  238203
  274835
  300886
  293473
  266454
  248378
  245208
  245953
  251183
  256145
  261057
  268118
  277402
  288637
  300458
  305865
  309887
  314427
  317043
  320288
  324196
  328713
  335609
  343261
  352863
  364185
  374847
  388247
  403728
  419563
  432039
  446152
  461287
  479257
  506548
  572740
  728033
  943417
 1037035
  904048
  731856
  761986
 1030885
 1280160
 1196509
  857726
  579224
  464438
  436371
  429275
  423788
  417158
  408985
  400351
  391935
  390187
  400010
  457623
  571385
  678075
  696704
  628166
  532246
  504094
  728064
 1415280
 2363794
 2794076
 2288509
 1350749
  672182
  386386
  319888
  332739
  363561
  371422
  351905
  346539
  434021
  731258
 1245979
 1650138
 1550297
 1061568
  613215
  440107
  505280
  785324
 1334206
 2055103
 2694984
 3375209
 4317313
 4899289
 4236662
 2725260
 1445506
  798175
  593738
  837907
 1990752
 4372140
 6919395
 7511913
 5592707
 2912569
 1152859
  451919
  261552
  227262
  251680
  312755
  364553
  353656
  289514
  235622
  243874
  332081
  488567
  667381
  780643
  756929
  603176
  425275
  327468
  325948
  416749
  611529
  896516
 1174781
 1336658
 1452772
 1721084
 2167620
 2606990
 2670878
 2185531
 1408050
  767657
  457481
  426466
  599322
  876506
 1079063
 1058153
  845142
  586267
  384590
  266979
  211786
  191350
  181616
  174671
  170616
  169093
  171660
  192107
  250142
  337957
  402630
  386235
  302889
  214406
  165673
  148974
  143503
  142177
  143368
  145725
  148283
  146276
  140690
  135405
  130073
  126649
  126005
  124523
  122753
  120912
  119118
  117738
  116170
  114682
  113649
  112568
  111294
  109540
  108520
  107612
  107527
  108314
  110214
  110934
  110243
  110198
  113749
  116758
  116703
  110394
  103962
   98464
   95821
   92991
   92712
   92276
   93572
   97459
  109931
  128581
  143115
  141648
  128448
  133072
  248221
  655148
 1493078
 2472724
 2922107
 2468857
 1484127
  644731
  236318
  113940
   89497
   83550
   80664
   78708
   77382
   77577
   76492
   76710
   77816
   80323
   85474
   91805
   95917
   93320
   86351
   79991
   76950
   76630
   76164
   76482
   76529
   76018
   75472
   74460
   73944
   74673
   74487
   73762
   73671
   72814
   73322
   73027
   73177
   73904
   73149
   72555
   72449
   72204
   80962
  130018
  296068
  663769
 1164972
 1518240
 1452869
 1016652
  524213
  217453
   99169
   69916
   64610
   63051
   62465
   62246
   61548
   61786
   61379
   60790
   60420
   60381
   59731
   59507
   58768
   58945
   58462
   59254
   60657
   61423
   63605
   65221
   65934
   67280
   68181
   68641
   67520
   64860
   61363
   59152
   57762
   56429
   56806
   57619
   58875
   60195
   59736
   58971
   58324
   59985
   69150
   93673
  132304
  169415
  183684
  176769
  225915
  640864
 2191942
 5858901
11469929
16462232
17473598
13639198
 7692891
 3075432
  859821
  180752
   46567
   27914
   24647
   22336
   20960
   20453
   20176
   20822
   21087
   20478
   19911
   19490
   22544
   36445
   71723
  130227
  188841
  212477
  180641
  118097
   60959
   30481
   19765
   18333
   20882
   25511
   30485
   32011
   29503
   25400
   27582
   48987
  106687
  201832
  300181
  343571
  298355
  200282
  132727
  184036
  428946
  867124
 1342663
 1569522
 1379440
  896789
  426543
  148403
   41006
   14500
    9646
    9221
    8687
    8545
    8458
    8209
    8165
    7941
    7570
    7547
    7352
    7405
    7343
    7278
    7847
    9405
   11702
   14396
   15938
   15113
   12899
   11486
   12049
   14712
   17750
   19119
   17032
   13355
   10360
    9897
   13362
   21595
   32185
   40208
   40985
   33041
   21526
   12305
    7870
    6527
    6209
    6041
    6176
    6202
    6209
    6457
    6254
    6032
    6203
    6571
    7070
    7768
    8129
    7782
    6828
    6343
    5970
    5540
    5629
    5746
    6783
    8445
   11036
   13707
   15123
   13866
   11260
    9718
    9702
   11055
   12333
   12394
   11005
    9130
    7505
    6507
    6195
    6150
    6904
    8988
   13426
   19236
   24255
   25039
   21396
   15582
   10422
    7325
    5802
    5326
    5109
    5030
    5517
    6112
    7795
   11159
   15491
   18980
   19579
   17008
   12424
    8673
    6802
    5883
    5870
    5689
    5693
    5603
    5289
    5328
    5363
    5385
    5410
    5569
    5510
    5670
    5842
    5831
    6179
    6596
    7003
    7381
    7342
    6779
    6633
    6161
    5882
    5834
    5771
    5681
    5933
    5970
    5805
    5473
    5229
    4947
    4947
    4771
    4739
    4808
    4788
    4601
    4874
    4967
    5409
    5868
    6220
    6620
    6498
    6218
    5844
    6149
    6835
    7857
    8439
    8983
    8440
    8088
    7774
    7632
    7131
    6737
    5979
    5498
    5459
    6142
    7618
    9747
   12238
   13356
   12685
   11317
    8953
    7606
    7367
    8691
   10475
   12371
   13036
   12343
   10872
    9194
    7694
    6663
    6157
    5908
    5826
    6072
    6936
    7453
    7763
    7088
    6250
    5183
    4277
    3915
    3769
    3658
    3493
    3319
    3078
    3190
    3432
    3776
    4492
    5221
    6256
    7331
    8442
    9351
    9679
    9052
    7682
    6210
    5069
    4851
    4908
    5214
    5826
    6179
    6229
    5909
    5419
    4822
    4298
    3743
    3244
    3260
    3483
    4105
    4815
    5377
    5318
    4939
    4326
    3852
    3623
    3573
    3358
    3240
    2821
    2613
    2373
    2241
    2156
    2067
    1988
    1980
    1989
    1981
    2032
    2006
    1938
    2058
    2039
    2186
    2399
    2493
    2588
    2853
    2769
    2656
    2687
    2584
    2598
    2449
    2346
    2243
    2044
    2008
    2028
    1987
    1999
    2064
    2008
    1994
    1875
    1853
    1828
    1772
    1775
    1739
    1751
    1863
    1799
    1746
    1746
    1825
    1861
    2114
    2144
    2428
    2494
    2388
    2272
    2193
    2040
    1938
    2044
    1986
    1981
    2113
    2193
    2447
    2685
    2951
    2809
    2683
    2439
    2133
    1794
    1558
    1424
    1382
    1477
    1573
    1549
    1607
    1611
    1750
    1643
    1655
    1629
    1735
    1693
    1739
    1795
    1955
    1954
    1843
    1784
    1630
    1470
    1552
    1486
    1555
    1457
    1549
    1610
    1561
    1654
    1911
    2483
    3509
    4963
    7161
    8733
    9424
    8429
    6438
    4441
    2928
    2129
    1852
    1807
    1956
    2111
    2722
    3492
    4715
    5657
    5993
    5807
    4895
    3714
    2676
    1906
    1560
    1455
    1452
    1645
    1739
    1882
    1816
    1819
    1683
    1577
    1552
    1426
    1422
    1406
    1366
    1432
    1417
    1363
    1387
    1411
    1382
    1471
    1450
    1597
    1578
    1664
    1764
    1705
    1773
    1791
    1803
    2009
    2178
    2423
    2746
    2969
    3014
    2924
    2779
    2589
    2634
    2780
    2855
    2874
    2615
    2179
    1733
    1289
     950
     794
     777
     748
     756
     774
     758
     708
     776
     704
     780
     797
     791
     827
     746
     767
     768
     806
     751
     738
     776
     757
     743
     753
     775
     771
     718
     760
     774
     861
     941
    1154
    1686
    2470
    3318
    4342
    5211
    5477
    4916
    3931
    2810
    1919
    1312
    1090
    1030
     895
     815
     737
     645
     559
     573
     548
     552
     517
     567
     511
     529
     524
     495
     499
     532
     516
     579
     586
     533
     555
     604
     658
     764
     889
    1200
    1508
    1627
    1710
    1545
    1280
    1162
    1011
    1029
     997
    1179
    1191
    1108
     921
     715
     634
     578
     572
     563
     584
     572
     671
     698
     738
     717
     715
     688
     610
     541
     518
     538
     517
     474
     510
     497
     538
     515
     503
     496
     542
     506
     491
     486
     496
     526
     530
     510
     550
     499
     552
     530
     519
     496
     505
     511
     493
     532
     511
     508
     524
     513
     544
     566
     652
     655
     710
     795
     823
     779
     708
     670
     593
     559
     609
     578
     568
     630
     601
     628
     662
     624
     595
     588
     595
     518
     467
     479
     457
     485
     512
     468
     500
     459
     523
     476
     496
     498
     507
     447
     480
     480
     511
     529
     479
     471
     503
     526
     484
     568
     596
     610
     685
     644
     664
     579
     532
     554
     554
     585
     551
     576
     538
     524
     547
     496
     495
     517
     500
     514
     524
     536
     527
     485
     498
     562
     605
     562
     575
     538
     541
     528
     476
     455
     495
     508
     487
     478
     502
     498
     443
     477
     461
     565
     456
     497
     467
     482
     474
     445
     452
     494
     456
     471
     479
     479
     391
     495
     481
     423
     471
     457
     485
     452
     492
     449
     471
     471
     472
     484
     512
     472
     490
     480
     426
     470
     518
     485
     451
     495
     406
     448
     461
     433
     444
     439
     421
     421
     440
     425
     428
     413
     414
     408
     396
     454
     387
     427
     382
     397
     444
     407
     401
     415
     425
     467
     498
     546
     527
     557
     556
     453
     439
     387
     346
     371
     355
     387
     381
     362
     396
     345
     359
     378
     389
     382
     364
     389
     370
     402
     402
     407
     407
     439
     459
     427
     375
     421
     392
     349
     351
     372
     388
     377
     389
     349
     357
     344
     356
     368
     356
     397
     313
     355
     378
     366
     384
     404
     395
     410
     418
     416
     454
     452
     476
     562
     593
     611
     612
     645
     597
     541
     481
     466
     454
     384
     359
     355
     313
     374
     358
     344
     356
     410
     330
     360
     391
     370
     378
     328
     339
     346
     338
     333
     342
     370
     341
     328
     322
     314
     319
     338
     348
     338
     312
     315
     334
     334
     369
     309
     356
     307
     318
     353
     331
     326
     351
     338
     337
     331
     333
     344
     330
     364
     333
     318
     334
     346
     319
     329
     365
     353
     349
     372
     342
     362
     429
     366
     352
     330
     346
     314
     289
     307
     271
     295
     282
     295
     303
     324
     330
     308
     299
     316
     301
     294
     309
     302
     270
     311
     306
     295
     304
     273
     331
     287
     331
     287
     281
     294
     287
     275
     288
     262
     289
     283
     310
     289
     289
     311
     271
     299
     304
     277
     280
     250
     283
     273
     311
     303
     266
     282
     314
     298
     306
     277
     290
     283
     283
     286
     284
     293
     291
     267
     286
     285
     276
     294
     295
     277
     287
     318
     291
     293
     313
     298
     318
     268
     289
     304
     285
     294
     312
     272
     278
     290
     262
     279
     284
     254
     280
     272
     244
     261
     259
     278
     284
     282
     278
     291
     313
     290
     290
     303
     306
     344
     306
     331
     313
     326
     338
     300
     306
     274
     273
     274
     252
     247
     261
     265
     322
     279
     272
     280
     260
     253
     280
     273
     256
     253
     257
     268
     267
     286
     234
     262
     244
     267
     288
     258
     284
     315
     285
     278
     279
     281
     278
     265
     289
     272
     274
     284
     288
     275
     248
     302
     270
     262
     275
     254
     257
     236
     292
     277
     278
     289
     275
     291
     394
     455
     568
     727
     988
    1253
    1563
    1817
    1814
    1773
    1563
    1259
     872
     660
     451
     341
     316
     263
     225
     239
     252
     265
     250
     272
     246
     259
     278
     245
     262
     264
     216
     254
     267
     281
     251
     230
     284
     241
     260
     245
     237
     288
     252
     241
     244
     256
     260
     264
     259
     233
     210
     257
     230
     245
     246
     231
     239
     226
     263
     238
     241
     248
     248
     250
     245
     237
     270
     253
     219
     255
     235
     237
     236
     246
     228
     275
     237
     232
     256
     209
     207
     243
     224
     250
     233
     242
     263
     251
     254
     218
     217
     224
     244
     219
     225
     230
     210
     224
     238
     211
     226
     225
     224
     215
     241
     241
     233
     253
     269
     230
     217
     220
     225
     254
     237
     234
     217
     208
     263
     219
     229
     214
     226
     225
     227
     235
     275
     248
     283
     306
     405
     523
     795
    1144
    1650
    2251
    3112
    4070
    5127
    5587
    5844
    5555
    4625
    3404
    2426
    1497
     928
     588
     424
     303
     313
     297
     295
     312
     297
     296
     283
     264
     259
     256
     200
     237
     240
     246
     219
     217
     220
     235
     215
     213
     218
     218
     254
     213
     204
     196
     210
     233
     193
     207
     213
     208
     216
     195
     222
     195
     245
     215
     189
     205
     209
     203
     192
     209
     213
     226
     233
     216
     234
     235
     238
     206
     226
     211
     208
     207
     212
     200
     197
     213
     196
     221
     225
     202
     241
     221
     226
     223
     224
     223
     197
     231
     231
     221
     216
     220
     219
     206
     204
     223
     212
     194
     232
     225
     228
     207
     235
     233
     238
     228
     197
     216
     245
     258
     234
     288
     272
     278
     233
     267
     237
     261
     227
     240
     212
     214
     188
     207
     218
     218
     225
     221
     215
     171
     202
     202
     216
     215
     215
     195
     201
     213
     189
     183
     219
     210
     209
     207
     191
     223
     172
     213
     195
     206
     212
     207
     216
     208
     198
     220
     225
     230
     203
     225
     208
     229
     222
     244
     205
     215
     229
     185
     218
     204
     190
     194
     205
     205
     212
     168
     230
     196
     186
     157
     225
     230
     193
     183
     209
     205
     188
     188
     207
     202
     185
     213
     199
     182
     198
     180
     196
     203
     203
     199
     223
     203
     228
     217
     222
     213
     251
     232
     281
     265
     281
     238
     255
     244
     231
     189
     182
     195
     212
     191
     200
     168
     191
     191
     173
     201
     201
     203
     209
     185
     206
     234
     197
     229
     213
     179
     196
     188
     200
     188
     169
     240
     218
     223
     235
     222
     215
     225
     218
     204
     177
     173
     169
     178
     199
     187
     184
     187
     181
     167
     252
     229
     262
     250
     280
     338
     417
     456
     461
     547
     530
     546
     490
     453
     422
     385
     348
     299
     268
     296
     223
     227
     248
     251
     212
     226
     235
     221
     222
     199
     207
     203
     205
     209
     177
     190
     173
     182
     177
     164
     196
     196
     169
     211
     193
     182
     165
     168
     193
     189
     198
     185
     204
     185
     194
     230
     231
     238
     243
     239
     258
     258
     236
     215
     226
     178
     190
     194
     155
     203
     172
     159
     192
     180
     180
     173
     180
     183
     171
     182
     183
     191
     184
     178
     182
     191
     175
     165
     182
     154
     172
     182
     169
     171
     163
     151
     179
     191
     182
     163
     181
     178
     173
     189
     171
     178
     208
     200
     201
     198
     211
     198
     199
     219
     194
     180
     182
     193
     164
     181
     194
     147
     190
     179
     167
     197
     149
     196
     179
     201
     194
     187
     199
     232
     192
     188
     205
     202
     169
     186
     142
     163
     158
     151
     167
     170
     169
     171
     152
     149
     173
     139
     160
     169
     168
     157
     168
     167
     187
     167
     170
     167
     157
     174
     180
     178
     182
     199
     212
     252
     246
     289
     334
     371
     323
     388
     380
     320
     293
     268
     198
     202
     173
     188
     152
     173
     173
     177
     159
     170
     176
     190
     170
     158
     162
     159
     188
     177
     156
     141
     165
     158
     173
     161
     143
     172
     163
     148
     146
     154
     135
     176
     175
     184
     143
     167
     145
     164
     154
     164
     152
     151
     144
     168
     156
     128
     136
     156
     133
     151
     152
     156
     158
     150
     163
     130
     166
     152
     157
     138
     168
     160
     135
     167
     163
     159
     152
     129
     140
     156
     144
     148
     143
     147
     175
     177
     162
     172
     149
     156
     153
     142
     145
     175
     154
     140
     130
     161
     166
     143
     138
     174
     137
     144
     147
     145
     148
     137
     126
     143
     134
     145
     145
     138
     142
     140
     149
     137
     137
     157
     149
     161
     137
     168
     157
     149
     175
     147
     163
     172
     150
     179
     154
     148
     166
     139
     163
     162
     147
     148
     152
     128
     145
     133
     145
     145
     137
     126
     135
     126
     148
     148
     133
     138
     143
     134
     148
     143
     141
     150
     131
     134
     133
     129
     127
     144
     154
     154
     143
     171
     160
     154
     169
     164
     154
     134
     168
     131
     139
     125
     162
     138
     141
     133
     151
     155
     144
     135
     148
     135
     141
     104
     153
     130
     144
     142
     131
     147
     128
     129
     148
     152
     156
     144
     160
     147
     148
     157
     140
     114
     141
     156
     130
     121
     132
     140
     126
     146
     141
     151
     138
     140
     148
     135
     127
     131
     124
     159
     140
     139
     135
     142
     129
     148
     158
     148
     144
     146
     151
     147
     164
     144
     136
     146
     150
     130
     134
     136
     137
     124
     141
     152
     134
     130
     146
     131
     135
     161
     196
     159
     192
     194
     171
     192
     176
     161
     160
     134
     138
     121
     130
     131
     126
     124
     143
     132
     116
     139
     121
     117
     137
     145
     123
     151
     120
     125
     144
     134
     136
     126
     135
     136
     142
     136
     117
     123
     149
     137
     135
     123
     122
     125
     121
     126
     136
     132
     109
     134
     131
     130
     115
     115
     110
     121
     123
     120
     144
     136
     122
     119
     138
     109
     120
     116
     117
     117
     118
     105
     111
     103
     125
     120
     118
     123
     126
     125
     115
     121
     147
     122
     136
     141
     109
     124
     125
     130
     119
     125
     130
     130
     127
     119
     124
     119
     114
     117
     112
     109
     129
     106
     113
      89
     126
      99
     112
     116
     110
      97
     113
     109
     122
     106
     116
     120
      94
     114
     135
     139
     120
     118
     108
     100
     119
      96
     118
     119
     106
     111
     131
     113
     127
     127
     127
     114
     111
     107
     126
      96
     111
     125
     125
     111
     104
     107
     119
     108
     119
     116
     110
     112
     116
     112
     104
     134
     113
     127
     130
     131
     133
     145
     162
     187
     203
     230
     268
     287
     376
     410
     477
     469
     492
     475
     469
     443
     379
     311
     226
     195
     162
     157
     136
     113
     111
     118
     104
     117
     106
     108
     110
     109
      96
     102
     103
     127
     111
     101
     110
     127
      86
     113
     101
     114
     103
     103
     110
     118
     106
     114
     100
      99
     108
      97
     102
      92
     104
     106
      91
      92
      99
      99
      85
     101
     105
      92
     102
      90
      97
      98
      95
     108
     108
      84
      82
     100
      75
     107
      93
     104
     103
      98
      99
     109
      96
     105
      88
      99
      91
      91
     102
     108
      94
      95
     105
     106
      81
      85
      89
     100
     112
      93
     113
     106
     103
     105
      94
     103
     106
     100
      92
      89
     106
      86
      91
      96
      88
      97
      80
      96
     106
      94
     115
      88
     102
      99
      84
      87
      85
     103
      90
     109
     100
      88
     101
      88
     105
     102
      87
     106
      95
      98
     111
      98
      93
      75
     105
      79
     102
     111
     100
      92
     100
      99
      77
      78
      86
     102
      96
      83
      91
      96
     108
      78
      93
     112
     110
      96
      98
      98
      96
     111
      91
      85
      91
      89
      84
      88
      94
      93
     102
      74
     108
     114
      94
      91
     113
      97
      94
     112
     103
      96
      88
      78
      69
      94
      82
      94
      82
      87
      96
      96
      70
      80
      80
      85
      86
      83
      89
     105
      81
      98
      92
      81
      97
      97
      79
      93
     114
      90
      89
      77
      92
      95
      91
      82
      84
      96
      80
      89
      90
      88
      78
     101
     109
      98
      92
      85
      83
      73
     103
      53
      71
      64
      85
      88
      89
      83
      81
     105
      78
      89
      92
      81
      91
      89
      88
      91
      79
      92
      67
     100
      92
      74
      86
      92
      79
      84
      80
      90
      92
      71
      82
      63
      83
      92
      87
      71
      81
     106
      90
      93
      78
      92
      96
      97
      97
      66
      87
      89
     101
      87
      88
      88
      95
      90
      80
      97
      95
     108
     104
      99
      88
     139
     149
     145
     156
     217
     224
     230
     258
     263
     279
     303
     270
     269
     216
     213
     178
     133
     109
     105
     106
      84
      90
      81
      79
      78
      86
      78
      80
      77
      84
      77
      78
      62
      96
      87
      81
      87
      80
      76
      82
      68
      72
      75
      88
      75
      90
      74
      79
      86
      76
      85
      64
      77
      72
      76
      83
      63
      99
      70
      90
      88
      77
      79
      62
      77
      74
      85
      66
      70
      67
      80
      81
      83
      77
      62
      67
      63
      72
      82
      67
      74
      73
      78
      79
      78
      73
      70
      78
      71
      85
      68
      80
      74
      96
     114
     107
      91
     104
      81
     108
      77
      86
      86
      95
      70
      73
      83
      69
      94
      88
      75
      50
      47
      70
      75
      80
      75
      74
      76
      74
      69
      62
      72
      71
      67
      61
      75
      67
      71
      78
      65
      72
      65
      62
      81
      69
      83
      65
      66
      83
      81
      71
      85
      65
      56
      60
      83
      69
      81
      72
      60
      75
      70
      66
      81
      75
      78
      87
      68
      72
      74
      66
      80
      93
      54
      58
      74
      70
      58
      65
      66
      68
      77
      55
      68
      60
      69
      67
      77
      55
      56
      80
      61
      77
      71
      72
      68
      66
      75
      76
      67
      64
      57
      76
      78
      91
      68
      69
      74
      57
      73
      67
      51
      62
      65
      75
      61
      56
      54
      66
      82
      61
      62
      55
      67
      63
      45
      53
      66
      66
      48
      73
      75
      65
      64
      59
      49
      62
      82
      75
      79
      62
      84
      56
      61
      74
      58
      65
      56
      64
      57
      72
      61
      42
      52
      66
      69
      68
      55
      71
      59
      68
      57
      57
      67
      53
      52
      67
      62
      58
      64
      62
      49
      65
      50
      65
      52
      63
      61
      52
      61
      53
      69
      63
      67
      46
      62
      46
      54
      54
      50
      50
      57
      50
      67
      58
      59
      66
      68
      65
      68
      66
      66
      60
      66
      83
      68
      70
      61
      99
      94
      88
     123
     124
     122
     115
     133
     126
     125
     121
     120
     106
      91
      85
      70
      72
      60
      54
      57
      68
      53
      54
      55
      51
      48
      49
      64
      58
      52
      58
      53
      48
      58
      42
      48
      55
      48
      58
      64
      66
      63
      67
      53
      70
      80
      57
      56
      60
      67
      54
      50
      66
      53
      50
      60
      52
      48
      64
      44
      50
      46
      56
      62
      62
      44
      66
      56
      50
      53
      60
      46
      56
      46
      47
      64
      62
      43
      57
      60
      55
      51
      60
      52
      42
      44
      50
      43
      44
      49
      49
      40
      61
      45
      51
      55
      50
      60
      51
      48
      54
      54
      55
      68
      49
      52
      65
      69
      67
      51
      44
      63
      65
      57
      71
      71
      63
      64
      63
      59
      63
      57
      48
      50
      59
      37
      51
      42
      45
      46
      60
      47
      42
      47
      39
      57
      50
      50
      42
      47
      40
      50
      55
      49
      54
      54
      54
      49
      54
      47
      40
      52
      52
      55
      47
      43
      49
      56
      41
      49
      41
      50
      57
      60
      39
      55
      38
      58
      54
      55
      38
      47
      48
      48
      52
      42
      65
      35
      46
      43
      45
      47
      34
      50
      39
      44
      45
      52
      54
      35
      48
      38
      48
      53
      56
      38
      55
      57
      47
      36
      47
      42
      39
      41
      49
      52
      46
      44
      49
      59
      49
      41
      29
      44
      48
      32
      44
      39
      45
      38
      44
      53
      43
      44
      52
      28
      37
      46
      38
      66
      34
      29
      52
      33
      48
      34
      42
      39
      31
      52
      44
      42
      40
      33
      38
      49
      51
      42
      38
      44
      53
      51
      45
      42
      38
      35
      47
      43
      41
      44
      39
      36
      42
      39
      40
      38
      56
      47
      50
      51
      45
      48
      31
      49
      27
      33
      44
      48
      44
      50
      39
      42
      39
      53
      41
      35
      42
      55
      33
      45
      39
      43
      34
      36
      36
      36
      30
      38
      52
      41
      26
      45
      45
      37
      32
      39
      45
      44
      47
      38
      57
      39
      40
      30
      42
      49
      36
      39
      39
      38
      44
      43
      41
      41
      38
      51
      33
      29
      40
      41
      35
      32
      40
      43
      32
      36
      44
      34
      47
      28
      22
      48
      41
      35
      37
      50
      41
      45
      48
      49
      50
      57
      60
      59
      82
      83
      58
      81
      79
      80
      70
      76
      64
      68
      57
      49
      50
      40
      55
      36
      46
      48
      43
      44
      54
      35
      46
      44
      44
      53
      37
      47
      45
      31
      37
      48
      39
      31
      36
      41
      40
      27
      37
      41
      46
      28
      39
      26
      39
      46
      28
      40
      29
      42
      29
      27
      30
      33
      34
      36
      45
      42
      40
      52
      53
      37
      51
      52
      40
      42
      38
      47
      50
      62
      41
      48
      48
      45
      38
      44
      51
      41
      62
      68
      58
      63
      65
      55
      47
      45
      50
      56
      47
      22
      37
      34
      33
      32
      31
      43
      37
      30
      41
      33
      35
      41
      32
      32
      29
      33
      29
      39
      34
      39
      27
      41
      38
      28
      34
      25
      43
      35
      28
      36
      36
      33
      30
      33
      32
      25
      32
      27
      38
      34
      33
      33
      33
      37
      34
      39
      28
      15
      30
      40
      26
      38
      33
      40
      35
      37
      36
      28
      37
      32
      32
      36
      24
      30
      27
      29
      41
      23
      34
      37
      21
      40
      31
      46
      30
      30
      24
      32
      31
      26
      41
      31
      30
      30
      35
      26
      29
      28
      25
      22
      27
      28
      24
      31
      31
      24
      31
      30
      30
      39
      34
      20
      36
      29
      36
      24
      28
      37
      19
      27
      35
      22
      35
      26
      34
      40
      27
      31
      41
      40
      50
      40
      46
      47
      48
      45
      50
      55
      43
      51
      36
      32
      30
      19
      30
      26
      23
      16
      31
      23
      24
      25
      21
      35
      29
      25
      18
      26
      31
      24
      22
      22
      38
      32
      28
      22
      22
      30
      30
      35
      25
      26
      22
      32
      34
      42
      26
      34
      28
      22
      33
      39
      40
      27
      25
      17
      40
      29
      28
      29
      33
      24
      19
      20
      18
      20
      23
      26
      31
      22
      18
      31
      24
      41
      22
      23
      26
       9
      31
      31
      29
      32
      24
      19
      31
      26
      23
      25
      27
      23
      20
      23
      23
      16
      26
      34
      28
      34
      19
      30
      34
      25
      23
      30
      24
      16
      32
      27
      26
      24
      29
      29
      29
      27
      34
      31
      31
      27
      28
      48
      34
      45
      37
      48
      46
      53
      40
      51
      47
      56
      37
      45
      39
      31
      38
      27
      31
      22
      29
      31
      23
      27
      36
      18
      27
      26
      31
      24
      30
      27
      24
      14
      27
      21
      29
      29
      25
      23
      28
      28
      27
      27
      29
      28
      25
      18
      29
      23
      25
      23
      27
      22
      23
      18
      20
      23
      24
      27
      18
      21
      16
      17
      22
      24
      27
      23
      23
      24
      20
      24
      23
      29
      21
      17
      20
      25
      26
      24
      21
      33
      33
      20
      28
      23
      24
      26
      22
      35
      21
      24
      27
      30
      16
      19
      26
      29
      25
      25
      24
      24
      22
      19
      22
      24
      19
      23
      11
      15
      20
      18
      19
      23
      22
      27
      20
      22
      19
      23
      15
      19
      28
      24
      27
      13
      15
      26
      14
      19
      26
      22
      19
      22
      16
      18
      18
      22
      16
      16
      14
      14
      24
      20
      19
      21
      14
      27
      20
      21
      23
      17
      26
      21
      22
      14
      16
      21
      16
      15
      26
      17
      22
      13
      16
      19
      24
      17
      26
      22
      17
      20
      16
      20
      14
      10
      20
      18
      23
      16
      16
      17
      12
      13
      16
      19
      25
      20
      30
      22
      25
      30
      19
      23
      23
      27
      33
      28
      19
      25
      21
      24
      18
      19
      18
      21
      28
      21
      19
      27
      27
      16
      17
      26
      29
      29
      39
      31
      50
      59
      56
      57
      52
      84
      67
      68
      76
      59
      72
      71
      62
      61
      50
      52
      41
      33
      29
      18
      32
      24
      18
      26
      16
      15
      12
      19
      16
      11
       9
      15
      22
      15
      15
      20
      17
       5
      20
      14
      22
      21
      17
      11
      17
      19
      10
      10
      13
      11
      20
       9
      11
      16
      21
      18
      20
      22
      16
      17
      13
      21
      15
      13
      17
      11
      17
      13
      17
      12
      13
      15
       7
      10
      10
      11
      10
      15
      12
      25
      15
      14
      17
      13
       7
      16
       9
      15
      17
      14
      16
      23
      13
      14
       9
       9
       8
      15
      14
      13
      12
       7
      16
      18
      14
       9
      18
      20
      11
      13
      15
      16
      11
      12
      13
      11
      16
      10
      10
      12
      20
      12
      14
      12
      11
      12
      13
      17
      20
      15
      10
      12
      17
      11
      10
      11
      15
      12
      14
       8
      15
      15
      10
      16
      15
      11
      10
      10
      14
      12
       7
      10
       9
      15
      12
      16
      11
      10
      14
      14
      18
      18
      16
      18
      12
      15
      21
      16
      22
      10
      16
      17
      17
      22
      19
      20
      19
      18
      19
       5
      15
      11
       5
      10
      10
      12
      16
      12
      13
      10
      12
      10
       5
      11
       7
       9
      11
       9
      10
      13
      14
      11
      18
       6
      12
       9
      10
      10
      14
      10
       8
      20
      13
      15
       9
       7
       7
       9
       8
       8
      14
      11
      12
      10
      16
      12
       9
      15
      14
      10
      17
      18
      10
      13
      17
      12
      22
      13
      11
      13
       8
      10
      15
      16
      13
      10
      18
      11
      12
      14
      11
      12
      13
      19
      11
      11
      10
      12
      12
       9
      11
      10
       7
       9
      14
      12
       3
       4
      15
       8
      12
       6
      11
      12
      15
      13
      13
      13
      16
       8
      11
       5
       9
       7
      10
      10
      14
       6
       6
       8
      16
       7
      14
      10
      10
      11
       6
      10
       9
      12
       9
      10
      11
      10
       9
      11
      12
       7
       6
      13
       9
       8
       4
      12
      12
       9
       8
      11
       7
       7
       9
       7
      12
      13
      11
      13
      14
      11
       6
       9
      14
      17
      23
      12
      14
      21
      20
      21
      24
      21
      31
      39
      28
      30
      38
      19
      42
      31
      37
      35
      18
      22
      29
      11
      13
      12
      11
       7
      15
      11
      17
      12
      14
      10
      12
      11
      10
      12
      13
      18
      12
      16
      12
      11
       9
      11
      12
      14
      10
       4
       7
       7
      14
       6
       7
       8
       7
       9
      15
       6
       6
       9
      13
      10
      13
       8
      14
      13
       5
      11
       6
       4
       5
      15
      10
      10
       8
      18
       8
      14
      13
      13
      14
      16
      20
      22
      25
      24
      29
      30
      41
      40
      49
      44
      74
      72
      82
      92
     113
     106
      92
      96
     113
      90
     120
     111
     122
     122
      88
      77
      57
      44
      35
      16
      21
      34
      22
      17
      18
       8
      13
       7
      13
       8
       7
       8
       4
       9
       6
      10
       9
       7
      14
       7
      10
      10
      10
      12
       7
      11
       5
       8
       9
       9
      13
       4
       8
       8
      11
       9
       6
       5
       8
      12
       5
       7
       6
       3
       8
      10
       8
      13
       8
       3
      13
      10
       3
       4
      10
       8
      16
       9
       8
      11
      10
       7
       6
       8
       3
       6
       3
       9
       5
       6
       5
       7
       8
       9
      11
       9
      12
       5
       9
       6
       6
      10
       5
       5
       5
       9
      10
       7
       4
       9
      10
      10
       6
       7
       4
       8
       5
      10
       8
       7
      11
       4
      11
       4
       8
       4
       9
       6
       8
       3
       6
      11
       3
       8
       3
       6
       5
       9
      10
       8
       7
       7
       8
       6
      11
       7
      12
       9
       9
       1
       9
       5
       6
       5
       6
      10
       8
       4
       6
       9
      12
       6
      10
       7
      10
      12
       7
       4
       6
      12
       9
       7
      17
      10
      12
       9
      12
      11
      12
      12
      20
      10
      13
      14
      15
       7
      15
       2
      12
      10
       6
       8
      10
      10
      11
       9
      16
      13
      15
      14
       8
      12
      13
      11
      15
      24
      12
      12
       9
      12
      12
      17
      25
      17
      14
      19
      18
      15
      17
      25
      25
      23
      25
      19
      12
      21
       9
       8
       6
      11
       9
      12
       7
       9
       6
       5
      11
       8
       6
       6
       4
      12
       5
      10
      12
       2
       6
       9
      12
      12
      11
       9
       9
      10
       7
       6
       9
       7
       7
       4
      11
       8
       8
      15
      14
       9
      10
      12
      15
       1
       5
       4
       4
      15
       6
       6
      12
      15
      14
       8
      14
       6
      15
       3
       9
       7
      10
      16
      12
       7
       8
       3
      14
       7
       5
       8
       9
       5
      10
       6
       9
       7
       6
       8
       5
      13
       5
       4
       6
       4
      12
       6
       3
       6
       9
       3
       8
       6
      12
      14
       4
       8
       8
      15
       7
       9
       6
       6
       8
       6
       8
       8
      11
       4
       8
       8
       7
      10
       8
       6
       6
       8
       6
       3
       5
       6
       2
       5
       7
       8
      10
      11
      11
       6
       5
       5
       7
       4
       5
      11
       1
       8
      13
       8
       8
       6
       6
       9
       6
      12
      10
       5
       6
       7
      11
      11
      11
       6
       7
       7
       4
       7
       7
      11
       7
       5
       9
       7
       9
       6
       5
       5
       4
       9
       3
       3
       5
       4
       7
       5
       9
      11
       4
       8
       5
       5
       4
       7
       7
      10
       3
       8
       8
       6
       6
       6
       5
       7
       5
       3
       6
       5
       6
      12
       8
      12
       5
       7
       6
       5
       7
       5
       4
       5
       6
      14
      11
       6
       5
       6
       5
       8
       3
       8
       9
       6
       7
       7
      10
      11
       5
       4
       7
       5
       9
       4
       4
       5
       8
       4
       4
       2
       9
       4
       5
       8
       3
       8
       6
       3
      10
       6
       8
       4
       5
      10
       5
       6
       6
       5
       6
       8
       6
       5
       2
      10
       5
       7
       8
       5
       6
       6
       7
      10
       6
       3
       9
       4
       7
       7
       7
       5
       4
       6
       9
      10
       5
       6
      13
       6
       7
       7
       4
       6
       2
      10
       8
       7
       7
       6
      12
       4
       6
       8
       7
       8
       4
       3
       9
       5
       6
       7
       5
       3
      11
       4
       4
       2
       3
       8
       7
       6
       9
       5
       4
       4
       6
      10
       9
       3
       1
       7
       7
       6
      10
       7
       6
       3
      10
       6
       6
       4
       7
       7
       4
       7
       3
       8
       6
       8
       7
       4
       4
       4
       5
      10
       8
       4
       8
       6
       6
       5
       5
       6
       6
       4
       9
       6
       8
       6
       2
       7
       5
       1
       8
       3
       4
       6
       8
      10
       4
       8
       9
       6
       7
       3
       3
       4
       4
       7
       5
       6
       7
       8
       8
       7
       6
       8
       7
       4
       5
       6
       7
       3
       7
       5
       5
       8
      10
       5
       5
       9
       5
       7
       8
      11
       5
       7
       5
       7
       7
       6
       3
       7
       3
       3
       8
       6
       5
      10
       8
       3
       6
       3
       7
       3
       2
       3
       4
       3
       6
       3
       6
       4
       4
       3
       6
      11
       5
       4
       5
       6
       2
       6
       6
       7
       3
       9
       7
       2
       2
       6
       3
       6
       9
       4
       1
       9
       3
       3
       4
       2
       2
       6
      10
       3
       5
       7
       5
       5
       5
       8
       1
       7
      10
      10
       4
      10
       2
       1
       7
       4
       4
       5
       3
       9
       7
       4
       3
       9
       4
       6
       8
       9
       3
       8
       5
       7
       9
       8
       3
       4
       3
       4
       5
       7
       5
       2
       8
       4
       6
       2
       7
       3
       7
       8
       6
       2
       5
       7
       5
       6
       0
       8
       3
       6
       4
      10
       4
       4
       3
       8
       1
       8
       7
       4
       5
       2
       2
       3
       5
       6
       8
       8
       1
       4
       4
       4
       5
       6
       3
       3
       4
      10
       6
       3
       2
       3
       3
       4
       7
       3
       6
       4
       6
       4
       5
       5
       5
       6
       5
       9
      10
       7
       4
       5
       5
       5
       6
       4
      10
       5
       4
       4
       4
       3
       5
       5
       4
       8
       7
       2
       0
       9
       5
       2
       6
       5
       5
       5
       3
       1
       4
       4
       4
       8
       6
       8
       8
       5
       5
       5
       5
       2
       1
       2
       3
       8
       4
       2
       7
       4
       4
       5
       4
       7
       8
       2
       6
       4
       3
       2
       3
       1
       9
       8
       9
       6
       8
       4
       6
       4
       5
       3
       6
       8
       7
       9
       5
       8
       5
      11
       4
       4
      10
       8
       2
       8
       7
       5
      11
      12
      14
       6
      10
       6
       9
       6
       4
       4
      13
       6
      14
       3
       9
      11
      10
      10
       6
       2
       8
       5
       4
       6
       9
       3
       8
       4
       5
       4
       6
       7
       5
       5
       2
       4
       3
       4
       2
       6
       7
       3
       8
       2
       5
       5
       2
       2
       4
       2
       5
       7
       3
       1
       2
       3
       1
       6
       5
       3
       4
       3
       4
       4
       3
       3
       2
       7
       3
       4
       3
       6
       4
       6
       0
       6
       6
       2
       6
       5
       1
       3
       3
       3
       2
       4
       5
       3
       3
       3
       3
       4
       4
       4
       5
       3
       3
       4
       4
       3
       5
       3
       2
       4
       5
       4
       4
       5
       5
       2
       5
       4
       3
       4
       4
       7
       5
       0
       7
       5
       4
       6
       6
       7
       7
       5
       5
       4
       1
       4
       6
       5
       6
       4
       9
       5
       4
       5
       5
       4
       7
       2
       5
       8
       6
       6
       5
       2
       7
       7
       4
       5
       1
       1
       2
       2
       2
       4
       4
       7
       6
       5
       5
       5
       5
       2
       4
       4
       4
       4
       5
       3
       4
       6
       2
       2
       3
       4
       4
       4
       2
       5
       5
       2
       3
       8
       3
       6
       5
       7
       5
       4
       2
       7
       5
       7
       9
       6
       5
       5
       9
       7
       6
       9
      12
      12
       8
       2
       5
       8
      13
      14
      11
      21
      20
      21
      22
      15
      24
      23
      24
      20
      29
      20
      22
      36
      26
      19
      21
      25
      33
      30
      19
      20
      14
       8
       9
       8
       8
      10
       8
      10
       4
       8
       3
       1
       6
       5
       6
       6
       4
       9
       3
       4
       3
       4
       3
       7
       7
       7
       7
       2
       8
       5
       6
       4
       6
       6
       7
       2
       7
       6
       1
       2
       5
       3
       6
       2
       1
       6
       4
       4
       4
       7
       3
       1
       4
       5
       2
       1
       5
       3
       2
       4
       3
       2
       5
       5
       2
       7
       2
       3
       6
       8
       1
       4
       2
       5
       7
       3
       3
       8
       3
       2
       2
       1
       3
       4
       5
       1
       0
       3
       4
       2
       3
       3
       3
       3
       4
       6
       0
       5
       7
       1
       1
       1
       6
       6
       3
       6
       5
       1
       2
       4
       3
       1
       5
       2
       3
       3
       5
       0
       4
       6
       6
       3
       7
       6
       3
       4
       6
       6
       2
       4
       3
       6
       4
       4
       2
       1
       4
       4
       1
       5
       2
       4
       4
       5
       3
       4
       3
       3
       3
       4
       4
       3
       0
       5
       3
       3
       3
       3
       4
       1
       4
       1
       4
       2
       6
       3
       5
       1
       4
       0
       2
       3
       5
       4
       0
       0
       3
       1
       3
       3
       5
       6
       2
       7
       2
       2
       7
       2
       7
       2
       4
       3
       4
       3
       5
       2
       4
       2
       6
       4
       5
       2
       4
       6
       4
       7
       7
       4
       4
       2
       9
       3
       4
       4
      12
       8
       3
       7
       7
       7
       7
       6
       7
       5
       2
       6
       4
       3
       3
       4
       4
       4
       3
       4
       4
       4
       6
       5
       2
       4
       5
       3
       2
       2
       3
       2
       3
       3
       2
       1
       2
       2
       2
       3
       4
       6
       4
       1
       5
       2
       4
       6
       1
       0
       5
       7
       2
       4
       4
       3
       4
       2
       0
       3
       3
       2
       7
      10
       4
       2
       3
       1
       3
       3
       0
       5
       3
       2
       2
       3
       1
       1
       3
       1
       3
       3
       2
       3
       2
       3
       5
       4
       4
       3
       6
       2
       3
       5
       2
       8
       5
       4
       4
       3
       6
       0
       4
       3
       3
       3
       9
       7
       3
       5
       2
       1
       2
       2
       2
       1
       1
       3
       3
       4
       4
       5
       3
       4
       3
       4
       4
       8
       1
       2
       3
       4
       2
       6
       5
       1
       5
       4
       4
       0
       5
       1
       5
       0
       2
       7
       5
       7
       3
       8
       4
       4
       3
       7
       2
       2
       5
       3
       5
       6
       5
       2
       5
       3
       1
       3
       4
       5
       2
       3
       3
       1
       3
       1
       2
       4
       1
       2
       1
       2
       4
       2
       3
       2
       2
       0
       2
       2
       4
       3
       2
       3
       5
       3
       2
       3
       2
       2
       2
       3
       5
       3
       6
       3
       3
       2
       3
       1
       1
       4
       2
       4
       1
       2
       3
       3
       4
       1
       2
       5
       5
       2
       2
       3
       1
       3
       3
       3
       2
       2
       2
       5
       6
       4
       5
       3
       1
       2
       4
       1
       1
       1
       4
       3
       2
       1
       4
       8
       2
       0
       5
       4
       2
       2
       3
       0
       1
       2
       2
       6
       2
       3
       5
       3
       3
       3
       4
       4
       3
       1
       3
       2
       2
       3
       8
       2
       0
       5
       3
       2
       2
       1
       5
       0
       1
       2
       3
       3
       5
       2
       3
       2
       3
       5
       5
       3
       2
       6
       0
       1
       4
       3
       5
       2
       4
       2
       2
       3
       2
       5
       4
       4
       1
       7
       3
       1
       3
       2
       5
       3
       2
       5
       4
       1
       5
       2
       4
       5
       3
       2
       5
       6
       1
       3
       3
       5
       6
       4
       3
       1
       1
       5
       4
       1
       2
       2
       6
       2
       2
       2
       3
       5
       4
       4
       3
       3
       1
       4
       4
       2
       1
       2
       1
       3
       5
       1
       4
       5
       2
       5
       8
       4
       4
       6
       2
       5
       3
       3
       5
       9
       6
       7
       7
       7
       9
       5
       6
       8
      12
       7
      11
       8
       8
      12
      11
       6
       7
       3
       8
       4
       8
       5
       5
       5
       4
       4
       4
       0
       6
       1
       5
       2
       4
       3
       4
       2
       3
       2
       2
       3
       1
       3
       4
       3
       2
       1
       6
       4
       5
       2
       3
       2
       3
       2
       1
       3
       1
       3
       3
       2
       2
       2
       2
       2
       4
       3
       3
       4
       0
       5
       1
       2
       0
       4
       2
       3
       0
       3
       3
       4
       1
       2
       2
       6
       2
       3
       2
       9
       2
       4
       0
       0
       2
       3
       2
       0
       3
       5
       2
       2
       2
       1
       3
       2
       2
       2
       2
       5
       3
       5
       1
       3
       3
       1
       4
       4
       3
       2
       1
       1
       5
       3
       3
       4
       3
       1
       4
       3
       2
       5
       1
       7
       2
       3
       2
       1
       1
       3
       1
       4
       1
       1
       3
       0
       5
       2
       3
       1
       4
       1
       1
       2
       0
       1
       2
       5
       3
       4
       1
       4
       6
       2
       2
       1
       3
       4
       2
       0
       5
       4
       3
       3
       3
       2
       4
       3
       0
       6
       3
       2
       2
       2
       2
       4
       3
       5
       3
       5
       4
       5
       4
       2
       1
       3
       3
       3
       3
       1
       4
       2
       3
       3
       5
       1
       5
       4
       1
       3
       2
       2
       5
       2
       2
       5
       1
       3
       5
       3
       4
       3
       4
       1
       2
       2
       1
       1
       0
       2
       1
       5
       4
       3
       2
       4
       1
       3
       4
       1
       2
       4
       1
       2
       2
       1
       3
       2
       6
       2
       2
       3
       1
       3
       2
       7
       3
       1
       3
       3
       4
       0
       3
       1
       2
       3
       3
       4
       2
       1
       3
       2
       1
       1
       4
       1
       1
       3
       1
       3
       3
       1
       0
       2
       2
       1
       1
       1
       2
       3
       2
       5
       2
       2
       2
       1
       1
       2
       2
       2
       3
       5
       1
       1
       4
       1
       1
       2
       4
       0
       2
       2
       1
       1
       1
       2
       3
       2
       1
       2
       2
       2
       2
       3
       2
       2
       3
       3
       2
       4
       3
       2
       1
       4
       5
       4
       1
       6
       3
       2
       4
       4
       3
       4
       4
       1
       2
       1
       0
       4
       1
       5
       3
       3
       3
       3
       4
       4
       1
       1
       1
       5
       1
       1
       3
       1
       1
       2
       2
       0
       3
       5
       3
       1
       2
       1
       1
       1
       3
       3
       3
       2
       4
       2
       1
       2
       4
       1
       5
       5
       2
       2
       2
       4
       1
       1
       6
       1
       1
       2
       2
       1
       2
       2
       1
       4
       3
       4
       1
       4
       5
       3
       4
       7
       5
       7
       8
       6
       3
       3
       3
       6
       7
       3
       8
       6
       9
       9
       7
      12
       6
      12
       9
       9
       8
      14
      12
       9
       6
       6
       5
       2
       4
       2
       5
       0
       0
       8
       4
       2
       1
       2
       1
       5
       0
       1
       2
       2
       2
       3
       1
       2
       1
       2
       1
       3
       1
       3
       0
       0
       2
       4
       1
       1
       4
       2
       3
       3
       1
       3
       3
       4
       1
       0
       1
       2
       3
       3
       3
       6
       4
       3
       2
       3
       2
       2
       1
       5
       2
       3
       3
       3
       4
       3
       4
       1
       2
       1
       4
       2
       2
       3
       1
       4
       6
       1
       1
       0
       3
       2
       2
       2
       3
       0
       0
       2
       5
       0
       1
       5
       2
       0
       1
       1
       2
       0
       1
       3
       2
       4
       1
       0
       1
       2
       3
       0
       5
       4
       5
       3
       3
       4
       2
       2
       2
       0
       1
       2
       1
       1
       1
       2
       0
       6
       1
       2
       1
       2
       3
       0
       1
       3
       0
       3
       1
       1
       1
       1
       3
       1
       3
       4
       3
       2
       5
       0
       1
       3
       2
       2
       5
       5
       2
       3
       0
       1
       2
       1
       2
       0
       0
       4
       1
       2
       3
       4
       2
       5
       4
       3
       4
       2
       4
       3
       5
       3
       0
       2
       2
       3
       0
       0
       2
       1
       2
       0
       1
       1
       1
       3
       4
       2
       0
       3
       2
       7
       4
       2
       0
       4
       2
       0
       1
       3
       1
       0
       1
       2
       1
       1
       2
       0
       4
       1
       1
       1
       3
       1
       1
       3
       5
       1
       3
       2
       0
       0
       5
       4
       2
       0
       5
       1
       1
       4
       2
       4
       0
       0
       2
       2
       1
       2
       0
       2
       2
       1
       4
       3
       1
       1
       0
       1
       4
       1
       2
       0
       0
       0
       4
       0
       1
       1
       1
       0
       2
       3
       3
       4
       2
       3
       2
       3
       2
       0
       4
       1
       0
       0
       2
       0
       1
       1
       1
       3
       4
       0
       3
       1
       1
       4
       5
       0
       2
       2
       1
       3
       3
       5
       2
       6
       3
       1
       2
       3
       1
       1
       4
       4
       3
       4
       3
       1
       2
       4
       3
       1
       2
       4
       2
       3
       2
       2
       2
       0
       3
       3
       6
       1
       2
       2
       3
       4
       2
       4
       1
       2
       1
       7
       3
       6
       4
       3
       2
       2
       0
       1
       2
       1
       1
       1
       3
       1
       1
       1
       0
       2
       0
       0
       6
       1
       1
       2
       1
       0
       1
       1
       3
       5
       2
       1
       0
       0
       1
       0
       3
       0
       2
       4
       3
       3
       4
       2
       3
       2
       1
       4
       3
       4
       2
       2
       5
       1
       1
       1
       2
       2
       1
       3
       5
       3
       0
       1
       1
       2
       2
       1
       0
       3
       1
       3
       2
       3
       1
       3
       3
       1
       2
       1
       2
       3
       0
       2
       0
       2
       1
       3
       0
       2
       3
       2
       4
       3
       2
       1
       1
       4
       3
       4
       1
       2
       3
       2
       5
       2
       4
       2
       2
       3
       0
       4
       0
       2
       2
       2
       4
       1
       5
       0
       3
       4
       0
       1
       1
       0
       1
       1
       4
       1
       1
       3
       5
       3
       2
       1
       1
       1
       1
       2
       0
       2
       5
       2
       2
       1
       3
       1
       2
       1
       2
       4
       2
       1
       1
       1
       1
       0
       0
       3
       0
       3
       1
       4
       3
       0
       1
       4
       1
       3
       1
       0
       4
       2
       1
       2
       6
       4
       3
       3
       2
       1
       4
       1
       1
       3
       2
       5
       1
       0
       3
       3
       6
       1
       2
       5
       3
       2
       0
       3
       4
       1
       1
       1
       2
       3
       1
       1
       0
       0
       2
       3
       2
       2
       2
       4
       0
       0
       3
       0
       0
       0
       2
       3
       5
       4
       2
       3
       2
       3
       2
       3
       1
       4
       1
       3
       2
       2
       2
       1
       5
       1
       1
       2
       2
       2
       2
       1
       4
       2
       0
       3
       2
       1
       2
       1
       1
       2
       3
       2
       2
       1
       1
       2
       1
       6
       2
       2
       1
       1
       1
       3
       0
       1
       0
       0
       1
       1
       1
       1
       5
       7
       0
       1
       1
       1
       3
       0
       0
       0
       1
       0
       2
       1
       0
       4
       1
       2
       4
       5
       4
       1
       1
       3
       3
       2
       2
       6
       1
       1
       1
       3
       0
       0
       1
       3
       3
       2
       1
       0
       1
       3
       2
       2
       1
       0
       0
       1
       1
       2
       3
       2
       1
       3
       4
       0
       1
       3
       7
       3
       1
       5
       1
       0
       3
       1
       1
       2
       2
       1
       1
       1
       3
       1
       2
       3
       4
       1
       4
       2
       2
       4
       4
       1
       1
       2
       2
       3
       5
       4
       4
       4
       0
       0
       0
       1
       2
       4
       1
       4
       1
       1
       4
       2
       4
       5
       4
       1
       3
       1
       2
       1
       1
       2
       2
       2
       0
       7
       1
       3
       0
       3
       4
       1
       0
       1
       3
       2
       1
       6
       2
       1
       1
       3
       2
       1
       3
       4
       0
       1
       5
       3
       3
       1
       3
       1
       3
       2
       3
       2
       0
       2
       2
       1
       1
       3
       2
       2
       0
       5
       4
       2
       3
       0
       1
       4
       2
       2
       2
       1
       2
       1
       6
       2
       0
       2
       1
       1
       4
       1
       3
       2
       2
       2
       5
       0
       2
       1
       0
       4
       3
       1
       0
       0
       2
       0
       2
       2
       3
       3
       2
       2
       1
       2
       1
       3
       1
       3
       1
       0
       1
       3
       3
       5
       2
       1
       0
       1
       2
       4
       0
       1
       2
       4
       2
       1
       0
       3
       1
       4
       4
       2
       2
       2
       1
       2
       2
       0
       2
       2
       3
       1
       1
       0
       3
       2
       4
       4
       3
       1
       1
       3
       0
       2
       3
       3
       2
       2
       2
       3
       4
       3
       2
       2
       1
       0
       1
       1
       2
       2
       4
       1
       4
       0
       1
       1
       1
       4
       1
       2
       2
       0
       0
       1
       2
       1
       0
       2
       3
       2
       2
       1
       0
       3
       2
       1
       1
       3
       0
       2
       0
       3
       2
       2
       1
       2
       0
       1
       1
       1
       0
       3
       1
       0
       1
       1
       1
       5
       2
       2
       2
       2
       2
       4
       1
       6
       3
       1
       2
       2
       1
       0
       0
       0
       2
       2
       0
       6
       1
       1
       2
       3
       0
       1
       2
       1
       3
       2
       3
       6
       2
       1
       1
       6
       2
       2
       3
       2
       1
       3
       4
       2
       1
       3
       1
       4
       4
       3
       3
       1
       3
       0
       1
       2
       0
       1
       2
       3
       2
       3
       0
       3
       5
       1
       5
       1
       2
       5
       0
       0
       1
       4
       1
       0
       0
       1
       1
       2
       1
       3
       3
       0
       1
       0
       0
       3
       2
       2
       2
       1
       4
       2
       1
       2
       0
       2
       1
       1
       2
       2
       2
       1
       1
       0
       1
       1
       3
       1
       4
       3
       0
       2
       1
       1
       2
       1
       1
       1
       2
       2
       1
       1
       2
       3
       2
       2
       1
       2
       1
       2
       1
       0
       2
       1
       2
       3
       1
       1
       0
       1
       1
       2
       1
       2
       2
       0
       1
       2
       1
       3
       0
       2
       1
       0
       1
       0
       2
       2
       1
       2
       3
       1
       3
       3
       0
       3
       1
       1
       4
       4
       3
       2
       3
       4
       3
       1
       4
       2
       0
       3
       0
       0
       2
       2
       2
       0
       3
       4
       3
       1
       4
       1
       1
       1
       2
       1
       0
       2
       1
       2
       0
       3
       3
       0
       0
       3
       2
       2
       1
       4
       2
       3
       0
       3
       6
       2
       5
       1
       1
       0
       3
       2
       2
       2
       2
       1
       0
       5
       1
       4
       3
       1
       3
       5
       1
       2
       2
       2
       2
       2
       4
       2
       1
       2
       1
       1
       2
       0
       2
       3
       2
       1
       1
       1
       1
       2
       1
       2
       2
       0
       0
       5
       1
       2
       5
       2
       1
       1
       0
       0
       2
       2
       4
       2
       2
       2
       2
       1
       2
       1
       2
       2
       0
       2
       3
       0
       1
       1
       2
       2
       2
       3
       2
       2
       2
       1
       1
       1
       1
       3
       2
       4
       3
       1
       5
       1
       3
       1
       1
       1
       3
       1
       0
       1
       4
       1
       1
       4
       2
       1
       0
       1
       0
       2
       0
       1
       1
       0
       3
       1
       1
       5
       0
       0
       0
       2
       1
       4
       3
       3
       1
       3
       0
       2
       1
       4
       1
       1
       2
       0
       0
       1
       0
       2
       0
       0
       2
       0
       1
       1
       2
       2
       0
       0
       0
       4
       1
       0
       2
       1
       1
       2
       3
       3
       2
       2
       1
       4
       0
       0
       2
       1
       2
       1
       1
       2
       1
       2
       2
       2
       0
       1
       2
       1
       1
       1
       1
       2
       1
       2
       1
       3
       2
       1
       0
       1
       1
       2
       3
       2
       1
       1
       2
       0
       1
       2
       0
       0
       2
       1
       0
       4
       2
       1
       2
       3
       1
       1
       0
       3
       1
       2
       1
       1
       2
       0
       2
       0
       2
       0
       2
       3
       2
       1
       3
       2
       1
       1
       3
       2
       1
       2
       2
       3
       1
       3
       2
       5
       2
       0
       2
       3
       2
       0
       1
       2
       2
       4
       0
       1
       0
       1
       0
       1
       0
       2
       3
       1
       0
       0
       0
       0
       0
       0
       0
       0
       0
       0
       0
       0
       0
       0
       0
       0
       0
       0
       0
       0
       0
       0
       0
       0
       0
       0
       0
       0
       0
       0
       0
       0
       0
       0
       0
       0
       0
       0
       0
       0
       0
       0
       0
       0
       0
       0
       0
       0
       0
       0
       0
       0
       0
       0
       0
       0
       0
       0
       0
       0
       0
       0
       0
       0
       0
       0
       0
       0
       0
       0
       0
       0
       0
       0
       0
       0
       0
       0
       0
       0
       0
       0
       0
       0
       0
       0
       0
       0
       0
       0
       0
       0
       0
       0
       0
       0
       0
       0
       0
       0
       0
       0
       0
       0
       0
       0
       0
       0
       0
       0
       0
       0
       0
       0
       0
       0
       0
       0
       0
       0
       0
       0
       0
       0
       0
       0
       0
       0
       0
       0
       0
       0
       0
       0
       0
       0
       0
       0
       0
       0
       0
       0
       0
       0
       0
       0
       0
       0
       0
       0
       0
       0
       0
       0
       0
       0
       0
       0
       0
       0
       0
       0
       0
       0
       0
       0
       0
       0
       0
       0
       0
       0
       0
       0
       0
       0
       0
       0
       0
       0
       0
       0
       0
       0
       0
$ROI:
0
$PRESETS:
Live Time
86400
0
$ENER_FIT:
-0.428493 0.397194
$MCA_CAL:
3
-4.284930E-001 3.971939E-001 4.985228E-009 keV
$SHAPE_CAL:
3
2.931963E+000 2.494840E-003 1.036727E-007
