$SPEC_ID:
Pulser
$SPEC_REM:
DET# 2
DETDESC# DETECTOR 2
AP# GammaVision Version 7.01.03
$DATE_MEA:
04/29/2017 03:22:53
$MEAS_TIM:
43200 46897
$DATA:
0 8191
       0
       0
       0
       0
       0
       0
       0
       0
       0
       0
       0
       0
       0
       0
       0
       0
       0
       0
       0
       0
       1
       0
       1
   10737
  719519
  897269
  490203
  435382
  430953
  488103
  751258
 1365659
 2101887
 2333999
 1861662
 1190651
  815124
  866936
 1513159
 3075969
 5219818
 6246350
 4999481
 2777609
 1263084
  688661
  694079
 1009876
 1297860
 1265550
  982874
  700018
  518134
  417950
  369098
  348809
  342617
  339810
  342178
  345807
  350914
  357080
  383246
  477775
  649232
  756483
  656844
  467012
  350395
  308350
  296528
  287871
  284733
  282128
  281134
  278734
  274710
  270658
  267662
  265707
  264438
  262317
  260100
  257433
  252060
  246048
  240582
  234288
  232101
  228953
  226938
  224465
  222988
  219926
  218555
  216420
  216567
  217143
  216518
  216159
  215188
  213630
  214515
  212840
  215935
  221606
  228212
  234923
  236466
  237614
  233736
  230739
  228227
  229080
  228666
  229069
  230424
  228852
  230539
  231435
  231820
  233760
  236104
  236437
  237603
  238358
  239698
  241815
  242297
  244351
  245757
  263140
  352528
  619491
 1022119
 1214904
  958951
  559377
  325544
  255209
  243920
  246027
  248574
  252673
  256291
  265940
  292516
  343626
  394198
  393713
  347151
  304998
  289535
  288996
  292417
  295099
  301345
  308011
  316032
  327301
  340592
  347232
  349552
  347694
  346277
  347871
  352260
  358703
  365221
  373290
  383131
  392262
  405494
  420343
  433216
  445462
  456879
  470249
  481681
  495372
  514560
  550463
  627161
  742690
  815864
  764118
  665935
  646887
  742985
  847161
  819721
  679252
  555935
  501116
  486486
  483342
  477903
  468057
  455061
  442729
  431682
  425168
  435266
  502996
  667586
  886778
 1001791
  937881
  779691
  662963
  824202
 1653990
 3187045
 4407751
 4077658
 2519890
 1142429
  524986
  369613
  356655
  371983
  382075
  385945
  405821
  509936
  866714
 1624741
 2512253
 2789435
 2158080
 1252709
  737779
  697586
 1021694
 1758333
 2913590
 4148193
 5270203
 6741174
 8334378
 8338111
 6106851
 3392961
 1733462
 1080918
 1120808
 2327792
 5579061
10390394
13568774
12115934
 7357335
 3148002
 1119703
  491635
  349762
  351119
  432955
  548679
  590644
  508514
  384177
  336441
  423752
  649951
  958979
 1231803
 1317952
 1145913
  819972
  556821
  469843
  552680
  804156
 1242020
 1775089
 2189513
 2417152
 2722019
 3393256
 4280495
 4806013
 4435623
 3181566
 1773479
  886957
  607550
  757486
 1195043
 1682635
 1875890
 1626496
 1148159
  708421
  416509
  265718
  207909
  186538
  176691
  170697
  166932
  169288
  188040
  252144
  382156
  534065
  595373
  506351
  339589
  215458
  162425
  148270
  147044
  148209
  154374
  160672
  163703
  159858
  150448
  142411
  138721
  136926
  135726
  134692
  133633
  132232
  130210
  130032
  130486
  129247
  129628
  129087
  129018
  127431
  126837
  128461
  131167
  134322
  139598
  141272
  142347
  146083
  154737
  159496
  156316
  145749
  135411
  129563
  126118
  125193
  124920
  126412
  131800
  147520
  176536
  209992
  226765
  212710
  194217
  272826
  675427
 1712310
 3341459
 4780901
 4954544
 3647043
 1875548
  705681
  258235
  152464
  134284
  125556
  120059
  117287
  116236
  115390
  115872
  116525
  120029
  125362
  134883
  143558
  145469
  138346
  127828
  121430
  119141
  118162
  119713
  120188
  120449
  120103
  119261
  119041
  120828
  122878
  122642
  122710
  121073
  119702
  120025
  121411
  123940
  126620
  126782
  125729
  123460
  127780
  168550
  332074
  771797
 1537127
 2358536
 2732207
 2339954
 1460289
  675597
  276052
  151176
  125253
  120782
  119064
  117430
  116680
  116386
  116860
  116792
  116720
  116808
  116836
  116438
  115611
  115784
  116667
  118224
  119373
  121925
  126615
  129183
  134384
  137476
  139666
  140277
  141150
  140361
  137174
  132895
  128457
  125503
  124926
  125483
  129678
  132833
  134960
  134835
  133102
  131342
  137543
  160763
  209362
  272682
  324002
  338801
  359458
  665559
 2129673
 6316013
14261996
24113083
30793440
29597867
20980528
10658421
 3801789
  995837
  271088
  143857
  120002
  106596
   96247
   89535
   87440
   87983
   90818
   91346
   89537
   85745
   82773
   91188
  127286
  204888
  311105
  399212
  408977
  331398
  216659
  127847
   86107
   74808
   76337
   84109
   95681
  102950
  102338
   93748
   87503
  100394
  156806
  272185
  431816
  562024
  581947
  476717
  328576
  289575
  513843
 1084561
 1911240
 2632958
 2807914
 2289247
 1387822
  622915
  217120
   81700
   51222
   45574
   44259
   42859
   42063
   40254
   39329
   37808
   36246
   35142
   34735
   34066
   33731
   33631
   33613
   35117
   37499
   41344
   45377
   46774
   45584
   43107
   41876
   44829
   49726
   54156
   54353
   49891
   43027
   38829
   40185
   49512
   65184
   83867
   93930
   90278
   72623
   52924
   37996
   31503
   29319
   28712
   28728
   28579
   28597
   28929
   28874
   28340
   28859
   30063
   31616
   33553
   34766
   34168
   31866
   29896
   28086
   27096
   26702
   26848
   27921
   30362
   35209
   40551
   45982
   46995
   44001
   39378
   35793
   35987
   38579
   42286
   43630
   42737
   39943
   36101
   33237
   30290
   29377
   30169
   34661
   43582
   53326
   60662
   60627
   53914
   43231
   34357
   28676
   25872
   24836
   24388
   24247
   24858
   26522
   30121
   35809
   42814
   47565
   47295
   43004
   36392
   31964
   30174
   30826
   31425
   30743
   29278
   27492
   26148
   25608
   25892
   26017
   26517
   26818
   26452
   26773
   26956
   27076
   27568
   28363
   29266
   29588
   29504
   28632
   27790
   26933
   26263
   25981
   25582
   25493
   25431
   25545
   25730
   25238
   24897
   24685
   24390
   24090
   23545
   23469
   23399
   23651
   23981
   24209
   24999
   26032
   26801
   27333
   27794
   27652
   27783
   28400
   29809
   32056
   33569
   33646
   32495
   31343
   30404
   29617
   29055
   27668
   27185
   27058
   27765
   31154
   37440
   46384
   55988
   62314
   63644
   58255
   49388
   43019
   42124
   49222
   61350
   73495
   80588
   80161
   71315
   59584
   47303
   38606
   32886
   29852
   28300
   29580
   32289
   35342
   37933
   37597
   34019
   28407
   22932
   18586
   16917
   16478
   15704
   15689
   15782
   15902
   16573
   18307
   21006
   24667
   29386
   34417
   38824
   40303
   39911
   36637
   31647
   27812
   26019
   25763
   26861
   28131
   29406
   29595
   29822
   29091
   28253
   26524
   23790
   20849
   18735
   16920
   17432
   19398
   21711
   23904
   24570
   23109
   20498
   17480
   14903
   13426
   12451
   12132
   11456
   11046
   10500
    9944
    9518
    9254
    9351
    9377
    9465
    9378
    9321
    9090
    9092
    9130
    9184
    9617
    9981
   10342
   10824
   11207
   11414
   11669
   11885
   12276
   12348
   11990
   11399
   10714
    9966
    9909
    9489
    9611
    9638
    9788
    9500
    9027
    9008
    8515
    8454
    8469
    8487
    8482
    8429
    8093
    8240
    8188
    8072
    8303
    8437
    8706
    9304
    9668
    9604
    9695
    9977
    9715
   10173
   10306
   10227
    9993
   10062
   10056
   10336
   11170
   11902
   12173
   11711
   10669
    9488
    8213
    7172
    6728
    6537
    6531
    6580
    6583
    6767
    6913
    7151
    7290
    7497
    7900
    7950
    8240
    8330
    8232
    8001
    7884
    7670
    7489
    7212
    7080
    6894
    7175
    7187
    7260
    7332
    7153
    7050
    7373
    7731
    8532
   10186
   12849
   16934
   21028
   24628
   25300
   23785
   19470
   15114
   11294
    9363
    8923
    8920
    9015
    9482
    9866
   11092
   12770
   13880
   14836
   14322
   12668
   10803
    8793
    7513
    7058
    6585
    6869
    7048
    7404
    7604
    7709
    7634
    7650
    7274
    7166
    7137
    7185
    7210
    7240
    7003
    7070
    7108
    7197
    6976
    7382
    7629
    7568
    7876
    8099
    8623
    9091
    9287
    9241
    9303
    9866
   10624
   11861
   13645
   15373
   16743
   17654
   17461
   16789
   15544
   15169
   15562
   16339
   16553
   15402
   12933
    9787
    6636
    4774
    3415
    3006
    2928
    2745
    2797
    2781
    2839
    2933
    2867
    2972
    2991
    3146
    3051
    3048
    3008
    3065
    2972
    2991
    3062
    2949
    2923
    2896
    2911
    2845
    2799
    2911
    3043
    3034
    3453
    4179
    5550
    8219
   12542
   18330
   24324
   29442
   31982
   30553
   25624
   19027
   12359
    7834
    5477
    4632
    4074
    3639
    3087
    2534
    2058
    1802
    1593
    1479
    1560
    1454
    1540
    1518
    1537
    1504
    1504
    1500
    1578
    1555
    1559
    1593
    1631
    1779
    1986
    2329
    2563
    3039
    3417
    3827
    3756
    3461
    3074
    2605
    2366
    2386
    2446
    2512
    2516
    2435
    2212
    1996
    1730
    1588
    1525
    1539
    1577
    1666
    1652
    1822
    1897
    1898
    1851
    1768
    1615
    1470
    1387
    1277
    1284
    1224
    1258
    1232
    1236
    1250
    1269
    1333
    1307
    1296
    1281
    1316
    1315
    1317
    1247
    1300
    1306
    1241
    1272
    1292
    1334
    1298
    1253
    1292
    1334
    1269
    1330
    1294
    1281
    1269
    1362
    1325
    1361
    1490
    1623
    1657
    1708
    1595
    1554
    1488
    1436
    1332
    1379
    1413
    1571
    1659
    1871
    2009
    2200
    2258
    2208
    1981
    1697
    1392
    1225
    1116
    1186
    1159
    1194
    1187
    1152
    1166
    1190
    1179
    1221
    1206
    1274
    1135
    1152
    1156
    1146
    1188
    1161
    1168
    1201
    1182
    1219
    1235
    1363
    1440
    1463
    1413
    1406
    1379
    1280
    1228
    1220
    1184
    1267
    1193
    1235
    1255
    1200
    1187
    1220
    1228
    1343
    1306
    1341
    1330
    1357
    1380
    1276
    1342
    1218
    1260
    1269
    1277
    1238
    1146
    1138
    1118
    1147
    1142
    1100
    1143
    1139
    1089
    1062
    1149
    1129
    1115
    1140
    1179
    1061
    1155
    1185
    1149
    1124
    1101
    1084
    1115
    1135
    1122
    1100
    1045
    1051
    1052
    1047
    1086
    1098
    1109
    1102
    1034
    1087
    1079
    1062
    1012
    1049
    1054
    1109
    1121
    1070
    1131
    1089
    1090
    1085
    1139
    1121
    1027
    1036
     960
     975
     961
     986
    1019
     972
     961
     963
     953
     969
     909
     876
     836
     892
     928
     901
     890
     912
     819
     889
     927
     944
     985
    1030
    1031
    1051
    1099
    1120
     981
     973
     894
     884
     880
     845
     841
     840
     838
     880
     820
     810
     814
     737
     837
     753
     809
     753
     871
     844
     867
     964
     962
     993
     976
     910
     896
     797
     833
     770
     765
     823
     771
     734
     722
     777
     812
     758
     767
     755
     730
     743
     777
     827
     853
     844
     887
     851
     930
     988
     931
     920
     931
     948
    1001
     937
     953
     904
     964
     899
     818
     825
     759
     800
     768
     732
     744
     751
     703
     716
     715
     742
     751
     722
     724
     798
     788
     797
     751
     713
     728
     768
     744
     798
     802
     881
     838
     921
     925
     891
     826
     771
     770
     705
     721
     703
     747
     779
     916
    1049
    1242
    1590
    2031
    2424
    2868
    3157
    3327
    2993
    2553
    1910
    1514
    1144
     930
     772
     654
     694
     673
     678
     686
     709
     793
     784
     808
     822
     853
     852
     862
     737
     733
     678
     688
     597
     607
     612
     626
     645
     670
     649
     679
     684
     670
     596
     629
     660
     638
     632
     633
     613
     612
     629
     618
     634
     641
     656
     577
     598
     597
     600
     642
     628
     623
     595
     592
     625
     637
     676
     720
     820
     803
     908
     977
     930
     863
     801
     737
     617
     600
     612
     574
     557
     575
     580
     612
     553
     571
     565
     557
     532
     525
     531
     506
     565
     511
     568
     547
     549
     519
     556
     565
     536
     561
     572
     551
     570
     561
     609
     555
     568
     576
     571
     576
     562
     540
     487
     551
     531
     526
     498
     538
     558
     459
     523
     564
     520
     516
     523
     496
     470
     517
     519
     520
     527
     602
     594
     558
     607
     571
     610
     538
     592
     561
     546
     562
     473
     494
     513
     512
     524
     477
     466
     516
     482
     496
     480
     492
     470
     460
     500
     473
     440
     484
     506
     491
     528
     486
     471
     457
     489
     457
     512
     486
     457
     475
     460
     504
     485
     466
     491
     487
     515
     501
     461
     442
     459
     489
     460
     468
     479
     518
     464
     467
     512
     496
     489
     456
     554
     526
     602
     712
     852
    1179
    1423
    1840
    2210
    2613
    2991
    2975
    2867
    2317
    1888
    1363
    1045
     744
     600
     515
     431
     448
     431
     473
     448
     448
     489
     459
     463
     458
     462
     493
     516
     507
     485
     469
     517
     511
     461
     475
     446
     464
     453
     433
     429
     424
     448
     412
     434
     460
     395
     438
     395
     419
     430
     432
     483
     440
     480
     468
     521
     539
     575
     599
     593
     557
     516
     546
     520
     442
     418
     469
     399
     455
     441
     432
     443
     414
     461
     460
     465
     447
     458
     465
     400
     423
     383
     415
     401
     396
     378
     413
     411
     386
     366
     375
     392
     379
     399
     424
     364
     371
     378
     404
     405
     391
     390
     422
     407
     400
     417
     391
     443
     450
     457
     371
     463
     454
     430
     481
     455
     427
     447
     442
     498
     534
     608
     698
     835
    1021
    1225
    1573
    1962
    2396
    2781
    3290
    3741
    4298
    5114
    6552
    7864
    9118
   10037
   10316
    9485
    8116
    6126
    4313
    2980
    2031
    1467
    1121
     980
    1003
    1132
    1292
    1426
    1535
    1535
    1531
    1392
    1136
     922
     790
     681
     584
     498
     493
     448
     414
     436
     411
     436
     390
     378
     386
     391
     363
     396
     449
     395
     372
     357
     373
     409
     382
     387
     356
     399
     370
     380
     401
     394
     405
     370
     391
     402
     428
     388
     430
     414
     438
     392
     447
     399
     425
     391
     336
     330
     371
     391
     345
     354
     362
     359
     366
     357
     381
     362
     368
     348
     362
     327
     360
     402
     370
     328
     359
     399
     377
     300
     350
     373
     373
     354
     397
     375
     369
     354
     362
     383
     369
     384
     387
     348
     441
     392
     416
     405
     399
     448
     439
     425
     449
     405
     425
     414
     389
     378
     381
     366
     381
     324
     343
     344
     307
     334
     333
     354
     341
     362
     306
     361
     339
     374
     357
     340
     330
     331
     314
     330
     377
     317
     367
     358
     355
     354
     369
     413
     394
     412
     408
     427
     461
     454
     497
     413
     441
     463
     445
     456
     430
     431
     429
     422
     390
     401
     387
     358
     402
     386
     350
     374
     357
     355
     329
     370
     330
     349
     303
     330
     340
     353
     315
     325
     359
     347
     358
     344
     339
     365
     393
     386
     392
     421
     471
     527
     553
     567
     604
     665
     728
     782
     858
    1041
    1216
    1404
    1523
    1656
    1689
    1581
    1374
    1131
     869
     724
     607
     428
     408
     360
     347
     371
     337
     389
     424
     381
     417
     406
     430
     431
     374
     358
     361
     344
     358
     348
     358
     361
     324
     382
     387
     380
     401
     417
     392
     346
     367
     341
     335
     303
     324
     326
     346
     313
     310
     317
     315
     323
     357
     374
     386
     458
     523
     597
     666
     747
     755
     849
     926
     852
     841
     734
     706
     664
     633
     627
     613
     611
     616
     675
     862
     908
     934
    1028
    1096
     993
     893
     794
     656
     524
     463
     442
     398
     386
     348
     334
     366
     404
     335
     358
     364
     348
     342
     321
     321
     327
     345
     321
     364
     327
     383
     344
     372
     376
     364
     364
     397
     373
     395
     404
     349
     351
     343
     298
     296
     296
     289
     297
     293
     264
     298
     336
     314
     285
     284
     269
     305
     302
     301
     305
     311
     327
     277
     276
     296
     284
     293
     278
     260
     291
     252
     279
     260
     289
     272
     248
     262
     302
     248
     303
     287
     303
     311
     310
     327
     318
     311
     341
     341
     325
     341
     292
     282
     295
     301
     296
     286
     274
     309
     296
     326
     310
     319
     297
     308
     301
     350
     341
     335
     348
     309
     346
     363
     328
     351
     282
     261
     272
     294
     318
     289
     289
     281
     299
     255
     290
     268
     263
     290
     285
     272
     257
     268
     276
     259
     246
     279
     272
     266
     242
     277
     271
     293
     293
     368
     330
     384
     420
     442
     491
     599
     586
     605
     626
     632
     569
     490
     440
     359
     330
     352
     317
     289
     259
     264
     270
     249
     265
     299
     250
     305
     299
     276
     257
     269
     284
     267
     248
     237
     242
     228
     241
     257
     274
     246
     279
     277
     275
     257
     258
     233
     245
     238
     256
     230
     275
     244
     265
     273
     257
     282
     276
     298
     256
     280
     277
     270
     302
     248
     256
     273
     266
     279
     226
     244
     264
     261
     252
     252
     250
     245
     209
     223
     251
     234
     227
     246
     256
     232
     235
     243
     232
     245
     235
     241
     269
     265
     235
     244
     210
     238
     235
     258
     262
     247
     241
     216
     224
     217
     241
     225
     229
     235
     252
     217
     259
     230
     250
     283
     294
     275
     254
     302
     299
     314
     291
     286
     272
     233
     256
     263
     264
     249
     272
     222
     261
     254
     261
     253
     244
     240
     255
     231
     270
     214
     257
     239
     227
     243
     216
     233
     224
     226
     226
     203
     228
     212
     203
     217
     215
     181
     233
     241
     195
     223
     212
     210
     189
     207
     202
     205
     259
     239
     251
     217
     240
     230
     237
     251
     229
     234
     268
     242
     210
     215
     234
     210
     205
     232
     222
     208
     207
     208
     198
     238
     224
     237
     200
     198
     220
     218
     252
     224
     226
     213
     238
     189
     235
     232
     210
     208
     243
     227
     188
     253
     217
     194
     209
     221
     183
     193
     190
     201
     190
     190
     206
     216
     184
     192
     202
     204
     210
     191
     207
     211
     202
     198
     214
     241
     226
     229
     213
     224
     223
     224
     216
     235
     257
     257
     241
     222
     221
     258
     234
     225
     192
     207
     222
     217
     220
     202
     208
     227
     256
     196
     274
     255
     247
     278
     255
     305
     281
     240
     257
     259
     227
     223
     210
     204
     200
     176
     191
     203
     213
     204
     183
     198
     201
     188
     195
     198
     197
     214
     199
     225
     186
     168
     203
     229
     207
     225
     212
     236
     197
     209
     206
     222
     202
     191
     186
     207
     204
     196
     207
     212
     244
     205
     268
     245
     276
     291
     281
     272
     304
     280
     282
     244
     237
     250
     204
     215
     217
     201
     186
     189
     192
     216
     206
     172
     189
     191
     182
     202
     203
     186
     204
     181
     199
     195
     209
     181
     165
     180
     163
     186
     186
     175
     180
     164
     172
     174
     153
     179
     195
     171
     159
     185
     165
     184
     158
     153
     151
     163
     190
     162
     183
     175
     196
     177
     185
     186
     161
     145
     166
     166
     174
     159
     181
     187
     164
     189
     177
     161
     146
     177
     173
     175
     182
     184
     173
     150
     157
     175
     173
     183
     160
     164
     180
     179
     166
     148
     165
     200
     181
     164
     164
     181
     171
     158
     184
     187
     166
     215
     194
     169
     231
     192
     240
     267
     281
     322
     341
     386
     498
     567
     641
     774
     797
     809
     910
     883
     791
     786
     613
     479
     385
     333
     313
     253
     215
     215
     170
     167
     148
     192
     166
     182
     173
     171
     137
     140
     144
     145
     169
     148
     169
     174
     176
     158
     176
     159
     163
     178
     162
     170
     145
     171
     160
     163
     139
     170
     133
     166
     146
     164
     167
     167
     170
     183
     166
     196
     228
     176
     223
     239
     232
     249
     270
     238
     237
     252
     224
     214
     182
     201
     184
     163
     169
     178
     134
     143
     157
     155
     179
     160
     141
     161
     149
     158
     159
     146
     138
     165
     144
     139
     151
     152
     162
     148
     162
     170
     147
     158
     122
     160
     139
     157
     163
     138
     149
     147
     147
     134
     160
     161
     159
     136
     130
     139
     134
     161
     132
     164
     151
     171
     140
     145
     163
     154
     151
     147
     146
     148
     113
     130
     154
     142
     149
     165
     142
     163
     145
     182
     143
     167
     161
     146
     131
     142
     130
     152
     167
     142
     140
     145
     140
     133
     153
     130
     125
     163
     148
     153
     124
     154
     142
     153
     140
     130
     126
     144
     116
     137
     127
     125
     135
     131
     141
     122
     120
     127
     173
     135
     128
     118
     148
     134
     145
     152
     125
     125
     143
     143
     117
     111
     120
     120
     141
     128
     151
     142
     141
     127
     128
     145
     135
     141
     150
     129
     120
     117
     151
     128
     142
     129
     125
     126
     118
     130
     122
     126
     135
     126
     140
     135
     126
     124
     124
     151
     122
     103
     146
     134
     130
     116
     134
     123
     146
     125
     137
     116
     116
     109
     131
     120
     125
     143
     150
     124
     140
     118
     118
     126
     125
     129
     129
     116
     119
     134
     132
     114
     134
     139
     129
     134
     130
     125
     134
     133
     132
     144
     135
     123
     118
     127
     132
     132
     130
     113
     145
     153
     137
     138
     120
     122
     145
     125
     140
     128
     103
     137
     121
     126
     131
     140
     151
     131
     166
     172
     204
     199
     220
     230
     253
     319
     326
     345
     408
     409
     451
     443
     426
     410
     371
     318
     271
     253
     192
     203
     187
     167
     140
     165
     152
     122
     123
     143
     144
     108
     147
     138
     113
     117
     141
     130
     129
     145
     121
     124
     134
     117
     134
     147
     128
     117
     147
     117
     139
     129
     139
     133
     109
     145
     115
     115
     102
     130
     109
     123
     123
     104
     124
     126
     134
     121
     125
     133
     112
     109
     135
     138
     142
     118
     133
     106
     116
     100
     130
     135
     134
     133
     142
     115
     127
      97
     114
     122
     127
     126
     146
     118
     135
     130
     134
     116
     144
     124
     129
     161
     147
     137
     135
     115
     125
     111
     115
     141
     123
     112
      94
     118
     131
      86
      96
     113
      90
      91
      99
     121
     101
     114
     102
      96
      80
      96
      98
     106
     107
     112
     107
     123
      98
      96
     110
     120
     108
      93
     103
     123
     115
     109
      97
     101
     105
     111
     117
     126
     100
      89
      97
     103
     112
      96
     121
     107
      77
     103
     116
      77
      90
     107
      95
     100
     101
     106
     105
     109
     106
     100
     106
     114
     110
     111
     100
      89
      88
      88
     109
      90
     103
     116
     110
     106
      92
     107
     105
      93
      92
     101
      85
     104
      98
     107
     100
      91
      86
      96
     109
     107
     115
     103
      98
     115
     108
      94
     101
      90
     109
      78
      96
      83
      83
      87
      89
      91
      74
      89
      93
     103
     101
      93
      99
      92
      85
     117
     126
      96
     106
     103
      94
     107
      89
      97
      99
     115
     107
     126
      85
      87
      92
      85
      77
      89
      89
      89
      97
     104
      94
      80
      92
      94
      85
      80
      79
      62
     107
      89
      95
      82
      90
     105
      92
      99
      98
      98
      80
      97
      79
      89
      74
      87
      91
      78
      86
      87
      85
      97
      79
     104
      83
      79
      76
      75
      97
     116
      81
      93
      93
      89
      95
      94
      92
      89
     110
     108
     116
     110
     115
     147
     140
     154
     183
     164
     185
     163
     184
     205
     190
     202
     182
     194
     161
     144
     119
     124
      99
      82
     113
      79
      74
      85
     104
      91
      72
      74
      76
      68
     103
      79
      84
      88
      93
      70
      80
      77
      90
      78
     100
      72
      98
      96
      83
      84
      82
      75
      98
      85
      79
      92
      88
      86
      75
      75
      72
      81
      83
      80
      75
      83
      88
      81
      84
      92
      71
      94
     102
      86
      78
     100
      98
      68
      80
      89
      78
      72
      88
      57
      84
      74
      83
      80
      83
      71
      60
      74
      88
      75
      74
      69
      56
      67
      86
      75
      71
      75
      85
      71
      80
      78
      69
      76
      89
      97
      83
      87
      80
      82
      84
      91
     103
      94
      83
      99
      78
     111
      93
      90
     121
     107
      87
      75
      77
      70
      77
      79
      56
      86
      76
      75
      77
      58
      73
      74
      81
      79
      73
      85
      75
      66
      73
      80
      85
      84
      82
      68
      81
      77
      80
      84
      94
      77
      98
     103
      93
     105
      99
     100
      87
      91
      94
      86
      83
      84
      84
      76
      72
      84
      79
      64
      87
      65
      70
      62
      67
      78
      59
      80
      49
      74
      59
      83
      64
      69
      70
      73
      58
      66
      73
      79
      58
      66
      83
      85
      61
      73
      70
      70
      62
      71
      66
      73
      51
      64
      58
      84
      71
      67
      76
      64
      69
      53
      48
      69
      77
      56
      59
      58
      57
      61
      61
      56
      66
      67
      58
      75
      61
      65
      68
      54
      66
      71
      64
      51
      57
      57
      56
      52
      79
      46
      57
      67
      54
      61
      55
      53
      65
      51
      57
      55
      65
      69
      57
      54
      69
      69
      67
      67
      69
      49
      55
      60
      55
      61
      64
      58
      58
      48
      60
      45
      67
      59
      63
      56
      50
      56
      49
      64
      68
      76
      61
      61
      58
      52
      45
      77
      62
      60
      46
      54
      48
      53
      74
      72
      60
      54
      60
      67
      68
      53
      64
      45
      61
      50
      63
      55
      53
      55
      57
      61
      59
      43
      62
      46
      56
      57
      68
      59
      68
      65
      71
      58
      61
      83
      70
      68
      78
      72
      76
      82
      73
      98
      80
      88
      90
     118
     102
     106
     107
      99
     112
      90
      95
      92
      74
      93
      75
      80
      78
      87
      84
      98
      91
     106
     104
     103
     115
     123
     123
     101
     134
     137
     130
     105
     116
      98
      91
      82
      76
      59
      56
      72
      63
      50
      60
      60
      82
      66
      61
      78
      57
      57
      68
      67
      61
      45
      54
      44
      53
      51
      68
      44
      46
      55
      58
      64
      52
      53
      44
      62
      63
      73
      62
      57
      58
      62
      70
      84
      76
      84
      92
      73
      80
      77
      74
      93
      84
      81
     100
      81
      71
      90
      70
      81
      86
      93
      71
      75
      67
      74
      76
      77
      88
      87
      80
      67
      69
      75
      94
      64
      60
      68
      58
      57
      55
      59
      61
      63
      63
      45
      37
      52
      63
      42
      59
      52
      45
      62
      51
      53
      52
      57
      44
      41
      58
      47
      50
      46
      47
      49
      48
      56
      50
      57
      61
      48
      45
      49
      53
      46
      46
      48
      44
      50
      36
      38
      41
      35
      46
      55
      40
      52
      45
      41
      47
      51
      40
      40
      63
      42
      55
      40
      41
      51
      64
      55
      45
      56
      50
      64
      58
      54
      55
      63
      73
      77
      88
      66
     101
      71
      70
      64
      65
      67
      78
      61
      46
      49
      39
      43
      46
      41
      49
      60
      58
      38
      49
      50
      38
      38
      43
      46
      53
      43
      47
      42
      44
      43
      54
      41
      41
      41
      50
      37
      50
      47
      46
      47
      43
      35
      50
      40
      49
      44
      59
      43
      43
      48
      50
      36
      57
      33
      54
      34
      53
      50
      45
      36
      53
      50
      37
      45
      35
      37
      44
      42
      47
      29
      49
      46
      48
      33
      29
      40
      50
      38
      39
      47
      41
      40
      36
      40
      33
      41
      46
      39
      41
      40
      24
      37
      41
      50
      50
      44
      39
      35
      55
      39
      42
      33
      36
      34
      43
      34
      39
      46
      41
      51
      37
      47
      38
      37
      35
      32
      34
      39
      35
      36
      40
      46
      31
      31
      33
      39
      40
      33
      48
      47
      34
      48
      36
      37
      46
      43
      38
      49
      33
      49
      53
      38
      39
      41
      53
      41
      45
      34
      37
      37
      31
      34
      39
      54
      34
      48
      39
      39
      42
      55
      49
      44
      49
      42
      56
      38
      51
      67
      44
      66
      58
      57
      79
      77
      72
      69
      77
      50
      70
      56
      62
      50
      45
      41
      49
      46
      45
      29
      38
      37
      47
      39
      33
      44
      29
      36
      30
      40
      38
      34
      34
      33
      29
      36
      27
      44
      41
      42
      25
      42
      31
      40
      43
      38
      24
      26
      39
      35
      31
      36
      47
      46
      40
      34
      33
      42
      37
      43
      41
      31
      43
      33
      33
      46
      40
      33
      40
      35
      40
      36
      39
      45
      34
      43
      48
      47
      33
      37
      30
      41
      40
      52
      31
      47
      41
      44
      44
      53
      37
      49
      41
      43
      38
      37
      27
      26
      33
      37
      27
      35
      34
      30
      32
      31
      21
      46
      25
      36
      37
      38
      32
      40
      18
      29
      31
      33
      30
      28
      31
      24
      31
      38
      26
      29
      32
      29
      34
      31
      23
      28
      23
      25
      30
      21
      25
      36
      46
      29
      29
      27
      21
      26
      32
      24
      28
      27
      32
      23
      24
      26
      32
      24
      27
      29
      32
      24
      33
      28
      25
      28
      17
      27
      21
      24
      35
      30
      23
      33
      23
      42
      25
      21
      35
      26
      25
      33
      32
      27
      23
      27
      37
      29
      25
      37
      33
      30
      32
      29
      36
      26
      29
      36
      30
      33
      26
      32
      29
      24
      29
      27
      26
      32
      35
      37
      33
      33
      34
      36
      54
      42
      56
      61
      55
      73
      71
      84
      93
     102
     102
     119
      86
     122
     117
     109
     119
     117
      96
     104
      82
      65
      64
      44
      55
      39
      43
      43
      34
      31
      33
      21
      24
      30
      31
      25
      26
      22
      26
      17
      17
      23
      26
      21
      24
      25
      18
      23
      23
      26
      36
      32
      27
      23
      24
      20
      21
      27
      27
      25
      19
      19
      20
      20
      27
      24
      18
      24
      19
      31
      16
      28
      31
      14
      27
      30
      27
      24
      17
      30
      28
      23
      21
      31
      26
      18
      21
      30
      22
      24
      21
      18
      14
      22
      22
      27
      16
      23
      20
      26
      24
      20
      17
      16
      23
      23
      21
      17
      19
      17
      20
      13
      18
      18
      17
      23
      20
      21
      18
      12
      26
      18
      18
      19
      20
      16
      28
      28
      21
      17
      23
      23
      20
      19
      17
      15
      21
      21
      27
      19
      20
      20
      13
      19
      26
      22
      27
      18
      19
      17
      20
      17
      16
      14
      15
      18
      10
      15
      20
      14
      22
      23
      17
      11
      22
      19
      24
      19
      26
      25
      26
      21
      36
      17
      25
      34
      37
      27
      29
      30
      29
      34
      28
      24
      24
      20
      27
      19
      18
      20
      17
      19
      21
      28
      19
      18
      16
      21
      15
      11
      15
      14
      13
      22
      20
      12
      15
      18
      11
      17
      18
      12
      19
      16
      22
      15
      19
      14
      13
      16
      18
      16
      21
      14
      22
      11
      16
      17
      25
      19
      25
      22
      16
      14
      16
      13
      11
      19
      17
      21
      15
      14
      13
      20
      18
      12
      16
      21
      18
      20
      19
      21
      10
      21
      18
      28
      11
      26
      19
      21
      26
      17
      13
      21
      25
      13
      16
      18
      13
      18
      18
      12
      15
      14
      23
      12
      12
      10
      10
      10
      11
      11
      14
      10
       8
      17
      18
      14
      22
      13
      17
      17
      16
      17
       8
      24
      15
      24
      11
      18
      12
      10
      12
      10
      11
       9
      21
      11
      11
       8
      14
      13
       8
      11
      19
      13
      11
      10
      13
      16
      15
      15
       9
      11
      17
       9
       8
      17
      12
      18
      16
      17
      16
      27
      28
      23
      29
      22
      44
      40
      37
      35
      44
      50
      45
      45
      53
      62
      50
      60
      57
      61
      56
      61
      49
      67
      53
      23
      39
      29
      31
      25
      20
      25
      21
      19
      26
      20
      22
      21
      16
      18
      26
      27
      19
      27
      19
      24
      17
      18
      13
      17
      17
      23
      22
      12
      14
      13
      11
       7
      13
      13
      13
      12
      12
      16
      18
      13
      13
       9
      18
       8
      13
      24
      13
      13
      15
      18
       9
      13
      16
      15
      19
      18
      26
      25
      34
      30
      33
      34
      41
      47
      44
      56
      62
      61
      67
      87
      90
     104
     124
     124
     134
     165
     149
     171
     178
     205
     208
     195
     199
     181
     198
     191
     160
     120
     105
      68
      69
      51
      46
      53
      60
      34
      28
      32
      18
      14
      15
      22
      11
      14
      15
       7
      14
      14
      11
      16
      15
       7
      14
      13
      15
      12
      14
      13
       7
      10
      15
      14
       4
      18
      13
       7
      14
      12
      16
      11
       8
      11
      16
      18
      19
      17
      12
      14
      10
       8
      17
       8
      11
       6
      11
      13
      13
      16
      13
       6
      12
       8
      10
       9
       6
      13
      10
       9
      15
      15
       9
      14
      12
      17
       6
       9
       9
       7
      15
      12
      15
      14
       8
      10
       6
      10
      11
      12
      12
       8
       6
      11
      10
      15
      13
      11
      12
      18
      15
       9
      10
      12
       9
      12
      17
      11
      14
      11
      17
      10
      17
      15
      11
      17
      14
      16
       9
       8
       9
       6
      13
      10
       8
      12
      13
       6
       8
      10
       8
       7
      16
       8
      10
      11
       8
       7
       7
       8
      11
      13
      18
      14
       7
       8
      16
      11
      13
      10
      16
      11
       8
       8
       8
      14
      18
      16
      21
       9
      17
      12
      12
      18
      13
      14
      14
      11
      19
       9
      11
      12
      15
      11
      14
      15
      12
      18
      11
      14
      17
      21
      13
      19
      22
      12
      15
      18
      14
      13
      31
      23
      28
      26
      27
      27
      32
      30
      25
      32
      45
      39
      48
      31
      33
      28
      31
      27
      17
      30
      21
      16
      19
      15
      17
      13
      16
      14
      11
      13
       9
      14
      13
      13
      11
      10
      14
      11
       9
       7
      12
      11
       7
       8
      11
      15
      20
      10
       5
      13
      11
      14
      15
      17
      11
      18
      14
      16
      16
      14
      11
       9
      23
      11
      11
       9
      14
      15
       9
      11
      17
      20
      11
      13
      13
      14
      16
      11
      20
      12
      16
      16
      15
       7
      14
       8
      19
       8
      10
      13
       7
      13
       9
      14
      12
       7
      13
       6
       8
       5
       5
       8
      10
       7
       8
      13
      10
      11
       9
      16
       8
       9
      12
      15
      17
      14
      12
      10
      15
      15
      11
       6
      14
      11
      14
       6
      13
      10
       8
      14
      12
      10
      10
      16
      16
       8
      12
      12
      10
       7
      11
      13
      12
      14
      12
      19
      11
      10
       9
       7
       7
       7
       6
      13
      13
      14
       8
       8
       5
      10
      13
      12
      10
      10
      19
       8
      17
       9
      16
       9
      10
      13
       7
      14
       7
      16
      12
      12
      17
      11
      18
      10
       8
      12
      15
      15
      20
      12
      11
      14
       8
      13
      12
      18
      12
      10
      22
      13
       7
      13
      14
      16
      11
      10
      14
      13
       9
      13
       9
      12
      16
       8
       7
      11
       6
      10
       4
       7
      10
      10
       6
      12
      11
       6
       8
      11
       4
       8
       9
      10
       8
      12
      16
      12
      13
      14
      11
       9
       8
       9
       9
       6
      12
      13
      13
      14
      12
       9
       7
      10
      10
       7
      10
       6
       8
       2
       8
       4
       8
       6
       7
       7
       5
       7
      11
       3
       5
       7
       3
       9
       7
      10
      12
       5
       9
      10
      10
      14
      15
      13
      11
       6
       8
       7
       5
       8
      13
      12
      11
      13
       7
       5
       6
      12
       6
       9
       6
       8
      16
       9
      10
       9
      11
      12
      12
       8
       4
       6
      13
      15
       7
      11
      12
       7
      11
       7
      10
       8
       4
       7
      11
       7
       4
      11
       3
      13
      11
      16
       6
       9
      14
      12
       5
       5
       8
       8
       6
      13
       6
       7
       8
       7
       7
       8
       9
       5
       6
       9
       8
      10
      12
       9
      13
      10
       7
       8
       8
       5
       4
       5
      11
      12
       8
       9
       7
       6
       9
       3
       7
       5
       4
       6
      12
       8
       5
       9
       7
       9
       5
       6
       9
       6
       4
       2
      14
       7
       4
       9
       7
       8
       3
       3
      10
       7
      12
      10
      12
       8
      11
      10
      11
      14
      12
      14
       9
      13
       9
      13
       9
      12
      10
      13
      10
      11
       8
       5
      10
      10
      10
       5
      11
      12
       7
      10
      11
      10
       7
       7
      11
       7
       8
       9
      13
       5
       6
       5
      11
      10
      10
       4
       7
       7
       9
       9
       9
       9
       4
       6
       6
       5
       7
       1
       6
       9
       9
       7
       6
       7
      10
       7
      10
      14
       9
       5
       9
       4
       7
      11
       6
       5
       3
       6
       8
       5
       8
       5
       5
       7
      12
       7
       5
       3
       4
       4
       5
       3
       6
       5
       6
       8
       5
      14
       2
       6
       8
       9
       8
      10
       6
       7
       9
       7
       4
       5
       4
       5
       8
       4
       5
       6
       4
       3
       6
       7
       8
       8
       4
       7
       8
       3
       6
       8
       9
       5
       7
       5
       4
       6
      12
       9
       9
       5
       6
      10
       6
       8
       5
       9
       1
       9
       5
       8
       2
       4
       6
       4
       7
       8
       4
       6
       9
       1
       4
       7
      12
       3
       4
      10
       7
       7
       6
       5
       5
       6
       9
       8
       8
      10
       6
       9
       4
       8
       4
       5
       1
      12
       7
       6
       5
       6
       3
       9
       8
       6
       8
       3
       6
       8
       5
       7
       7
       4
       6
      10
       6
       4
       5
       8
       7
       8
       6
       7
      10
       9
       9
       8
       8
       4
       7
       6
       6
      14
       7
       8
       5
      10
       9
       2
       7
      10
       3
       7
       7
       3
       4
       7
       5
       5
       6
       2
       5
       8
       1
       5
       7
       2
       3
       6
       3
       6
       5
       4
       8
       6
       3
       5
       5
       5
       8
       8
       8
       3
       4
       9
       9
       5
       4
       2
       4
       8
       3
       7
       4
       4
       4
       6
       4
       1
       7
       3
       9
       4
       9
       5
      16
       9
       9
       7
       7
      13
       6
      12
       6
       7
       7
       9
      13
      18
      14
      13
      13
      12
      25
      16
      20
      20
      20
      20
       9
      19
      19
      11
       7
       7
       8
       8
       9
       2
       8
       3
       5
       4
       8
       4
       3
       6
       1
       4
       4
       1
       4
       3
       3
       6
       3
       7
       3
       6
       7
       5
       2
       7
       5
       6
       3
       7
       5
       6
       5
       3
       4
       3
       4
       6
       2
       2
       7
       6
       5
       3
       8
       3
       2
       4
       5
       9
       5
       3
       5
       6
       8
       3
       7
       4
       3
       7
       3
       5
       2
       9
       5
       2
       6
       6
       5
       3
       7
       5
       1
       4
       4
       8
       3
       4
       4
       3
       2
       2
       5
       2
       3
       6
       4
       8
       2
       2
       1
       9
       1
       6
       6
       4
       1
       7
       4
       7
       6
       5
       6
       4
       4
       4
       6
       4
       4
       7
       5
       4
       6
      11
       9
       4
       5
       9
       6
       7
       4
       5
      10
       5
       4
      10
       4
       6
       8
       6
       4
       4
       2
      10
       7
       5
       3
       5
       6
       6
       3
       1
       3
       7
       2
       3
       5
       6
       3
       4
       3
       6
       2
       5
       5
       6
       4
       4
       2
       7
       9
       5
       4
       7
       9
       3
       5
       4
       5
       2
       7
       4
       3
       3
       7
       7
       7
       8
       5
       9
      17
       9
      10
       9
      15
       8
       8
      16
      16
      13
      18
      18
      23
      25
      27
      28
      31
      37
      42
      37
      23
      47
      42
      54
      36
      37
      54
      42
      35
      47
      24
      46
      22
      28
      23
      18
      16
      22
      11
      12
      12
      11
      13
       8
       5
       7
       6
       3
      10
       5
       8
       5
       5
       1
       5
       5
       0
       4
       3
       3
       4
       7
       4
       9
       2
       5
       5
       3
       5
       3
       4
       2
       7
       5
       7
       7
       8
       3
       4
       3
       4
       2
       4
       3
       3
       4
       6
       4
       3
       4
       2
       8
       6
       3
       4
       4
       4
       4
       7
       3
       6
       4
       8
       5
       4
       4
       4
      11
       4
       8
       4
       6
       5
       8
       5
       6
      11
       1
       4
       1
       6
       5
      10
       7
       7
       7
       5
       3
       6
      10
       5
       4
       8
       2
       3
       4
       4
       3
       3
       8
      11
       7
       8
       1
       5
       4
       6
       3
       2
       3
       3
       7
       5
       5
       7
       9
       4
       1
       2
       3
       8
       4
       2
       5
       2
       5
       3
       2
       3
       4
       2
       3
       4
       7
       4
       7
       4
       3
       3
       2
       4
       4
       4
       6
       5
       5
       1
       2
       3
       4
       3
       3
       3
       5
       5
       4
       6
       5
       1
       1
       3
       4
       4
       5
       3
       4
       2
       5
       5
       2
       6
       5
       4
       2
       3
       3
       7
       3
       3
       7
       2
       4
       2
       1
       3
       1
       1
       5
       6
       3
       4
       5
       5
       1
       4
       8
       6
       6
       3
      10
       4
       3
       5
       6
       3
       8
       5
       1
       7
       4
       3
       6
       2
       9
       1
       9
       6
       7
       3
       4
       4
       5
       3
       5
       5
       1
       2
       4
       2
       4
       3
       3
       5
       5
       2
       1
       6
       5
       5
       2
       3
       6
       4
       6
       4
       5
       2
       1
       2
       1
       1
       2
       3
       4
       2
       6
       2
       4
       2
       3
       8
       5
       3
       9
       2
       1
       3
       1
       5
       3
       3
       2
       3
       1
       6
       4
       4
       2
       6
       9
       1
       2
       0
       3
       3
       5
       1
       1
       4
       1
       0
       3
       8
       5
       3
       4
       1
       4
       2
       1
       5
       3
       9
       1
       4
       3
       4
       3
       7
       4
       1
       2
       5
       3
       7
       5
       3
       8
       4
       1
       1
       1
       3
       4
       8
       3
       2
       4
       4
       6
       4
       5
       4
       9
       3
       2
       3
       4
       2
       2
       2
       1
       3
       4
       3
       3
       2
       1
       4
       2
       2
       2
       3
       2
       4
       4
       1
       4
       2
       2
       3
       5
       3
       2
       4
       2
       3
       3
       4
       4
       2
       3
       5
       4
       4
       3
       1
       0
       1
       4
       6
       3
       2
       2
       3
       3
       3
       4
       2
       1
       3
       3
       2
       5
       6
       2
       3
       1
       1
       1
       2
       3
       1
       3
       3
       3
       4
       2
       2
       2
       1
       3
       1
       6
       2
       2
       2
       1
       5
       2
       2
       2
       5
       2
       1
       1
       7
       2
       3
       5
       4
       3
       5
       4
       8
       1
       3
       3
       4
       3
       4
       8
       4
       1
       2
       2
       4
       4
       5
       4
       2
       3
       1
       3
       5
       3
       2
       3
       1
       5
       4
       5
       0
       3
       6
       2
       3
       1
       3
       4
       1
       2
       3
       3
       2
       1
       3
       3
       3
       2
       0
       2
       5
       1
       4
       2
       4
       3
       4
       1
       4
       0
       5
       3
       1
       3
       3
       7
       1
       1
       2
       3
       1
       4
       4
       4
       2
       3
       1
       2
       1
       4
       5
       3
       5
       0
       2
       0
       2
       3
       2
       3
       3
       4
       2
       1
       6
       3
       2
       0
       3
       2
       4
       3
       1
       5
       6
       6
       4
       3
       1
       2
       3
       1
       0
       2
       2
       3
       6
       2
       5
       2
       2
       3
       2
       3
       3
       2
       2
       0
       0
       3
       1
       3
       3
       1
       1
       4
       5
       3
       4
       3
       1
       2
       5
       4
       8
       3
       8
       3
       3
       8
       6
       7
       5
       6
       4
      10
       6
       8
       8
       7
      14
       9
      13
      12
      14
      12
      14
      15
      21
      13
      12
      17
      13
      14
      10
       7
      11
       7
       4
       3
       7
       8
       6
       4
       2
       5
       5
       5
       6
       1
       3
       3
       3
       2
       5
       3
       3
       4
       5
       3
       0
       7
       0
       4
       3
       2
       0
       0
       1
       4
       1
       2
       3
       4
       2
       1
       5
       2
       1
       4
       1
       5
       4
       2
       3
       3
       2
       1
       5
       1
       3
       1
       0
       2
       4
       0
       2
       2
       1
       5
       4
       6
       2
       0
       2
       3
       0
       2
       4
       7
       3
       3
       7
       7
       3
       4
       2
       1
       2
       1
       3
       5
       9
       0
       3
       4
       1
       2
       3
       1
       2
       5
       2
       3
       3
       1
       3
       2
       4
       4
       2
       4
       2
       0
       4
       5
       1
       1
       1
       4
       3
       4
       2
       4
       0
       3
       1
       7
       3
       5
       4
       3
       1
       3
       3
       4
       0
       2
       4
       3
       2
       6
       6
       2
       3
       3
       1
       4
       2
       3
       1
       1
       1
       1
       3
       3
       2
       3
       3
       3
       6
       1
       4
       1
       2
       4
       5
       5
       4
       3
       4
       5
       3
       0
       2
       4
       2
       4
       2
       5
       1
       2
       1
       6
       3
       9
       3
       4
       3
       3
       5
       4
       4
       3
       2
       9
       5
       0
       3
       2
       1
       4
       3
       3
       3
       1
       1
       5
       0
       2
       2
       2
       3
       5
       3
       4
       2
       2
       4
       1
       4
       1
       3
       4
       5
       3
       5
       4
       2
       2
       4
       5
       2
       0
       2
       1
       3
       2
       2
       3
       2
       2
       1
       2
       2
       2
       3
       2
       1
       2
       0
       0
       2
       3
       3
       2
       3
       0
       2
       3
       3
       3
       2
       4
       4
       4
       0
       1
       1
       4
       2
       2
       1
       2
       0
       4
       2
       0
       2
       1
       2
       3
       5
       1
       0
       5
       3
       2
       0
       3
       1
       4
       3
       3
       2
       1
       1
       1
       1
       1
       1
       0
       1
       3
       2
       1
       1
       3
       4
       2
       2
       4
       0
       3
       0
       3
       3
       1
       0
       1
       0
       2
       2
       2
       2
       1
       3
       3
       2
       5
       1
       2
       1
       3
       3
       0
       3
       2
       0
       2
       4
       2
       0
       3
       2
       3
       2
       3
       0
       0
       7
       1
       1
       0
       1
       1
       4
       1
       0
       4
       1
       3
       4
       0
       1
       0
       0
       2
       1
       3
       3
       3
       4
       3
       4
       4
       4
       3
       2
       2
       2
       4
       1
       3
       0
       3
       4
       2
       4
       0
       1
       1
       1
       4
       1
       1
       1
       1
       4
       1
       1
       3
       5
       5
       4
       5
       6
       5
       5
       1
       4
       5
       5
       6
       5
       3
       7
       2
       3
       2
       1
       7
       2
       2
       3
       2
       6
       2
       1
       1
       0
       0
       1
       1
       2
       3
       1
       1
       3
       2
       4
       0
       3
       1
       3
       0
       1
       1
       2
       3
       4
       2
       2
       1
       2
       1
       1
       5
       3
       1
       2
       2
       3
       2
       2
       1
       0
       3
       0
       2
       1
       1
       2
       2
       1
       0
       2
       1
       4
       1
       1
       1
       1
       1
       3
       0
       3
       5
       1
       3
       1
       2
       0
       0
       2
       1
       1
       3
       2
       1
       2
       1
       4
       4
       2
       2
       0
       0
       2
       1
       7
       2
       2
       1
       1
       0
       1
       0
       1
       2
       0
       0
       2
       0
       1
       1
       0
       1
       1
       1
       1
       1
       1
       2
       1
       1
       1
       2
       1
       0
       0
       3
       3
       1
       0
       3
       1
       1
       1
       4
       6
       1
       1
       0
       0
       5
       0
       2
       1
       2
       1
       3
       0
       2
       2
       1
       1
       2
       1
       4
       1
       2
       2
       1
       0
       2
       1
       3
       2
       4
       1
       0
       3
       2
       0
       0
       1
       0
       1
       1
       1
       0
       2
       0
       1
       2
       2
       2
       2
       1
       1
       2
       1
       1
       0
       1
       2
       2
       2
       1
       5
       1
       2
       2
       2
       0
       0
       0
       1
       0
       1
       1
       0
       1
       0
       1
       5
       1
       2
       2
       3
       1
       2
       1
       2
       2
       0
       1
       2
       2
       2
       0
       1
       2
       2
       1
       3
       1
       1
       1
       0
       1
       1
       1
       1
       3
       1
       3
       1
       1
       1
       2
       1
       1
       5
       0
       0
       0
       2
       2
       2
       0
       2
       1
       1
       2
       0
       2
       3
       4
       1
       0
       0
       2
       2
       2
       1
       0
       4
       2
       1
       2
       0
       0
       2
       1
       0
       3
       1
       1
       2
       2
       2
       4
       1
       2
       0
       0
       0
       2
       0
       2
       1
       0
       1
       1
       2
       2
       0
       0
       1
       2
       0
       3
       0
       1
       0
       3
       2
       3
       2
       2
       2
       1
       2
       5
       3
       5
       2
       3
       3
       4
       4
       4
       4
       2
       2
       4
       3
       6
       8
       4
       4
       6
      13
      16
       9
       4
       9
       8
       3
       6
      11
       3
      15
      15
      11
      13
      16
      12
      16
      16
      18
      14
      20
      15
      18
       3
      10
       2
       6
       5
       6
       6
       7
       4
       3
       2
       2
       3
       4
       0
       2
       2
       6
       0
       0
       1
       2
       0
       0
       0
       1
       1
       1
       1
       5
       2
       4
       1
       2
       4
       4
       2
       1
       1
       3
       0
       2
       2
       0
       5
       2
       1
       1
       1
       0
       1
       3
       2
       2
       1
       2
       1
       3
       1
       3
       3
       1
       0
       2
       1
       1
       0
       0
       1
       1
       1
       0
       0
       0
       3
       2
       2
       2
       1
       2
       2
       2
       0
       1
       1
       0
       0
       2
       1
       3
       3
       1
       3
       2
       2
       1
       0
       1
       2
       1
       1
       1
       2
       1
       0
       2
       0
       1
       1
       1
       3
       1
       2
       0
       0
       1
       2
       1
       2
       0
       1
       1
       1
       0
       2
       3
       2
       1
       3
       2
       1
       2
       1
       0
       1
       1
       1
       3
       3
       0
       1
       0
       0
       1
       1
       0
       2
       1
       1
       0
       0
       0
       1
       1
       0
       0
       1
       0
       3
       2
       3
       1
       0
       1
       2
       1
       1
       1
       1
       1
       4
       1
       2
       1
       2
       0
       1
       2
       1
       2
       3
       1
       1
       1
       2
       2
       3
       0
       1
       3
       0
       1
       2
       4
       1
       1
       2
       2
       1
       1
       2
       1
       1
       4
       2
       2
       0
       1
       1
       1
       1
       3
       1
       1
       0
       0
       0
       2
       1
       1
       0
       0
       1
       0
       1
       1
       1
       1
       1
       1
       3
       1
       2
       1
       1
       1
       4
       3
       1
       0
       1
       2
       1
       0
       1
       0
       1
       1
       1
       0
       0
       2
       0
       0
       2
       2
       1
       0
       0
       0
       1
       0
       1
       4
       3
       1
       0
       1
       0
       1
       2
       3
       0
       0
       1
       0
       0
       3
       2
       1
       1
       2
       3
       2
       1
       0
       1
       0
       3
       1
       0
       1
       1
       2
       0
       2
       1
       0
       3
       1
       2
       1
       0
       2
       2
       2
       2
       1
       1
       1
       0
       0
       1
       0
       1
       1
       0
       2
       4
       1
       2
       0
       2
       0
       0
       0
       0
       0
       0
       0
       1
       2
       0
       3
       1
       1
       0
       3
       1
       1
       3
       0
       1
       2
       2
       1
       1
       0
       1
       0
       1
       3
       0
       1
       0
       0
       1
       2
       0
       1
       0
       1
       2
       0
       1
       2
       1
       1
       0
       0
       1
       0
       1
       3
       1
       1
       1
       2
       2
       0
       2
       0
       1
       2
       1
       4
       1
       2
       1
       0
       1
       0
       0
       1
       0
       3
       1
       1
       1
       0
       2
       0
       0
       2
       2
       3
       1
       1
       0
       2
       1
       1
       0
       0
       0
       2
       1
       3
       3
       0
       2
       2
       0
       1
       2
       1
       0
       3
       0
       3
       1
       0
       0
       0
       0
       0
       0
       3
       1
       3
       2
       0
       0
       0
       1
       1
       0
       2
       1
       2
       0
       0
       2
       2
       1
       0
       0
       2
       2
       3
       1
       1
       4
       1
       1
       2
       0
       0
       1
       0
       2
       0
       0
       0
       2
       0
       0
       1
       1
       1
       2
       3
       1
       0
       1
       0
       0
       3
       1
       0
       3
       1
       0
       0
       3
       0
       4
       1
       1
       1
       1
       2
       1
       0
       1
       1
       2
       0
       2
       2
       2
       0
       4
       1
       1
       1
       2
       1
       0
       2
       0
       3
       2
       1
       2
       1
       0
       2
       0
       0
       1
       0
       2
       3
       2
       0
       1
       0
       1
       2
       1
       2
       3
       0
       0
       3
       3
       1
       0
       1
       2
       1
       3
       4
       1
       1
       3
       0
       2
       1
       0
       1
       2
       0
       3
       2
       3
       1
       3
       1
       2
       1
       0
       3
       2
       1
       0
       1
       0
       0
       0
       0
       2
       0
       1
       1
       1
       0
       2
       3
       0
       1
       1
       2
       0
       2
       2
       1
       0
       0
       0
       1
       0
       1
       3
       1
       2
       1
       0
       0
       0
       1
       0
       0
       0
       1
       1
       0
       2
       0
       1
       1
       0
       0
       0
       2
       1
       0
       0
       0
       0
       0
       2
       2
       2
       0
       1
       0
       3
       0
       1
       0
       3
       1
       0
       0
       0
       0
       0
       0
       1
       1
       2
       0
       2
       0
       3
       2
       0
       3
       2
       1
       0
       1
       0
       0
       1
       1
       0
       1
       1
       0
       0
       0
       0
       2
       3
       1
       1
       1
       0
       1
       1
       1
       1
       0
       1
       1
       2
       0
       0
       0
       1
       2
       0
       1
       0
       2
       1
       1
       1
       0
       0
       2
       0
       1
       2
       2
       2
       0
       1
       1
       1
       0
       0
       2
       0
       2
       0
       0
       2
       1
       0
       0
       0
       1
       3
       0
       1
       1
       1
       0
       1
       2
       0
       3
       3
       1
       1
       1
       2
       0
       1
       1
       0
       3
       0
       0
       0
       1
       0
       1
       0
       0
       1
       0
       4
       1
       0
       1
       1
       0
       0
       1
       1
       1
       0
       1
       0
       3
       0
       1
       0
       2
       0
       1
       2
       2
       0
       1
       0
       1
       1
       1
       0
       1
       0
       0
       1
       1
       0
       1
       2
       0
       2
       1
       3
       1
       1
       0
       1
       2
       0
       4
       1
       0
       3
       1
       1
       2
       0
       2
       1
       0
       0
       1
       2
       2
       1
       0
       3
       3
       1
       0
       0
       2
       0
       0
       1
       3
       1
       1
       3
       1
       0
       2
       1
       0
       2
       0
       0
       1
       4
       0
       1
       1
       0
       1
       0
       0
       1
       0
       0
       0
       1
       1
       0
       1
       0
       0
       1
       0
       0
       0
       1
       1
       0
       0
       0
       2
       2
       2
       1
       0
       1
       1
       1
       1
       0
       1
       0
       3
       1
       3
       3
       2
       1
       1
       3
       2
       0
       0
       3
       1
       0
       2
       2
       2
       1
       0
       1
       1
       2
       1
       1
       2
       1
       1
       0
       1
       0
       0
       0
       2
       0
       0
       2
       2
       1
       3
       1
       0
       1
       0
       3
       2
       1
       4
       1
       3
       1
       0
       0
       2
       0
       3
       2
       2
       1
       0
       1
       0
       1
       1
       0
       0
       0
       0
       2
       2
       0
       0
       2
       3
       1
       2
       0
       3
       0
       1
       2
       2
       1
       2
       3
       1
       1
       0
       2
       1
       2
       2
       2
       0
       1
       0
       1
       2
       2
       0
       1
       1
       2
       0
       0
       2
       1
       0
       1
       4
       0
       1
       0
       0
       0
       0
       0
       1
       1
       2
       1
       0
       1
       1
       2
       1
       2
       1
       0
       0
       0
       2
       1
       0
       1
       1
       0
       0
       1
       4
       0
       2
       2
       1
       1
       2
       0
       0
       1
       2
       1
       0
       0
       2
       2
       1
       0
       2
       3
       1
       0
       0
       1
       2
       2
       1
       2
       1
       1
       0
       0
       0
       2
       2
       0
       0
       0
       0
       0
       0
       0
       0
       0
       0
       0
       0
       0
       0
       0
       0
       0
       0
       0
       0
       0
       0
       0
       0
       0
       0
       0
       0
       0
       0
       0
       0
       0
       0
       0
       0
       0
       0
       0
       0
       0
       0
       0
       0
       0
       0
       0
       0
       0
       0
       0
       0
       0
       0
       0
       0
       0
       0
       0
       0
       0
       0
       0
       0
       0
       0
       0
       0
       0
       0
       0
       0
       0
       0
       0
       0
       0
       0
       0
       0
       0
       0
       0
       0
       0
       0
       0
       0
       0
       0
       0
       0
       0
       0
       0
       0
       0
       0
       0
       0
       0
       0
       0
       0
       0
       0
       0
       0
       0
       0
       0
       0
       0
       0
       0
       0
       0
       0
       0
       0
       0
       0
       0
       0
       0
       0
       0
       0
       0
       0
       0
       0
       0
       0
       0
       0
       0
       0
       0
       0
       0
       0
       0
       0
       0
       0
       0
       0
       0
       0
       0
       0
       0
       0
       0
       0
       0
       0
       0
       0
       0
       0
       0
       0
       0
       0
       0
       0
       0
       0
       0
       0
       0
       0
       0
       0
       0
       0
       0
       0
       0
       0
       0
       0
       0
       0
       0
$ROI:
0
$PRESETS:
None
0
0
$ENER_FIT:
-0.479377 0.397317
$MCA_CAL:
3
-4.793768E-001 3.973171E-001 -2.936620E-009 keV
$SHAPE_CAL:
3
2.913355E+000 2.829383E-003 4.133060E-008
