$SPEC_ID:
Pulser
$SPEC_REM:
DET# 2
DETDESC# DETECTOR 2
AP# GammaVision Version 7.01.03
$DATE_MEA:
04/26/2017 17:10:02
$MEAS_TIM:
2787 2789
$DATA:
0 8191
       0
       0
       0
       0
       0
       0
       0
       0
       0
       0
       0
       0
       0
       0
       0
       0
       0
       0
       0
       0
       0
       0
       0
       6
     388
     672
     197
     146
     139
     120
     124
     142
     163
     215
     176
     167
     146
     128
     151
     160
     174
     202
     185
     180
     193
     153
     153
     165
     170
     165
     191
     152
     178
     156
     156
     162
     172
     160
     173
     170
     201
     222
     206
     210
     175
     179
     171
     174
     174
     185
     184
     156
     183
     147
     156
     153
     151
     176
     166
     147
     145
     166
     149
     140
     128
     161
     167
     138
     127
     132
     138
     134
     128
     119
     125
     124
     135
     126
     113
     110
     110
     120
     124
     118
     111
     124
     102
     128
     109
     130
     113
     115
     108
     116
     103
     115
     111
     115
     112
     110
     123
     105
     103
     115
     110
     108
     128
      95
     129
     100
     108
     125
     107
      97
     146
     145
     137
     119
     105
     111
      98
      99
     122
      78
     113
     102
      98
     112
     115
     117
      97
     115
     120
     108
     106
     111
     114
     114
     112
     131
     120
     123
     130
     120
      82
      96
      86
      93
      91
     100
      88
     111
      97
     110
      94
     104
     119
     116
     115
      95
     100
     111
     114
     148
     161
     156
     133
     126
     132
     197
     175
     160
     106
     105
     106
     102
     107
      90
     105
      96
      93
      96
      93
      92
      76
      96
      90
      92
      85
      97
     110
      98
     119
     124
     130
     128
      91
      96
     102
     102
     121
     110
      94
      95
      86
      85
      85
      74
      89
      68
      89
      94
      95
     124
     103
      98
      92
      94
      94
     100
      82
      99
      88
      83
      99
      83
      87
      75
      85
      88
      89
      93
      89
      82
      80
      89
      98
      85
      84
      90
      90
      81
      94
      84
      86
      83
      83
      78
      96
      67
      90
      99
      92
      81
      74
      97
      75
      97
      74
      84
      71
      66
      96
      71
      79
      91
     108
      76
      80
     111
      91
      72
      84
      81
      76
      99
      64
     102
      77
      83
      89
      83
      94
      59
      79
      87
      76
      87
      95
      73
      90
      81
      86
      83
      82
      83
      70
      94
      79
      75
      89
      99
      91
      83
      90
      75
      94
     103
      73
      90
      97
      83
      89
      89
      75
     100
      85
      75
      82
      91
      70
      88
      69
      85
      76
      77
      87
      68
      67
      82
      87
      90
      74
      95
      83
      81
      86
      81
      71
      62
      80
      81
      99
      93
      72
      65
      74
      67
      74
      79
      82
      72
      75
      77
      81
      83
      76
      60
      92
      82
      80
      71
      75
      94
      76
      93
      75
      75
      73
      76
      69
      66
      84
      77
      79
      75
      77
      81
      87
      97
      67
      77
     100
      76
      68
      69
      72
      74
      79
      92
      86
      89
      79
      83
      72
      95
      69
      86
      71
      66
      88
      69
      72
      63
      90
      85
      77
      89
     139
     204
     270
     239
     246
     170
     113
      90
      70
      78
      84
      61
      88
      82
      77
      68
      71
      71
      70
      77
      54
      80
      92
      68
      71
      69
      67
      73
      73
      75
      81
      84
      70
      79
      68
      86
      75
      79
      80
      85
      76
      84
      82
      86
      73
      82
      86
      82
      75
      88
      92
      84
      84
      86
      81
      65
      96
      71
      72
      80
      87
      90
      86
      68
      80
      74
      80
      81
      85
      81
      98
      93
      89
      88
      84
      95
     104
      82
      93
      81
      84
      92
     109
      89
      95
      88
      76
      85
      89
      99
     103
     103
      98
      84
      99
     102
      97
      90
      79
      98
      93
     113
      80
      76
     102
      78
     103
      95
      81
      91
      79
      79
      90
      73
     102
      87
      81
     111
      80
      89
      80
      72
     100
     112
      96
      92
      91
      91
     105
     109
      88
      80
      82
      89
      76
      77
      95
      95
      86
      80
      84
      98
      89
      71
      86
     101
      86
      76
      79
      89
      76
      86
      80
      83
      86
      95
      97
      90
      87
      66
      92
      82
      84
      84
      81
      81
      86
      73
      84
      99
      89
      91
      82
      79
     100
      71
      90
      82
      84
      87
      86
      86
      85
      88
      79
      85
      70
      84
      77
      91
      81
      72
      71
      80
      72
      79
     100
      92
      84
      69
      79
      93
     102
      66
      78
      82
      68
      92
      80
      72
      77
      75
      88
      71
      71
      65
      75
      74
      86
      81
      73
      70
      80
      76
      74
      80
      72
      84
      69
      72
      67
      73
      82
      67
      84
      80
      82
      78
      71
      92
      75
      78
      98
      79
      84
      68
      69
      65
      77
      73
      83
      65
      71
      80
      74
      75
      85
      73
      63
      73
      71
      78
      74
      73
      71
      87
      71
      79
      77
      73
      83
      78
      73
      70
      81
      60
      76
      75
      88
      82
      83
      83
      70
      80
      68
     100
      80
      67
      83
      78
      78
      72
      74
      64
      78
      69
      72
      67
      67
      84
      58
      62
      72
      66
      72
      68
      62
      56
      74
      71
      61
      65
      71
      90
      88
      74
      72
      60
      74
      92
      78
      76
      76
      71
      54
      70
      67
      74
      76
      77
      75
      87
      82
      71
      74
      79
      63
      70
      61
      77
      71
      82
      77
      64
      53
      68
      66
      68
      59
      67
      61
      65
      78
      60
      70
      81
      70
      76
      59
      56
      67
      66
      73
      54
      61
      61
      84
      71
      66
      64
      78
      63
      62
      67
      60
      78
      60
      63
      85
      80
      68
      58
      70
      65
      70
      57
      64
      74
      63
      73
      65
      58
      70
      56
      75
      90
      59
      77
      71
      71
      74
      77
      69
      64
      61
      62
      75
      73
      82
      50
      68
      70
      69
      53
      67
      69
      88
      90
      88
      88
     107
      88
      83
      73
      70
      69
      64
      71
      62
      55
      66
      59
      66
      65
      61
      74
      61
      75
      60
      62
      68
      71
      77
      76
      71
      77
      55
      63
      74
      68
      55
      57
      78
      60
      77
      51
      61
      54
      54
      65
      55
      52
      68
      63
      63
      55
      74
      66
      69
      60
      46
      53
      62
      65
      71
      61
      60
      60
      70
      64
      61
      68
      59
      71
      66
      56
      63
      71
      49
      64
      68
      44
      73
      73
      52
      63
      62
      66
      54
      56
      58
      66
      54
      66
      54
      62
      63
      82
      60
      70
      54
      64
      74
      61
      70
      73
      64
      68
      63
      61
      68
      60
      60
      64
      68
      53
      56
      68
      56
      73
      64
      69
      59
      59
      68
      65
      57
      58
      60
      61
      67
      56
      73
      61
      61
      56
      55
      61
      49
      68
      66
      73
      87
      56
      55
      68
      74
      62
      68
      62
      50
      49
      55
      58
      77
      65
      53
      57
      59
      64
      65
      76
      58
      52
      53
      58
      59
      58
      67
      67
      65
      68
      52
      67
      56
      62
      60
      75
      59
      89
      72
      46
      64
      64
      56
      58
      71
      66
      51
      60
      50
      58
      77
      85
      58
      53
      53
      59
      66
      56
      55
      61
      77
      56
      67
      66
      53
      61
      68
      52
      61
      62
      77
      58
      55
      63
      69
      67
      57
      59
      66
      64
      59
      78
      61
      66
      60
      51
      57
      61
      72
      70
      55
      46
      62
      60
      55
      53
      62
      50
      60
      53
      73
      76
      72
      63
      71
      61
      79
      61
      64
      64
      64
      64
      57
      35
      54
      61
      64
      60
      56
      65
      69
      50
      60
      58
      64
      76
      54
      69
      59
      62
      49
      55
      65
      55
      50
      55
      56
      59
      68
      57
      58
      62
      69
      69
      55
      67
      69
      66
      58
      55
      58
      67
      63
      43
      57
      52
      41
      47
      54
      74
      65
      53
      68
      55
      46
      59
      61
      60
      58
      68
      62
      54
      56
      66
      57
      75
      63
      52
      56
      61
      60
      70
      57
      51
      61
      65
      70
      57
      60
      57
      54
      53
      46
      65
      71
      60
      77
      65
      48
      60
      67
      67
      60
      54
      57
      60
      63
      57
      64
      61
      58
      69
      69
      63
      59
      76
      64
      54
      58
      49
      58
      66
      59
      75
      55
      57
      57
      62
      55
      63
      55
      60
      58
      61
      68
      52
      50
      59
      69
      51
      62
      58
      55
      55
      56
      65
      55
      64
      64
      59
      66
      61
      59
      67
      70
      69
      44
      55
      60
      60
      61
      63
      64
      63
      76
      63
      55
      54
      59
      70
      77
      61
      76
      74
      75
      65
      52
      55
      57
      67
      61
      63
      61
      51
      62
      51
      68
      60
      69
      61
      66
      72
      69
      64
      63
      65
      61
      83
      56
      58
      66
      65
      80
      83
     101
     114
     110
      97
     108
      98
     102
      85
      82
      62
      61
      62
      76
      66
      61
      58
      60
      58
      62
      62
      60
      70
      66
      63
      76
      57
      68
      55
      41
      56
      70
      69
      57
      49
      72
      73
      71
      55
      65
      62
      78
      61
      67
      57
      71
      64
      78
      60
      71
      62
      74
      67
      65
      54
      81
      53
      62
      79
      70
      74
      67
      53
      69
      82
      64
      63
      77
      71
      62
      61
      61
      65
      51
      72
      48
      57
      70
      72
      68
      60
      78
      61
      57
      63
      75
      59
      68
      70
      69
      65
      62
      58
      55
      55
      68
      63
      71
      56
      58
      69
      78
      74
      60
      61
      60
      67
      68
      81
      64
      80
      74
      64
      64
      74
      75
      75
      56
      68
      67
      74
      68
      72
      73
      82
      64
      66
      60
      71
      81
      62
      56
      84
      85
      66
      68
      88
      82
      80
      77
      65
      82
      62
      60
      77
      72
      68
      62
      81
      70
      61
      58
      82
      60
      68
      56
      82
      70
      72
      74
      85
      71
      65
      66
      79
      77
      70
      74
      53
      77
      87
      76
      74
      78
      57
      79
      59
      64
      68
      76
      71
      62
      67
      86
      69
      67
      70
      83
      57
      76
      72
      59
      63
      69
      70
      65
      90
      81
      63
      76
      78
      80
      79
      65
      89
      80
      71
      76
      66
      55
      78
      76
      65
      87
      83
      87
      77
      87
      66
      75
      77
      73
      83
      91
      66
      81
      82
      95
      68
      78
      69
      77
      69
      86
      80
      81
      85
      81
      70
      76
      87
      74
      84
      69
      69
      92
      56
      85
      84
      81
      87
      79
      82
      83
      69
      67
      84
      88
      81
      69
      91
      88
      83
      73
      93
      76
      94
      72
      75
      86
      73
      92
      88
      72
      92
      85
      80
      87
      81
      89
      95
      65
      80
      83
      84
      87
      91
      83
      71
      80
      81
      86
      73
      97
      91
      84
      87
      97
      98
      79
      74
      96
     100
      80
      83
     106
      92
     103
      80
      78
      95
      96
      78
      71
      86
      96
      81
      99
      84
      81
     100
      91
      95
      87
      95
      82
      90
      93
      75
     102
      96
     101
      91
      90
      99
      92
      85
      82
      89
      95
      82
      66
      92
      68
      74
      86
      79
      70
      77
      66
      69
      82
      75
      87
      74
      84
      77
      65
      61
      68
      71
      76
      73
      55
      66
      69
      74
      76
      63
      68
      63
      71
      72
      68
      72
      44
      62
      73
      55
      60
      63
      59
      67
      47
      55
      50
      55
      65
      73
      53
      46
      55
      51
      60
      57
      69
      63
      58
      54
      57
      56
      50
      60
      75
      51
      61
      57
      55
      44
      58
      52
      57
      65
      51
      56
      55
      43
      63
      48
      54
      64
      53
      60
      50
      60
      52
      59
      48
      49
      61
      60
      55
      45
      55
      54
      60
      45
      57
      59
      70
      60
      46
      65
      53
      60
      63
      48
      47
      68
      56
      56
      50
      71
      49
      49
      52
      56
      50
      45
      52
      46
      61
      59
      51
      61
      52
      50
      46
      69
      53
      53
      54
      54
      50
      41
      51
      43
      53
      54
      54
      51
      63
      58
      49
      50
      52
      60
      59
      50
      54
      42
      51
      47
      59
      48
      52
      49
      39
      39
      62
      52
      56
      50
      40
      56
      53
      44
      45
      51
      52
      57
      50
      48
      42
      67
      50
      49
      63
      34
      43
      49
      51
      55
      49
      39
      42
      34
      45
      35
      49
      56
      41
      50
      47
      51
      39
      46
      40
      40
      44
      33
      43
      48
      44
      39
      40
      46
      50
      38
      54
      35
      50
      50
      39
      60
      31
      47
      49
      41
      46
      36
      45
      41
      38
      51
      49
      52
      41
      46
      33
      37
      38
      45
      44
      50
      40
      39
      36
      48
      46
      42
      32
      37
      40
      32
      50
      47
      33
      43
      34
      47
      46
      35
      44
      45
      47
      43
      48
      32
      40
      29
      41
      44
      41
      39
      36
      45
      42
      41
      37
      42
      53
      29
      39
      33
      48
      32
      41
      42
      43
      39
      45
      27
      30
      54
      38
      38
      27
      45
      38
      42
      42
      45
      29
      48
      45
      39
      45
      49
      37
      46
      51
      35
      49
      42
      53
      35
      51
      52
      41
      37
      47
      39
      42
      43
      45
      40
      41
      49
      30
      41
      40
      50
      45
      24
      41
      46
      49
      36
      28
      44
      46
      49
      37
      34
      39
      43
      42
      46
      38
      42
      52
      28
      48
      37
      43
      38
      57
      31
      33
      50
      41
      41
      42
      42
      47
      58
      40
      41
      46
      53
      43
      48
      39
      34
      44
      43
      37
      40
      39
      45
      41
      39
      39
      41
      38
      37
      45
      40
      34
      59
      56
      37
      46
      46
      42
      40
      56
      51
      32
      47
      48
      39
      41
      30
      44
      45
      44
      46
      50
      40
      41
      34
      41
      51
      55
      43
      39
      46
      34
      47
      38
      50
      35
      38
      46
      39
      37
      36
      26
      41
      29
      39
      31
      34
      40
      35
      35
      41
      37
      33
      42
      26
      26
      36
      33
      48
      34
      35
      32
      41
      44
      26
      46
      25
      26
      38
      38
      35
      35
      41
      32
      30
      30
      23
      26
      26
      31
      24
      40
      35
      40
      24
      31
      23
      35
      39
      38
      24
      35
      40
      31
      32
      36
      43
      25
      31
      31
      24
      28
      28
      27
      29
      38
      30
      41
      41
      37
      69
      96
     111
     161
     257
     385
     462
     665
     846
    1153
    1344
    1608
    1841
    1906
    1940
    1877
    1700
    1318
     974
     636
     413
     271
     180
     111
      74
      34
      32
      25
      41
      35
      31
      27
      33
      38
      29
      38
      22
      30
      31
      25
      27
      32
      23
      38
      38
      29
      37
      26
      41
      28
      26
      36
      21
      24
      39
      34
      40
      28
      26
      34
      22
      38
      26
      23
      23
      32
      30
      36
      23
      33
      22
      36
      29
      38
      32
      25
      25
      19
      26
      41
      18
      26
      27
      31
      17
      31
      31
      29
      27
      27
      21
      25
      30
      20
      31
      29
      26
      25
      26
      32
      40
      29
      21
      21
      22
      32
      19
      27
      29
      24
      29
      24
      29
      23
      24
      31
      29
      21
      30
      30
      23
      26
      29
      31
      27
      17
      23
      27
      27
      21
      28
      35
      24
      37
      25
      28
      19
      18
      32
      27
      29
      29
      34
      25
      21
      27
      27
      32
      25
      19
      25
      26
      19
      19
      32
      22
      25
      32
      30
      20
      29
      22
      21
      28
      21
      21
      28
      24
      22
      25
      28
      28
      21
      33
      21
      19
      34
      23
      24
      33
      23
      16
      32
      21
      30
      30
      28
      24
      26
      20
      18
      20
      25
      35
      29
      24
      20
      23
      28
      21
      29
      25
      16
      30
      27
      25
      32
      21
      29
      18
      25
      23
      23
      20
      24
      25
      26
      33
      14
      16
      22
      25
      17
      26
      27
      27
      23
      20
      17
      20
      29
      22
      22
      22
      24
      24
      20
      27
      29
      29
      20
      14
      25
      24
      20
      30
      24
      31
      27
      24
      23
      19
      31
      26
      23
      30
      16
      27
      21
      21
      19
      12
      25
      33
      24
      30
      21
      17
      28
      19
      21
      17
      15
      26
      21
      24
      22
      20
      25
      21
      21
      23
      27
      30
      22
      21
      33
      27
      29
      11
      28
      26
      22
      21
      21
      30
      29
      21
      19
      22
      24
      24
      25
      32
      22
      27
      33
      20
      24
      19
      26
      18
      24
      18
      20
      27
      25
      38
      31
      29
      28
      12
      23
      21
      18
      30
      22
      21
      23
      19
      29
      25
      22
      29
      17
      23
      15
      18
      18
      25
      19
      25
      32
      30
      32
      23
      13
      18
      30
      30
      19
      32
      30
      27
      26
      27
      23
      23
      27
      28
      22
      31
      22
      27
      21
      22
      25
      23
      30
      30
      29
      28
      28
      26
      27
      18
      25
      20
      22
      22
      14
      21
      20
      36
      22
      18
      32
      21
      40
      27
      29
      23
      22
      27
      32
      34
      23
      20
      22
      24
      18
      22
      24
      26
      21
      24
      27
      29
      21
      22
      30
      29
      23
      32
      26
      28
      20
      26
      42
      21
      23
      24
      24
      23
      37
      21
      35
      41
      53
      53
      74
      96
     107
     125
     189
     173
     232
     294
     374
     436
     478
     522
     567
     646
     641
     589
     527
     424
     321
     207
     142
     126
      86
      59
      45
      23
      26
      16
      24
      22
      35
      24
      20
      31
      33
      23
      33
      24
      23
      28
      16
      35
      27
      35
      27
      26
      27
      17
      27
      20
      19
      30
      19
      22
      25
      28
      27
      27
      27
      28
      20
      23
      27
      25
      22
      31
      32
      29
      19
      40
      26
      22
      29
      28
      24
      28
      15
      23
      22
      30
      34
      29
      32
      26
      21
      27
      23
      22
      34
      27
      24
      27
      32
      34
      24
      20
      27
      27
      24
      25
      29
      24
      26
      24
      23
      31
      29
      27
      28
      17
      21
      31
      28
      29
      16
      16
      29
      36
      18
      22
      25
      31
      19
      21
      32
      21
      24
      29
      26
      30
      22
      28
      31
      37
      26
      34
      24
      29
      34
      23
      39
      34
      24
      28
      23
      26
      24
      30
      29
      35
      24
      25
      30
      16
      29
      35
      40
      32
      30
      30
      30
      28
      33
      26
      41
      29
      26
      36
      25
      27
      26
      36
      32
      26
      34
      19
      25
      33
      32
      24
      26
      17
      33
      20
      35
      32
      20
      31
      37
      25
      35
      30
      33
      26
      25
      24
      27
      31
      33
      30
      35
      27
      30
      29
      26
      39
      30
      43
      35
      33
      29
      25
      30
      30
      24
      37
      30
      35
      34
      30
      37
      34
      34
      22
      30
      30
      37
      34
      29
      34
      26
      33
      35
      34
      32
      27
      24
      39
      29
      31
      45
      43
      40
      32
      36
      28
      32
      31
      33
      43
      32
      38
      28
      35
      42
      33
      38
      36
      33
      38
      28
      34
      32
      33
      36
      26
      37
      36
      25
      25
      30
      29
      34
      49
      35
      39
      35
      45
      37
      35
      28
      32
      50
      30
      41
      33
      33
      30
      40
      34
      28
      34
      42
      36
      45
      40
      40
      33
      38
      32
      43
      34
      42
      27
      29
      38
      36
      40
      29
      31
      35
      39
      36
      37
      25
      35
      31
      47
      35
      34
      42
      38
      29
      45
      41
      36
      38
      40
      26
      39
      36
      46
      40
      33
      37
      36
      29
      29
      51
      36
      37
      45
      40
      25
      36
      51
      36
      46
      33
      40
      27
      44
      39
      40
      47
      43
      28
      24
      27
      37
      25
      43
      31
      28
      38
      37
      44
      34
      29
      23
      34
      32
      33
      32
      21
      28
      27
      25
      26
      23
      23
      20
      29
      28
      31
      34
      22
      34
      37
      24
      18
      29
      27
      19
      27
      21
      25
      23
      28
      29
      16
      21
      27
      26
      27
      19
      22
      26
      22
      29
      25
      31
      27
      28
      18
      21
      24
      23
      19
      28
      19
      13
      17
      13
      26
      25
      16
      22
      13
      22
      23
      15
      17
      26
      17
      21
      18
      17
      16
      25
      22
      26
      14
      18
      21
      25
      20
      24
      16
      16
      23
      20
      20
      22
      28
      27
      27
      20
      17
      18
      29
      26
      20
      24
      16
      21
      12
      16
      16
      17
      30
      23
      24
      21
      15
      11
      13
      15
      20
      10
      15
      15
      16
      24
      17
      21
      24
      13
      11
      15
      10
      17
      22
      21
      23
      16
      18
      17
      22
      17
      12
      17
      14
      20
      13
      30
      16
      18
      18
      17
      17
      14
      20
      21
      20
      21
      16
      10
      19
      16
      15
      22
      17
      10
      12
      15
      19
      20
      16
      14
      16
      15
       8
      16
      18
      28
      15
      16
      18
      25
      16
      17
      13
      26
      16
      26
      20
      19
      19
      16
      17
      21
      13
      17
      22
      18
      16
      18
      14
      17
      10
      14
      20
      18
      11
      15
      16
      15
      16
      13
       8
      12
      14
      15
      20
      11
      13
       7
       9
      16
      22
      14
      14
      17
      12
      10
      13
      10
      10
       7
      20
      16
      11
      14
       8
      11
       9
       7
      13
      11
      11
      13
       9
      17
       8
      13
      13
      15
      12
       8
       9
      10
      14
       9
       8
      14
      10
      10
      13
       9
      10
      11
       9
      20
      17
       8
       7
      14
      10
       9
      10
       8
      10
       7
       9
       8
       6
      12
       9
       8
      12
      16
      14
      13
      10
      13
       9
      11
       7
      12
       4
      11
       9
       6
       9
       5
       7
       8
      11
      11
       9
      15
      12
       5
      11
       6
      11
      10
       9
      14
      16
       7
      11
      11
       8
       3
      10
      11
       3
       8
      12
      11
       5
       9
       4
      13
       9
       9
      11
       7
       7
       6
       7
       5
       9
       3
       6
      13
       7
      15
       6
       9
       8
       8
       4
       7
       8
      11
       8
       7
      10
      12
       6
       6
       6
       9
       4
       7
       7
      10
       7
      10
      12
      10
       6
       9
       7
       8
       7
       4
       5
       5
      17
      11
      11
       6
       9
      11
       4
       6
       8
       6
      10
       8
       8
      13
       3
       5
       8
       7
       4
       9
       9
       9
       5
       5
       7
       6
       8
       6
       6
       7
       5
       6
       5
      10
       4
       7
       6
       9
       4
       8
      14
       7
       6
      10
       6
       4
      10
       4
      11
      12
       2
      11
       5
       8
       7
       6
      10
       6
       4
      10
       2
       7
       4
       8
      11
       5
      10
       5
       7
       8
      10
       9
       9
       7
       7
       9
       9
       7
       6
       7
       6
       9
       7
       5
       5
       4
       7
       7
       6
       6
       7
      15
       9
       5
       5
       6
      14
       8
      11
       6
       9
       7
       5
       9
       6
       5
       4
       5
       4
       9
      15
       8
      12
       8
       7
       7
       5
       6
       7
       4
       6
       7
       9
       9
       9
       7
       8
       6
       5
      10
       4
       4
       9
       9
       8
      10
      10
      11
       4
       9
       7
      11
       6
      13
       7
      10
      11
      15
      16
      12
      20
      17
      21
      23
      37
      54
      56
      70
      94
     104
     157
     155
     201
     241
     309
     374
     403
     506
     581
     676
     684
     726
     770
     736
     756
     736
     666
     525
     403
     302
     228
     180
     129
     100
      80
      58
      36
      11
       8
       6
       7
       9
      11
      15
       8
       3
      10
       6
       3
      14
       5
       4
       6
      13
       7
       1
       5
       6
       3
       2
       5
       5
       7
       8
       6
       3
       5
       4
       5
       7
       3
       8
       3
       9
       8
       2
       3
       6
       5
       4
      15
       7
       2
      10
       5
       2
       7
       8
       4
       6
       6
       4
      11
       4
       2
       7
       5
       7
       2
       6
       7
       4
       4
       6
       6
       9
       4
       7
       5
       5
       4
       3
       2
       7
       8
       2
       5
       5
       9
       8
       6
       4
      14
       5
       3
      10
       5
       6
       4
       7
       5
       3
       4
       7
       7
       3
       6
       4
       7
       5
       4
       6
       5
       7
       3
       8
       7
       5
       4
       8
       5
       1
       9
       1
       6
       8
       1
       3
       3
       9
       6
       5
      11
       4
       5
       6
       4
       3
       6
       7
       3
       4
       6
       2
       6
       6
       5
       8
       5
       7
      11
      10
       5
       5
       6
      10
       5
       3
       9
       7
      11
       7
       2
       8
       5
       5
       5
       7
       9
       5
       5
       5
       4
       6
       5
       4
      11
       4
       6
       6
       4
       5
       8
       8
       8
       4
       8
       5
       6
       6
       6
       3
       6
      10
       3
       8
       4
       6
       9
      10
       6
       2
      12
       5
       5
       5
       4
       9
       5
       8
       8
       8
       4
       7
       4
       2
       6
       2
       4
       3
       8
       7
       9
       8
       6
      12
       4
       4
       8
       8
       3
       5
       3
       5
       5
       8
       7
      10
       6
       1
       3
       7
       5
       5
       3
       9
       6
       2
       3
       2
       2
       9
       8
       7
       9
       5
       4
      10
       6
       3
       9
       1
       7
       2
       6
       4
      12
      10
       5
       6
       3
       4
       3
       8
       5
       8
       9
       4
       5
       3
       7
       7
       8
       5
       5
       3
       7
       3
       5
       4
       4
       4
       7
       8
       8
       7
       2
      10
       8
       4
       4
       3
       5
       2
       8
       5
       9
       6
       3
       5
       6
       6
       3
       7
      11
       6
       1
       7
       5
       8
       3
       8
       4
       6
       6
       4
       3
       5
       7
      10
       9
       3
       5
       9
       3
       7
       4
       4
       6
       2
       7
       3
       3
       7
       4
       5
       3
       6
       6
       7
       6
       5
       5
       3
       3
      10
       8
       4
       6
       8
       7
       6
       7
       3
       2
       5
      11
       7
      10
       4
       4
       3
       3
       7
      10
      12
       4
       2
       9
       4
       9
       6
       8
       5
       9
       9
      10
       6
       5
       7
       5
      11
       1
       5
       8
       9
       3
       4
       7
       5
       4
       4
       6
       5
       6
       5
       6
       8
       8
      11
       3
       4
       8
      11
       4
       6
       4
       9
      10
       7
       4
       1
       6
       3
       4
       6
       4
       5
      12
      12
       5
       5
       4
       5
       5
      10
       2
       9
       3
       2
       3
       6
       3
       3
       5
       2
       6
       7
       6
       5
       1
       7
       5
       6
       5
       6
       4
       5
       4
      10
       3
       4
       7
       6
       8
       7
       2
       6
       5
       4
       5
       4
       3
       8
       2
       1
       9
       4
       7
       5
       6
       8
       8
       5
       3
       7
      10
       3
       8
       5
       5
       5
       5
       4
       5
       6
       4
       8
       6
       5
       5
       4
       9
       4
       4
       7
       6
       7
       5
       8
       4
       7
       5
       5
       5
       4
       5
       5
       2
       4
       6
       5
       3
       7
       2
      10
       6
       4
       9
       6
       5
       7
       4
       3
       5
       6
       4
       6
      12
       6
       5
       5
       4
       7
       4
       3
       6
       4
      13
       5
       5
       3
       4
       8
       5
       6
       3
       7
       4
       5
       5
       6
       4
       6
       7
       2
       4
       7
       3
       7
       3
       3
       6
       3
       3
       6
       9
       4
       3
       7
       5
       4
      10
       4
       3
       6
       5
       5
       4
       4
       9
       7
       7
       5
       8
       3
      11
       9
       3
       5
      10
       2
       7
       3
      11
       7
       7
       4
       6
       9
       3
       4
       8
       6
       5
       8
      11
       3
       7
       5
       2
       4
       7
       6
       5
       8
       5
      10
      11
       3
       4
       7
       6
       7
       7
       6
       8
       5
       6
       5
       8
      10
       7
       6
       8
       4
       8
       4
       2
       8
       3
       6
      12
       9
       4
       3
       4
       4
       7
       6
       8
      13
       4
       7
       5
       3
       3
       5
      10
       7
       4
       4
       7
       4
       3
       6
       4
       3
       2
       8
       6
      11
       5
       4
       6
       4
       5
       5
       5
       6
       6
       5
       9
       3
       7
       5
      11
       7
       6
       5
       3
       7
       6
       8
       4
       3
       3
       5
       2
       6
       2
      13
       3
       1
       9
      11
       8
       3
       9
       6
       4
       5
       4
       4
       8
       3
       5
       7
       6
       5
       4
       8
       4
       2
       9
       8
       6
       5
       5
       3
       9
       8
      10
       5
       5
       4
       4
       9
       6
       2
       3
       3
       3
       9
       7
       6
       3
       4
       4
       0
      10
       3
       4
       5
       4
       6
       9
       6
      10
       4
       6
       6
       4
       5
       6
       2
       3
       2
       9
       7
      12
       5
       5
      10
       8
       1
       7
       7
       4
       9
       4
       1
       6
       4
       3
       6
       4
       6
       2
       4
       4
       7
       7
       6
       3
       3
       7
       8
       7
       5
       4
       2
       8
       5
       4
       3
       8
      10
       9
       4
       6
       4
       4
       3
       9
       6
       2
       3
       7
       6
       8
      12
       5
       8
       7
       7
       5
       9
      10
       8
       1
       8
       7
       5
       8
       5
       7
       6
       7
       3
       7
       9
       5
       6
       4
       8
       4
       4
       6
       2
       6
       5
       6
       4
       9
       3
       6
       4
       4
       4
       5
       6
       4
       6
      11
       4
       3
       6
       5
      14
       6
       9
       8
      12
       7
       9
      11
      18
      24
      18
      19
      15
      25
      18
      12
      18
      29
      39
      29
      32
      30
      24
      31
      37
      42
      26
      21
      28
      26
      22
      18
      25
      25
      23
      21
      17
      16
      16
      16
       7
      22
      11
      12
       8
      16
       7
       5
       7
       5
       4
       9
       6
       7
       6
       6
       9
      14
       4
       4
       3
       7
       5
       9
      10
       7
       3
       9
       7
       5
      10
       6
       7
       4
       5
       9
       7
       6
       7
       6
       9
      12
       6
      11
      11
      19
       9
       5
       8
       5
       6
       3
       8
       9
       1
       7
       6
       6
       6
       5
       4
       5
       7
       4
       2
      15
       5
       6
      12
       9
       5
       9
       7
       7
       7
       6
       5
      11
      10
       9
      10
       7
       6
       9
       3
       7
       6
      11
       7
      16
       4
       7
       7
       6
       4
      14
       7
       2
       3
       7
      10
      11
       7
       5
       6
      11
       7
       5
      10
      16
       4
       8
      13
       4
       7
       7
       3
      13
       6
       8
       6
       8
       7
       7
      10
      10
       3
       5
       4
      10
      12
      14
       3
       5
       7
      10
       6
       7
       9
      12
       7
       2
       8
       5
       6
      10
       4
       7
       4
       2
       6
       5
       9
      11
       4
       5
       9
       6
       6
      13
       9
       6
       5
       5
       7
       8
       5
       4
      10
      10
       7
      10
       8
       9
      14
       7
       8
       5
       8
      11
      11
       3
       5
       6
       5
       8
      10
       9
       5
       4
       9
       9
      12
      11
       7
      11
       6
       4
       7
       9
       8
       8
       8
       7
       6
       4
       7
       8
       8
       3
       7
       9
       5
       5
       3
      12
       5
       7
       5
       3
       5
       4
       3
      13
       7
       3
       5
       7
       7
       5
      14
       4
      10
       6
       7
       5
       7
       6
       7
      11
       4
      10
       3
       4
      13
       7
       8
       2
       6
      10
      10
       9
       9
       5
       8
       9
      10
       7
       9
       7
      14
       3
       7
       6
       6
       7
       6
       4
       4
       8
       8
       9
       8
       6
       8
       8
       9
       7
      13
       4
       3
       2
      11
       4
       7
       6
       9
      14
       6
       7
       5
       9
       8
       8
       8
       7
      11
       6
       9
      11
       3
       4
       7
       7
       7
      10
       4
       8
       8
      12
       9
       8
       9
       6
       5
      10
       5
       3
       4
       6
       8
      11
       5
       6
       9
       7
       7
       9
       7
       5
      10
      10
       8
       5
       8
       9
      12
       7
      11
       9
       3
       1
       7
      10
      16
       7
       7
      11
       7
       6
       6
       8
       9
       5
       6
       8
       8
       8
       5
      11
       7
      10
       4
      14
       5
       3
       6
       9
      10
       6
       7
       7
       5
       6
       7
       5
      11
       4
       9
       3
       5
       7
       9
       8
      11
       7
       4
       8
       5
       7
      10
       3
       5
       7
       9
       9
       8
      13
      11
      10
      13
       9
       9
       6
       7
      13
      11
       7
      14
       5
      10
       4
       7
      13
      10
       6
       7
      11
       6
      12
       7
       7
      12
      10
       6
       9
       6
       6
       5
      11
       4
      10
       6
       9
       9
      11
       5
       6
       7
      11
       4
       4
      10
       9
       6
       5
       8
       9
       5
       5
       5
       9
       7
       2
       7
      11
       8
      14
       6
      13
       5
      11
       6
       5
      12
       9
       6
      12
       9
       8
       6
       3
       9
      12
       9
      15
      11
       5
       5
       8
      10
       8
       9
      10
      10
      13
       7
       5
       9
      13
       8
      10
       8
       7
       7
       7
       6
       7
       8
       9
      14
       4
       8
      12
      11
       8
       7
      11
       5
       8
       6
       7
       6
       7
       4
       4
       9
       7
      14
       7
      11
       8
       8
      12
       9
       4
      13
       7
       8
      10
      10
       7
       6
       7
       9
       9
       6
       5
      14
       8
       9
       9
       4
      10
       9
       9
       6
      11
       9
      11
       5
      10
      14
       7
      10
       8
       9
      12
       6
      13
       6
      10
      11
       8
       6
      11
       7
       3
       9
       6
      10
       6
       6
       4
      10
       9
       4
       4
      14
       4
      14
       6
      12
       8
       4
      10
       9
       7
      12
      14
      10
       4
       8
      10
       8
       9
       8
       7
      14
       5
       4
       5
       4
       6
       8
       5
       9
       9
       7
       3
       8
       6
       7
       9
       7
       9
       8
      10
       7
       6
       7
       7
       6
      10
      13
       4
       5
      11
      11
       6
      12
       4
      13
      10
       4
       7
       4
      11
       7
       9
      11
       6
       8
       8
       8
       9
       5
      10
       9
      12
       7
       9
       8
       7
       9
      10
       9
      12
      10
      10
       4
      13
       7
      11
      10
       9
      11
       8
       9
       6
       8
       9
       5
       6
       6
       6
       2
      11
      10
       7
      10
       2
       7
       8
       5
      13
       4
      10
       5
       6
      11
       8
      12
       6
       5
       3
      14
       9
       7
      12
      10
      10
      10
       6
       8
       7
       3
       4
      12
       9
      11
       3
       8
      12
       5
      12
       7
      12
      13
       7
       8
      11
      11
      16
       8
       8
      13
      14
       4
      15
       9
       5
      14
      16
      10
       4
       5
      10
       8
       9
      11
       8
       9
       8
      10
       8
      10
      10
      12
      13
       9
       7
      12
       8
      11
       3
      12
       4
      10
       6
       8
       6
       4
       6
      10
       5
       9
       9
       2
       7
      14
      11
       9
       3
       8
       6
      12
       4
      15
      10
      13
       6
       5
       8
      10
      16
      10
       7
       5
       9
       7
       7
      11
      10
       7
       7
      15
       6
       9
       8
       8
       9
       8
       8
       6
       8
      12
       8
       6
       8
       8
       9
       6
       9
       8
      10
       7
       8
       7
       6
       8
       7
       6
      10
      15
       8
       7
      11
      13
       5
      10
      12
      12
       9
      13
      11
       7
       2
       4
       6
       9
       9
       8
       6
      10
      10
       2
       8
       4
      12
       1
      12
      11
       7
       8
       8
       5
       9
       3
       6
       6
      10
      16
      10
      11
       7
       8
       4
       9
       5
       6
       4
      11
       9
       7
      16
       5
       7
      11
       4
      15
       4
       8
       9
       9
      12
      15
      11
       5
       8
       8
       5
      11
       6
       5
       5
       6
       8
       8
       7
      10
      13
       6
       9
      11
       4
       4
       7
       4
       9
       4
       7
       5
      12
       5
       8
       5
      12
       7
       4
      10
       9
       9
       6
       8
       9
       7
      10
       7
       6
       9
       8
       4
       6
      11
      12
      12
      11
       9
      10
       3
       8
       5
       9
       6
       7
       8
      12
       4
       5
      11
       9
       7
       7
       3
       3
      11
       6
       5
       5
       8
       9
       4
       7
       6
       9
       6
       3
       8
      11
       3
       8
       5
       8
       5
       2
       7
      11
      11
      12
       7
      10
      16
       4
       3
       9
      11
      11
       6
      11
       8
      11
       6
       6
       7
      12
       6
       8
      13
      13
      12
       6
       8
       8
       5
       5
       8
       7
       7
       7
       7
       2
       8
       9
       5
       4
       4
       7
       6
       7
      10
       4
       4
       4
       8
       9
      10
       8
      10
      10
       9
       5
       3
       6
      11
       6
       8
       9
      15
       9
       6
       8
       7
       7
       7
       4
       8
      11
       5
       9
      13
       6
      10
      11
      12
       7
       4
       5
       8
      12
      14
      12
      15
      11
       8
       4
      12
      11
       9
      11
       8
       8
       4
       6
       6
      11
      17
       5
       9
       8
      10
      10
       6
       8
       5
       9
       3
       5
       6
       5
      10
       8
      10
      10
       4
       4
       6
       9
      12
      10
       6
       7
       7
       7
       4
       9
      10
       8
       9
       9
      11
       9
       7
       8
      10
       8
       7
       5
       8
       3
      11
       8
       8
      14
       8
       8
       8
       5
      11
       6
       9
       8
       7
       8
       7
       6
       8
       8
       7
      15
       7
      14
      11
       8
       8
      10
       7
       6
       8
       7
       7
       9
       8
       4
      10
       5
       5
       9
      10
      10
      14
      12
      10
       7
      12
       4
       8
       9
       7
       5
       9
       9
      11
       7
       7
       6
      13
       4
      12
       7
       6
       7
      10
      11
       5
       3
      11
       8
       3
      11
       7
       7
      11
       8
       5
      10
      10
       5
       6
       8
       6
       8
       3
       8
       6
      12
       9
      10
       5
       8
       7
       8
      14
      11
       8
      11
       6
      10
      10
       3
       7
      10
       5
       9
      10
       8
      12
      12
      15
      14
      12
       8
      13
       9
      12
      13
       8
       7
       7
      12
      12
       7
      17
       9
       9
      12
      15
      11
      10
      16
      24
      23
      23
      24
      25
      26
      29
      15
      27
      26
      23
      32
      31
      35
      38
      47
      37
      36
      41
      36
      42
      36
      52
      40
      32
      55
      40
      44
      40
      34
      32
      41
      28
      36
      26
      20
      35
      19
      17
      24
      13
      18
      18
      11
       7
      15
      12
      16
       9
      12
      11
      11
       6
       7
       8
       6
       9
      10
       4
      14
      10
       4
      15
      13
      12
      12
       7
       6
       7
       8
       5
      13
       9
      10
      10
      14
       6
      10
       8
      13
      11
      15
      11
       5
      11
       7
       9
      11
      12
      10
       4
       7
      11
      11
       9
       6
      10
       6
      13
      16
      13
      12
       6
       9
      15
      14
      11
      11
      18
       5
       9
      14
      14
       6
       5
      10
      13
      14
       8
      15
       7
      10
       8
       9
      11
       8
      10
       7
      11
       7
       8
      15
      10
       6
      10
       6
      10
       7
      10
      14
      11
      10
      12
      11
       9
       6
      12
       7
       9
       8
       6
      14
      16
      11
      10
      10
      15
       9
       8
      10
       9
      11
      11
      14
       4
      16
      10
      10
       7
       3
      10
      11
      16
       6
      11
       9
      13
      13
       6
       8
       6
      12
      11
      14
       9
       9
      10
      15
      16
       4
      10
       8
       8
      15
       7
      17
      14
      11
       8
      15
       8
       7
       3
      10
      10
      12
       9
       9
       8
       8
      11
      11
      10
      10
      13
      14
      14
      11
      13
      12
       9
      11
       9
      11
      12
      16
       7
       8
      10
      18
       7
      16
       7
       8
       9
       8
      11
       5
       9
      10
      14
       9
      14
      10
       8
      13
       9
      13
       7
       9
       9
      14
       8
      11
       8
       9
       9
      11
      10
      13
      15
      11
      12
      10
      16
      10
      15
      17
      14
       9
       9
      12
       3
      16
       8
      11
       8
      12
      18
      10
       8
      10
      12
      11
       8
       5
      14
       9
      11
      14
      13
      11
      11
      13
      13
       9
      13
      12
      10
       7
       6
      11
      10
       8
      18
       7
       9
       7
      10
      16
       8
      12
       9
      11
      12
       9
      11
      11
      13
      11
       9
       9
      16
      10
      10
       9
       7
       9
      10
      12
      16
      14
      12
       9
      15
       9
      15
      17
      13
       5
       8
      11
      14
      17
      14
      12
       7
      17
      10
      10
       7
      10
       7
      20
      18
      11
      11
       8
      11
      16
      15
      12
      12
       4
      14
       7
      16
      17
      12
      11
      17
      14
      10
      13
      14
      15
       6
      10
      11
      16
      12
      13
      13
      13
      14
      16
      13
      10
       9
      12
      16
       8
      15
      10
      12
      13
      13
      13
       9
       9
      11
       8
      11
       8
       8
       9
      18
      10
      10
      13
      14
      11
      14
      12
       8
      12
       7
      12
       7
      13
      16
      12
      17
      14
       9
      15
      11
      10
       8
      14
      16
      15
       8
      12
      13
      13
      16
      10
      12
      15
       9
      20
      11
      16
      13
      12
      13
      13
       9
      12
      17
      14
      15
      12
      11
       9
      13
      10
      13
      14
      19
       9
       9
      13
      13
      18
      10
      16
      13
      10
      12
      10
      10
      14
      10
      15
       9
      10
      12
      12
      12
      15
      14
       8
      15
      19
      17
      16
      12
      15
       9
       9
      10
      16
      12
      10
      15
      15
      15
      11
      10
      10
       8
      13
      11
      14
      12
      11
      19
      10
      13
      11
      18
      11
      20
      14
      16
       7
       9
      14
      12
      15
      11
      10
      13
      13
      13
      14
      14
      20
      16
      12
      13
      10
      10
       6
       6
      15
       7
      15
      13
      14
      14
      18
      13
      11
       9
       7
      16
       9
      18
      15
      12
      14
      14
      18
      14
      13
       9
      15
      15
      14
      16
      22
      17
      12
      21
      17
      13
      11
      13
      13
      17
       4
      13
      18
      18
      14
      13
      12
      20
      17
      15
      19
       9
      14
      22
      12
      14
      17
      16
      17
      19
      15
      19
      13
      17
      16
      10
       9
      20
      23
      14
      17
      15
      11
      11
      17
      10
      15
      14
      17
      20
      21
      16
      14
      17
      12
      20
       8
      17
      17
      14
      17
      16
      12
      12
      18
      19
      21
      12
      17
      13
      18
      20
      20
      16
      18
      16
      17
      18
      15
      14
      26
      19
      12
      17
      10
       7
      21
      25
      18
      24
      19
      21
      17
      13
      15
      13
      23
      19
      17
      21
       9
      13
      14
      35
      21
      28
      11
      15
      12
      18
      13
      18
      17
      18
      10
      14
      18
      26
      28
      15
      20
      11
      15
      20
      21
      15
      11
      14
      16
      21
      13
      15
      16
      17
      16
      17
      12
      20
      12
      13
       8
      22
      17
      17
      15
      18
       8
      10
      17
      15
      19
      17
      10
      18
      14
      10
      10
      16
      17
      13
      28
      14
      15
       7
      12
       3
       9
      11
      15
      15
      14
      16
      11
      18
      17
      10
      10
      15
      20
      14
      15
      15
      12
      11
      10
      11
      12
      14
      11
      17
      12
      12
      10
      10
      13
       6
      14
      10
      15
      11
      16
      14
      10
       5
      12
      12
      13
       8
      13
      15
       7
       8
      22
      15
      11
      14
       7
       5
       9
       7
      13
      12
      14
      11
      17
       3
       9
      10
       9
      15
      18
       6
       9
      11
      13
      10
      11
      11
      15
      12
      10
       9
       6
      10
      17
      13
       8
      11
       7
      11
       8
      11
       9
      10
       6
       8
      11
      12
      12
       7
      10
       8
       5
      11
      11
       8
       9
      10
      11
       4
      12
      12
       9
      15
      11
       8
      10
      11
      13
      11
       8
      12
      12
      12
       6
       7
       8
      10
       9
       9
      14
      10
       7
      13
      12
       9
      12
      12
      11
       5
       3
       6
       4
      10
      14
       9
      10
       5
      14
       8
      12
       7
       6
       8
       7
       7
       9
      10
       7
      18
      12
      11
       6
       9
       5
      10
      12
       4
       7
      13
      12
       4
       8
      15
       8
       3
      11
      12
       7
      11
       7
       9
       9
       2
      12
       6
       5
       8
       9
       8
       8
      14
       8
       5
       4
       6
       5
      10
       5
      11
       6
      10
      11
       9
       8
       6
      10
       5
       9
       6
       7
       8
       4
       9
       5
       5
       5
      11
       7
       7
       2
      11
       6
       7
       8
       7
       7
       6
       7
      13
       7
       9
       2
       9
       9
       7
       8
       3
       3
       9
       5
       3
       8
       4
       9
       1
       3
       4
       7
       4
      10
       5
       3
       3
       6
      11
       6
       2
       3
       5
       4
       4
       9
       6
       3
       6
       5
       4
       6
       3
       3
       8
      10
       6
       3
       1
       7
       3
       5
       5
       4
       3
       3
       5
       2
       2
       4
       3
       1
       6
       6
       4
       5
       3
       9
       9
       4
       4
       4
       5
      11
       4
       3
       4
       5
       3
       8
       6
       2
       9
       3
       8
       5
       3
       5
       5
       5
       7
       2
       7
       0
       3
       5
       4
       2
       3
       4
       0
       3
       0
       4
       3
       3
       3
       4
       4
       6
       6
       1
       4
       3
       4
       2
       4
       2
       4
       5
       1
       3
       3
       5
       4
       2
       2
       4
       3
       2
       3
       3
       2
       4
       5
       5
       2
       5
       4
       3
       3
       2
       1
       4
       3
       1
       1
       1
       0
       4
       4
       2
       1
       4
       3
       2
       3
       5
       2
       1
       2
       0
       3
       0
       4
       3
       2
       1
       1
       0
       2
       1
       1
       6
       0
       3
       3
       2
       1
       1
       1
       2
       1
       3
       3
       2
       6
       3
       3
       0
       0
       1
       4
       3
       2
       2
       2
       1
       0
       2
       3
       3
       2
       0
       4
       1
       2
       2
       0
       2
       3
       3
       2
       1
       3
       2
       1
       3
       1
       4
       0
       2
       4
       2
       2
       3
       1
       1
       4
       1
       0
       0
       2
       4
       3
       3
       4
       2
       6
       2
       4
       2
       3
       2
       0
       4
       3
       1
       2
       1
       4
       0
       2
       2
       4
       3
       2
       4
       1
       3
       1
       1
       3
       2
       0
       1
       0
       2
       3
       4
       5
       1
       1
       4
       3
       1
       5
       5
       2
       2
       3
       1
       3
       5
       1
       2
       3
       1
       4
       5
       1
       2
       5
       3
       0
       0
       1
       1
       0
       3
       1
       2
       4
       2
       2
       2
       1
       2
       0
       4
       4
       2
       2
       1
       6
       4
       9
       4
       6
       6
       8
      13
       5
      15
      13
       9
       9
       8
      17
      20
      27
      28
      29
      33
      27
      47
      39
      32
      54
      58
      54
      60
      79
      85
      97
     107
     129
     111
     122
     155
     150
     137
     156
     154
     163
     173
     173
     201
     188
     210
     209
     213
     225
     252
     224
     201
     202
     182
     152
     137
      94
      90
      71
      68
      58
      52
      45
      40
      39
      25
      24
      24
      18
      13
      15
      10
       5
       3
       4
       2
       2
       2
       1
       2
       2
       1
       0
       2
       1
       1
       2
       0
       1
       2
       2
       1
       1
       1
       2
       1
       3
       0
       0
       1
       0
       1
       0
       2
       1
       3
       3
       0
       3
       3
       2
       1
       1
       1
       1
       1
       1
       2
       1
       0
       2
       4
       0
       1
       2
       3
       2
       3
       0
       0
       2
       2
       1
       0
       2
       1
       1
       1
       1
       3
       1
       2
       2
       4
       1
       3
       1
       0
       1
       0
       0
       3
       1
       0
       1
       1
       0
       1
       1
       2
       3
       2
       1
       0
       0
       1
       4
       2
       2
       0
       1
       1
       1
       1
       2
       3
       2
       1
       2
       2
       1
       0
       1
       3
       0
       4
       5
       1
       0
       2
       1
       3
       3
       1
       2
       0
       3
       0
       2
       1
       1
       2
       1
       2
       1
       1
       1
       1
       1
       0
       0
       1
       2
       3
       2
       1
       1
       3
       1
       0
       2
       3
       1
       1
       2
       1
       1
       2
       3
       1
       2
       1
       2
       1
       1
       1
       0
       2
       2
       1
       0
       2
       1
       1
       1
       1
       0
       1
       0
       3
       1
       3
       2
       0
       1
       2
       1
       1
       1
       0
       1
       1
       4
       0
       3
       0
       1
       1
       0
       2
       0
       1
       1
       1
       2
       0
       3
       0
       3
       2
       3
       0
       1
       3
       1
       1
       1
       0
       3
       1
       1
       3
       0
       0
       2
       0
       0
       2
       1
       2
       0
       1
       0
       1
       0
       3
       2
       0
       0
       1
       0
       1
       0
       1
       1
       0
       1
       0
       0
       1
       1
       2
       1
       1
       2
       3
       2
       3
       0
       0
       1
       2
       1
       2
       1
       1
       1
       2
       2
       3
       3
       1
       1
       1
       1
       2
       1
       0
       0
       2
       0
       0
       1
       3
       1
       3
       4
       0
       2
       1
       0
       0
       1
       1
       1
       3
       2
       0
       1
       1
       0
       2
       3
       1
       2
       1
       1
       1
       2
       0
       0
       2
       1
       0
       1
       1
       4
       5
       2
       1
       2
       0
       0
       1
       2
       2
       1
       0
       0
       1
       0
       1
       2
       1
       1
       0
       3
       1
       0
       1
       0
       1
       1
       3
       2
       1
       0
       0
       0
       1
       2
       1
       0
       0
       2
       0
       2
       2
       2
       0
       1
       0
       0
       1
       1
       0
       2
       0
       0
       0
       1
       1
       1
       0
       1
       0
       0
       4
       1
       3
       0
       3
       2
       1
       0
       2
       1
       1
       1
       1
       2
       0
       1
       1
       1
       0
       0
       0
       3
       0
       2
       0
       2
       0
       1
       3
       1
       2
       1
       0
       1
       0
       1
       2
       0
       0
       1
       1
       0
       0
       1
       3
       1
       1
       0
       0
       1
       2
       1
       1
       2
       2
       2
       1
       0
       3
       0
       4
       0
       1
       0
       2
       0
       0
       2
       1
       3
       0
       0
       1
       0
       0
       2
       1
       2
       2
       0
       0
       3
       1
       2
       2
       0
       1
       0
       0
       2
       0
       1
       1
       2
       0
       0
       1
       2
       0
       1
       2
       2
       0
       0
       1
       0
       2
       2
       1
       1
       1
       1
       0
       0
       3
       2
       3
       2
       1
       1
       1
       2
       1
       1
       2
       0
       0
       1
       1
       0
       0
       3
       0
       0
       1
       1
       1
       1
       1
       3
       2
       2
       0
       1
       2
       3
       0
       2
       0
       2
       2
       0
       2
       1
       1
       0
       1
       0
       2
       1
       1
       2
       0
       2
       1
       1
       0
       3
       4
       1
       1
       3
       0
       1
       3
       0
       1
       2
       0
       1
       0
       5
       3
       0
       1
       1
       2
       0
       1
       2
       1
       2
       1
       1
       1
       1
       0
       0
       2
       1
       1
       0
       1
       0
       1
       4
       0
       1
       2
       0
       0
       0
       1
       1
       1
       3
       1
       1
       0
       0
       1
       2
       4
       0
       1
       0
       2
       1
       0
       1
       1
       3
       0
       2
       2
       1
       2
       0
       2
       0
       2
       0
       0
       2
       1
       0
       1
       1
       0
       2
       1
       2
       0
       0
       2
       1
       0
       0
       1
       0
       1
       1
       0
       3
       2
       1
       2
       1
       3
       0
       0
       1
       1
       1
       0
       1
       2
       2
       3
       0
       1
       2
       0
       2
       1
       0
       2
       0
       2
       1
       1
       2
       1
       0
       3
       1
       0
       0
       0
       4
       0
       0
       2
       1
       1
       2
       1
       0
       2
       2
       0
       0
       1
       1
       2
       1
       1
       1
       1
       3
       0
       1
       1
       1
       0
       0
       1
       0
       2
       0
       2
       2
       1
       1
       0
       1
       0
       0
       1
       0
       0
       0
       2
       0
       1
       2
       1
       0
       1
       2
       0
       2
       1
       0
       0
       1
       2
       2
       0
       2
       4
       2
       0
       2
       2
       0
       0
       0
       3
       0
       1
       0
       2
       0
       0
       1
       1
       1
       1
       1
       1
       3
       0
       0
       2
       1
       1
       1
       0
       2
       0
       0
       2
       1
       0
       1
       0
       0
       0
       0
       3
       0
       0
       0
       0
       2
       2
       2
       0
       1
       0
       0
       1
       1
       2
       0
       2
       0
       0
       2
       1
       0
       2
       2
       0
       1
       0
       3
       1
       0
       1
       1
       0
       0
       2
       1
       2
       1
       1
       2
       1
       0
       0
       0
       0
       2
       1
       3
       3
       0
       1
       1
       0
       3
       4
       2
       2
       2
       1
       2
       1
       3
       1
       1
       0
       1
       2
       1
       0
       1
       1
       0
       3
       2
       4
       1
       3
       2
       3
       0
       2
       2
       1
       0
       0
       0
       0
       1
       1
       1
       0
       0
       1
       1
       0
       1
       1
       0
       1
       1
       0
       1
       0
       3
       1
       0
       0
       1
       0
       1
       1
       1
       1
       5
       0
       0
       2
       1
       3
       1
       0
       0
       2
       1
       0
       1
       2
       2
       1
       1
       0
       2
       2
       1
       0
       0
       0
       1
       1
       0
       1
       1
       0
       1
       2
       0
       1
       1
       1
       2
       1
       2
       1
       0
       1
       1
       1
       1
       1
       0
       0
       2
       1
       1
       2
       1
       1
       2
       0
       1
       2
       0
       1
       0
       0
       1
       0
       1
       0
       3
       1
       1
       1
       0
       1
       0
       0
       0
       3
       0
       1
       1
       0
       1
       0
       0
       1
       0
       1
       0
       1
       1
       2
       0
       1
       1
       0
       1
       1
       0
       2
       4
       0
       1
       1
       2
       2
       0
       1
       1
       0
       0
       0
       1
       2
       2
       0
       0
       2
       0
       0
       1
       3
       1
       1
       1
       1
       1
       1
       0
       3
       1
       1
       2
       2
       1
       0
       0
       1
       1
       2
       0
       1
       0
       2
       1
       0
       1
       0
       4
       0
       0
       2
       1
       1
       1
       0
       1
       1
       0
       0
       0
       0
       0
       0
       0
       0
       0
       0
       0
       0
       0
       0
       0
       0
       0
       0
       0
       0
       0
       0
       0
       0
       0
       0
       0
       0
       0
       0
       0
       0
       0
       0
       0
       0
       0
       0
       0
       0
       0
       0
       0
       0
       0
       0
       0
       0
       0
       0
       0
       0
       0
       0
       0
       0
       0
       0
       0
       0
       0
       0
       0
       0
       0
       0
       0
       0
       0
       0
       0
       0
       0
       0
       0
       0
       0
       0
       0
       0
       0
       0
       0
       0
       0
       0
       0
       0
       0
       0
       0
       0
       0
       0
       0
       0
       0
       0
       0
       0
       0
       0
       0
       0
       0
       0
       0
       0
       0
       0
       0
       0
       0
       0
       0
       0
       0
       0
       0
       0
       0
       0
       0
       0
       0
       0
       0
       0
       0
       0
       0
       0
       0
       0
       0
       0
       0
       0
       0
       0
       0
       0
       0
       0
       0
       0
       0
       0
       0
       0
       0
       0
       0
       0
       0
       0
       0
       0
       0
       0
       0
       0
       0
       0
       0
       0
       0
       0
       0
       0
       0
       0
       0
       0
       0
       0
       0
       0
       0
       0
       0
       0
       0
       0
       0
       0
       0
       0
       0
       0
$ROI:
25
43 57
143 159
196 212
298 314
354 370
455 478
509 527
607 627
687 707
750 770
857 879
886 908
981 1003
1652 1680
1940 1984
2242 2276
2410 2444
2500 2534
2714 2752
2779 2839
2910 2975
3216 3256
3330 3374
3517 3563
4577 4648
$PRESETS:
None
0
0
$ENER_FIT:
-0.479377 0.397317
$MCA_CAL:
3
-4.793768E-001 3.973171E-001 -2.936620E-009 keV
$SHAPE_CAL:
3
2.913355E+000 2.829383E-003 4.133060E-008
