$SPEC_ID:
Pulser
$SPEC_REM:
DET# 2
DETDESC# DETECTOR 2
AP# GammaVision Version 7.01.03
$DATE_MEA:
04/26/2017 17:58:58
$MEAS_TIM:
2798 2809
$DATA:
0 8191
       0
       0
       0
       0
       0
       0
       0
       0
       0
       0
       0
       0
       0
       0
       0
       0
       0
       0
       0
       0
       0
       0
       0
      16
    1400
    1881
     893
     720
     673
     668
     734
     761
     844
     876
    1023
    1139
    1201
    1042
     851
     757
     781
     773
     818
     847
     845
     835
     762
     756
     750
     734
     739
     761
     738
     751
     800
     821
     910
    1154
    1746
    3434
    6349
    8106
    6455
    3533
    1683
    1112
    1202
    1503
    2418
    2997
    2492
    1725
    1130
     727
     714
     737
     681
     706
     696
     659
     643
     706
     666
     655
     673
     654
     703
     692
     706
     670
     679
     713
     654
     679
     609
     651
     675
     678
     686
     689
     625
     714
     727
     669
     687
     701
     686
     697
     671
     680
     673
     697
     727
     713
     677
     655
     707
     649
     623
     712
     698
     665
     691
     643
     671
     704
     722
     678
     686
     652
     744
     714
     700
     688
     686
     705
     710
     700
     721
     670
     660
     650
     714
     692
     659
     706
     679
     684
     681
     704
     676
     705
     692
     691
     661
     718
     719
     662
     709
     699
     690
     737
     694
     727
     709
     739
     699
     691
     689
     706
     725
     668
     696
     750
     714
     717
     724
     714
     689
     694
     689
     674
     818
     920
     966
     874
     849
     908
     999
    1249
    1192
     934
     800
     689
     713
     631
     716
     676
     724
     700
     655
     722
     704
     734
     685
     690
     722
     655
     693
     678
     704
     686
     757
     915
     922
     896
     830
     746
     701
     742
     758
     721
     718
     732
     708
     693
     662
     736
     700
     700
     680
     706
     732
     715
     734
     718
     689
     749
     719
     701
     696
     737
     683
     772
     712
     719
     710
     730
     717
     680
     707
     767
     776
     742
     709
     712
     703
     661
     681
     768
     707
     694
     762
     709
     678
     725
     678
     716
     693
     812
     677
     715
     729
     683
     732
     695
     730
     721
     718
     719
     721
     727
     789
     675
     686
     701
     716
     696
     734
     700
     690
     773
     671
     728
     727
     690
     734
     683
     752
     718
     742
     683
     750
     732
     713
     747
     683
     713
     746
     738
     731
     740
     773
     690
     714
     757
     743
     740
     709
     700
     756
     735
     716
     780
     773
     701
     685
     770
     804
     715
     712
     745
     762
     761
     708
     685
     720
     772
     749
     735
     761
     722
     713
     729
     775
     842
    1301
    2111
    3364
    4220
    4043
    3017
    1829
     971
     837
     749
     720
     746
     732
     785
     771
     777
     762
     803
     787
     868
     813
     797
     841
     857
     840
     843
     859
     873
     875
     866
     937
     871
     919
     897
     901
     896
     852
     967
     869
     928
     919
     837
     869
     918
     864
     893
     900
     964
    1050
    1122
    1154
    1040
     985
     925
     901
     877
     876
     919
     913
     864
     928
     911
     909
    1010
     956
     970
     977
     953
     992
     960
     903
     952
     905
     930
     941
     895
     953
     922
     901
     955
     893
     967
     910
     904
     990
     917
     995
     903
     889
     983
     917
     945
     905
     959
     905
     945
     888
     890
     891
     884
     882
     899
     952
     920
     980
     946
     912
     894
     978
     941
     967
     942
     884
     903
     979
     905
     923
     871
     887
     897
     938
     865
     863
     860
     939
     935
     944
     878
     908
     926
     868
     916
     948
     996
     993
     891
     892
     864
     773
     792
     756
     788
     795
     779
     769
     771
     781
     707
     728
     677
     739
     704
     758
     750
     719
     711
     718
     717
     706
     723
     699
     731
     692
     719
     678
     668
     694
     714
     731
     703
     630
     710
     648
     653
     696
     690
     712
     691
     726
     710
     689
     712
     742
     729
     725
     694
     729
     713
     703
     737
     715
     744
     739
     751
     694
     742
     713
     746
     739
     739
     682
     718
     720
     755
     728
     768
     691
     729
     710
     707
     762
     736
     688
     689
     719
     719
     669
     693
     660
     673
     685
     688
     685
     725
     736
     689
     678
     721
     675
     718
     706
     692
     673
     700
     654
     640
     665
     686
     629
     672
     712
     702
     609
     645
     680
     703
     710
     650
     655
     635
     636
     627
     628
     636
     661
     657
     620
     626
     678
     654
     639
     636
     599
     626
     616
     652
     625
     635
     650
     648
     679
     625
     673
     674
     680
     637
     625
     682
     629
     630
     677
     624
     585
     587
     630
     593
     614
     598
     645
     619
     598
     654
     621
     602
     592
     626
     611
     593
     571
     555
     536
     566
     549
     556
     562
     548
     550
     528
     553
     509
     518
     526
     524
     542
     550
     544
     555
     551
     541
     557
     518
     520
     475
     509
     517
     460
     445
     490
     467
     442
     525
     465
     486
     509
     478
     467
     473
     500
     484
     523
     503
     505
     483
     444
     480
     426
     427
     448
     495
     476
     470
     431
     476
     438
     479
     496
     470
     492
     464
     450
     437
     465
     430
     416
     449
     443
     450
     403
     442
     409
     429
     471
     454
     407
     407
     408
     398
     395
     426
     453
     387
     398
     422
     393
     450
     430
     379
     448
     387
     403
     428
     412
     420
     397
     408
     373
     426
     405
     443
     425
     416
     436
     410
     400
     394
     401
     394
     363
     358
     386
     372
     405
     374
     377
     390
     370
     367
     405
     442
     433
     458
     430
     417
     434
     406
     387
     376
     392
     360
     350
     385
     362
     347
     376
     397
     351
     331
     370
     325
     360
     384
     379
     393
     402
     361
     369
     350
     347
     341
     372
     375
     353
     350
     371
     372
     356
     341
     357
     339
     323
     355
     350
     352
     346
     374
     305
     317
     371
     368
     357
     372
     352
     357
     355
     379
     388
     328
     360
     350
     357
     365
     348
     359
     350
     327
     318
     337
     322
     331
     350
     334
     324
     367
     381
     436
     831
    1858
    4035
    7770
   13234
   18639
   23021
   23174
   19228
   13087
    7275
    3285
    1271
     527
     349
     309
     285
     284
     268
     273
     265
     295
     262
     295
     288
     324
     253
     289
     298
     301
     297
     282
     299
     297
     285
     280
     288
     247
     275
     271
     278
     272
     280
     274
     319
     301
     282
     289
     298
     272
     294
     335
     389
     448
     539
     523
     445
     447
     356
     282
     264
     273
     260
     279
     294
     258
     283
     263
     298
     259
     277
     289
     284
     292
     258
     277
     276
     293
     271
     255
     216
     273
     288
     283
     264
     289
     278
     270
     276
     286
     259
     279
     272
     242
     264
     280
     281
     258
     263
     259
     262
     254
     260
     244
     276
     273
     275
     280
     261
     279
     277
     295
     250
     256
     235
     249
     273
     257
     268
     255
     256
     239
     251
     254
     275
     264
     250
     249
     272
     251
     268
     257
     256
     228
     272
     241
     279
     240
     267
     313
     379
     536
     835
    1228
    1726
    2167
    2239
    2063
    1647
    1150
     703
     451
     301
     272
     254
     252
     234
     260
     256
     269
     264
     275
     249
     271
     247
     243
     238
     258
     222
     250
     240
     232
     265
     275
     235
     239
     257
     235
     235
     246
     276
     219
     248
     262
     241
     284
     234
     224
     261
     258
     275
     273
     274
     249
     238
     234
     281
     251
     240
     268
     269
     337
     503
     829
    1585
    2756
    4616
    6670
    8887
    9990
    9934
    8363
    5841
    3651
    1929
     877
     431
     292
     240
     241
     214
     238
     250
     223
     244
     236
     223
     240
     224
     242
     228
     223
     237
     228
     247
     209
     211
     233
     244
     250
     231
     226
     221
     229
     187
     227
     229
     273
     233
     237
     227
     252
     221
     256
     253
     276
     245
     240
     253
     233
     214
     248
     234
     222
     237
     223
     243
     252
     264
     231
     220
     224
     232
     203
     230
     236
     202
     226
     223
     223
     211
     233
     229
     204
     213
     187
     236
     229
     218
     243
     234
     236
     213
     229
     247
     220
     237
     219
     209
     233
     245
     232
     237
     242
     202
     206
     217
     206
     236
     239
     249
     238
     203
     221
     220
     222
     262
     218
     238
     249
     246
     273
     294
     317
     374
     359
     464
     393
     374
     296
     265
     261
     239
     240
     231
     221
     240
     221
     245
     218
     195
     209
     236
     229
     216
     273
     220
     234
     223
     218
     248
     230
     232
     189
     225
     231
     235
     227
     211
     221
     229
     210
     223
     243
     236
     202
     236
     219
     211
     223
     204
     223
     193
     221
     217
     210
     203
     232
     237
     229
     234
     202
     249
     258
     213
     237
     232
     208
     212
     217
     219
     237
     233
     245
     234
     236
     234
     235
     244
     242
     223
     194
     213
     201
     225
     196
     256
     229
     233
     219
     200
     261
     239
     226
     206
     229
     215
     214
     221
     230
     214
     221
     241
     231
     229
     255
     231
     223
     214
     205
     220
     213
     218
     275
     217
     264
     256
     278
     277
     348
     381
     441
     481
     551
     638
     621
     688
     637
     688
     595
     474
     399
     333
     263
     299
     268
     237
     259
     268
     234
     229
     253
     220
     207
     191
     219
     232
     237
     198
     231
     210
     220
     207
     253
     226
     247
     215
     228
     204
     241
     232
     216
     258
     240
     233
     230
     255
     254
     242
     222
     242
     236
     228
     188
     221
     204
     224
     250
     230
     212
     238
     224
     227
     230
     210
     259
     235
     203
     219
     244
     218
     245
     217
     206
     238
     253
     246
     204
     237
     223
     229
     227
     243
     227
     217
     229
     209
     213
     207
     261
     238
     237
     238
     246
     250
     198
     224
     230
     240
     227
     214
     235
     236
     212
     215
     228
     231
     225
     222
     222
     213
     221
     227
     224
     218
     211
     189
     202
     242
     214
     221
     220
     251
     223
     213
     236
     225
     255
     224
     245
     207
     240
     217
     240
     241
     220
     226
     229
     219
     227
     236
     240
     246
     241
     232
     224
     234
     242
     266
     254
     230
     214
     246
     230
     212
     232
     233
     201
     242
     235
     211
     279
     240
     239
     220
     252
     233
     225
     235
     239
     255
     238
     256
     244
     226
     224
     236
     234
     219
     250
     234
     237
     246
     222
     232
     248
     253
     252
     228
     253
     255
     235
     239
     247
     251
     207
     225
     260
     229
     250
     246
     221
     244
     229
     258
     265
     256
     239
     255
     251
     225
     234
     240
     224
     255
     240
     232
     270
     239
     248
     236
     252
     242
     231
     239
     219
     244
     238
     253
     215
     216
     225
     244
     249
     224
     218
     273
     253
     250
     272
     235
     233
     236
     250
     240
     257
     234
     266
     260
     239
     257
     256
     249
     268
     224
     253
     242
     244
     267
     224
     259
     268
     263
     224
     242
     250
     251
     260
     239
     245
     297
     301
     315
     300
     307
     326
     333
     279
     259
     283
     229
     242
     275
     216
     215
     238
     245
     232
     247
     225
     255
     217
     235
     234
     234
     247
     239
     222
     247
     235
     234
     232
     235
     247
     218
     211
     236
     221
     231
     234
     246
     229
     222
     242
     227
     197
     215
     223
     240
     206
     237
     240
     217
     219
     241
     230
     228
     212
     247
     202
     235
     241
     227
     235
     258
     240
     214
     223
     253
     206
     217
     234
     196
     232
     223
     219
     239
     232
     199
     229
     237
     223
     214
     231
     229
     224
     250
     239
     241
     217
     241
     227
     224
     239
     229
     222
     213
     246
     246
     252
     240
     248
     222
     229
     236
     247
     236
     237
     214
     268
     233
     211
     215
     217
     253
     216
     236
     199
     217
     209
     194
     242
     211
     205
     235
     228
     223
     249
     223
     243
     239
     215
     228
     244
     248
     228
     246
     233
     212
     214
     220
     233
     236
     236
     211
     222
     219
     239
     219
     207
     221
     233
     240
     225
     209
     216
     209
     242
     221
     215
     205
     218
     230
     240
     220
     218
     187
     214
     209
     238
     235
     204
     233
     230
     218
     225
     229
     233
     228
     240
     243
     244
     259
     249
     252
     270
     241
     229
     251
     239
     253
     200
     211
     216
     234
     236
     212
     219
     225
     216
     228
     220
     206
     218
     266
     236
     193
     234
     231
     192
     218
     206
     225
     209
     197
     222
     211
     220
     212
     246
     228
     214
     209
     271
     244
     230
     270
     239
     248
     261
     257
     235
     239
     230
     224
     221
     198
     243
     213
     221
     230
     220
     242
     232
     224
     252
     206
     204
     231
     230
     240
     210
     231
     244
     225
     192
     260
     230
     220
     186
     212
     196
     214
     196
     216
     239
     210
     223
     202
     232
     229
     223
     239
     249
     196
     254
     195
     213
     209
     237
     236
     214
     232
     260
     204
     232
     238
     230
     209
     230
     215
     216
     245
     227
     191
     233
     229
     238
     206
     244
     202
     208
     220
     215
     245
     222
     247
     215
     242
     219
     221
     233
     225
     211
     258
     220
     248
     257
     214
     244
     242
     253
     260
     230
     224
     221
     223
     223
     243
     225
     228
     219
     203
     234
     227
     235
     235
     247
     221
     220
     234
     230
     235
     262
     208
     244
     230
     262
     227
     251
     271
     225
     233
     258
     247
     228
     251
     254
     222
     251
     236
     250
     229
     256
     236
     226
     243
     236
     236
     219
     259
     241
     229
     224
     229
     231
     251
     230
     234
     226
     244
     238
     240
     222
     247
     255
     243
     223
     226
     251
     265
     269
     278
     245
     245
     285
     259
     217
     259
     240
     266
     237
     239
     222
     255
     262
     253
     250
     281
     277
     264
     284
     251
     312
     304
     286
     292
     264
     265
     272
     270
     261
     265
     232
     266
     274
     211
     279
     213
     263
     242
     275
     246
     249
     231
     229
     220
     267
     229
     265
     258
     245
     228
     248
     249
     269
     251
     287
     234
     257
     258
     256
     258
     244
     223
     265
     242
     255
     276
     241
     265
     239
     260
     254
     239
     288
     273
     270
     270
     268
     237
     254
     259
     267
     254
     280
     215
     231
     264
     246
     260
     237
     263
     232
     298
     278
     252
     242
     274
     239
     262
     255
     274
     277
     253
     274
     260
     278
     324
     323
     333
     432
     511
     581
     778
     823
    1049
    1293
    1460
    1657
    1675
    1728
    1614
    1412
    1158
     932
     631
     512
     448
     362
     325
     309
     279
     290
     239
     297
     283
     296
     280
     272
     270
     279
     260
     292
     293
     287
     296
     280
     303
     286
     300
     298
     273
     275
     271
     265
     306
     298
     296
     288
     312
     293
     281
     285
     295
     302
     285
     303
     289
     286
     299
     282
     303
     257
     280
     280
     294
     293
     281
     293
     285
     279
     317
     325
     314
     284
     313
     300
     306
     271
     292
     300
     307
     255
     285
     286
     304
     330
     285
     303
     290
     325
     329
     284
     320
     290
     332
     321
     274
     316
     277
     304
     298
     338
     314
     298
     303
     277
     303
     348
     299
     286
     284
     308
     308
     323
     343
     315
     325
     309
     319
     294
     324
     312
     324
     337
     325
     296
     310
     330
     311
     330
     359
     302
     317
     334
     341
     358
     344
     300
     337
     351
     349
     329
     307
     333
     336
     339
     329
     351
     295
     302
     325
     322
     334
     315
     317
     331
     343
     340
     340
     315
     322
     362
     344
     341
     313
     329
     328
     340
     325
     298
     361
     320
     312
     349
     304
     336
     318
     326
     330
     325
     322
     347
     302
     296
     330
     316
     320
     265
     265
     316
     294
     312
     297
     280
     269
     273
     288
     263
     267
     307
     262
     274
     266
     269
     269
     292
     248
     233
     278
     253
     249
     270
     281
     232
     269
     292
     261
     265
     240
     264
     258
     244
     259
     245
     252
     217
     262
     252
     238
     217
     258
     231
     261
     287
     255
     254
     258
     249
     278
     233
     273
     239
     255
     268
     259
     252
     254
     240
     243
     239
     248
     269
     248
     246
     247
     229
     246
     234
     258
     237
     235
     243
     268
     237
     235
     253
     246
     217
     253
     280
     242
     259
     256
     240
     263
     272
     247
     228
     237
     227
     244
     249
     224
     240
     260
     242
     218
     244
     245
     264
     240
     281
     230
     246
     230
     246
     252
     260
     265
     233
     234
     251
     234
     232
     245
     252
     242
     274
     230
     224
     222
     244
     231
     244
     226
     218
     236
     231
     229
     234
     247
     215
     251
     254
     249
     248
     230
     229
     229
     219
     240
     250
     251
     250
     197
     236
     234
     246
     218
     267
     264
     221
     257
     249
     229
     257
     251
     221
     208
     257
     235
     227
     247
     235
     243
     225
     235
     244
     236
     226
     244
     209
     226
     241
     243
     238
     245
     231
     242
     236
     229
     218
     228
     257
     254
     224
     225
     212
     227
     230
     235
     235
     247
     236
     236
     230
     240
     240
     231
     241
     247
     273
     258
     245
     266
     259
     265
     256
     259
     246
     287
     243
     235
     236
     221
     236
     225
     237
     228
     223
     183
     222
     200
     237
     230
     201
     192
     217
     216
     210
     220
     233
     210
     228
     242
     210
     242
     209
     219
     234
     222
     215
     214
     228
     235
     209
     225
     214
     227
     210
     200
     205
     203
     221
     217
     223
     227
     198
     232
     244
     213
     220
     242
     230
     240
     218
     256
     236
     222
     238
     237
     218
     228
     259
     211
     226
     240
     210
     201
     212
     213
     219
     222
     250
     232
     226
     255
     226
     212
     215
     219
     238
     203
     229
     234
     244
     220
     217
     251
     260
     207
     227
     222
     233
     213
     229
     198
     233
     238
     210
     226
     249
     226
     240
     255
     253
     209
     215
     211
     229
     217
     248
     231
     229
     235
     255
     218
     231
     219
     226
     242
     209
     230
     226
     239
     251
     246
     238
     256
     247
     274
     233
     244
     237
     240
     239
     244
     243
     233
     251
     231
     243
     241
     227
     245
     248
     254
     267
     263
     230
     237
     234
     235
     257
     235
     254
     283
     265
     265
     241
     255
     249
     239
     279
     255
     246
     231
     260
     249
     246
     256
     241
     248
     248
     254
     247
     263
     251
     258
     261
     215
     278
     262
     271
     245
     259
     276
     282
     228
     264
     254
     246
     279
     267
     232
     273
     262
     271
     230
     304
     264
     259
     292
     259
     277
     259
     265
     279
     270
     297
     260
     274
     264
     277
     252
     267
     251
     301
     283
     275
     275
     300
     293
     257
     288
     290
     254
     273
     248
     265
     259
     245
     261
     256
     290
     262
     280
     314
     289
     273
     297
     293
     284
     284
     276
     272
     269
     291
     241
     292
     270
     219
     284
     264
     246
     279
     256
     284
     258
     233
     242
     254
     261
     273
     233
     267
     236
     244
     231
     251
     236
     239
     206
     202
     228
     211
     216
     223
     205
     218
     180
     217
     188
     195
     229
     220
     239
     234
     227
     242
     229
     271
     275
     347
     402
     527
     557
     763
     898
    1138
    1347
    1629
    2043
    2513
    3217
    3746
    4189
    4540
    4854
    5266
    5281
    5126
    4641
    3893
    3206
    2243
    1629
    1164
     938
     639
     496
     339
     269
     191
     199
     179
     153
     141
     169
     170
     163
     175
     142
     149
     167
     148
     156
     154
     177
     157
     164
     157
     170
     159
     163
     150
     153
     156
     167
     151
     156
     139
     149
     167
     164
     151
     168
     160
     155
     146
     154
     157
     172
     158
     147
     131
     167
     138
     160
     160
     136
     153
     150
     158
     154
     181
     154
     156
     133
     146
     158
     162
     142
     173
     151
     136
     151
     135
     128
     150
     154
     149
     121
     147
     143
     139
     145
     159
     120
     145
     117
     145
     129
     139
     132
     114
     142
     135
     141
     139
     128
     129
     140
     129
     147
     135
     145
     122
     121
     120
     140
     117
     119
     138
     126
     103
      97
     121
     133
     120
     113
     116
     122
     130
     127
     113
     134
     130
     130
     119
      97
     120
     123
     104
     110
     136
     126
      95
     121
     114
     142
     112
     129
     131
     116
     124
     118
     154
     111
     124
      92
     116
     124
      87
      97
     103
     117
     124
     115
     110
      92
     100
     119
     126
     118
     105
     114
      85
     100
     111
     115
     120
      86
     127
     112
     105
      98
      97
      91
      93
     109
     101
      77
      96
      71
      97
      97
     100
      96
     105
      99
      92
      83
     106
      81
      91
     105
      88
      96
      90
      83
      81
     100
     102
      87
      95
      90
      85
     107
      96
      86
      74
      79
      86
      78
      75
      90
      97
      80
      76
      79
      75
      75
      81
      81
      96
      87
      84
      89
      71
      71
      60
      91
      79
      83
      78
      78
      72
      85
      87
      75
      75
      85
      70
      89
      77
      61
      62
      55
      93
      78
      62
      89
      76
      72
      66
      61
      74
      72
      73
      69
      71
      75
      77
      69
      70
      67
      68
      67
      68
      68
      78
      77
      82
      61
      71
      70
      56
      75
      80
      71
      87
      63
      63
      64
      62
      58
      72
      85
      68
      71
      68
      63
      68
      63
      71
      62
      74
      56
      66
      65
      67
      79
      59
      85
      67
      62
      69
      80
      60
      75
      70
      75
      67
      76
      71
      74
      64
      58
      75
      74
      71
      53
      71
      67
      66
      60
      61
      75
      97
      73
      58
      76
      65
      74
      81
      81
      95
     109
     100
     131
     115
     137
     152
     130
     191
     165
     155
     165
     170
     142
     138
     122
     106
      81
      85
      87
      61
      69
      72
      83
      64
      61
      75
      65
      70
      71
      69
      76
      78
      71
      63
      73
      58
      60
      80
      60
      79
      67
      62
      67
      59
      85
      63
      44
      65
      59
      79
      61
      56
      49
      77
      66
      72
      80
      66
      85
      59
      70
      59
      60
      69
      72
      72
      74
      63
      57
      60
      66
      48
      62
      68
      51
      69
      67
      64
      69
      57
      58
      76
      65
      67
      73
      59
      50
      78
      62
      78
      73
      71
      72
      68
      70
      75
      68
      67
      67
      62
      64
      73
      52
      86
      56
      69
      61
      57
      79
      75
      76
      64
      81
      60
      81
      70
      55
      88
      67
      67
      85
      64
      77
      65
      66
      66
      73
      71
      68
      81
      94
      94
      93
     125
     130
     172
     192
     257
     315
     448
     532
     609
     780
     940
    1178
    1428
    1740
    2071
    2592
    3205
    3684
    4226
    4619
    4760
    5071
    5368
    5508
    5286
    5201
    4575
    3749
    2855
    2075
    1487
    1115
     825
     669
     472
     307
     238
     109
      75
      61
      53
      43
      61
      40
      48
      44
      52
      47
      54
      39
      46
      55
      44
      46
      43
      51
      56
      52
      42
      42
      56
      48
      51
      57
      56
      38
      45
      58
      56
      54
      49
      64
      58
      62
      67
      53
      41
      54
      48
      42
      52
      64
      57
      60
      42
      45
      50
      70
      57
      69
      49
      56
      42
      49
      42
      49
      40
      50
      49
      46
      34
      34
      43
      55
      48
      57
      56
      46
      44
      53
      27
      53
      48
      59
      48
      54
      53
      48
      42
      42
      53
      31
      42
      48
      62
      53
      42
      53
      37
      46
      52
      38
      51
      54
      40
      47
      50
      58
      57
      54
      37
      52
      47
      46
      42
      57
      45
      37
      48
      43
      37
      40
      49
      47
      58
      43
      57
      50
      32
      48
      42
      48
      37
      52
      35
      40
      39
      44
      49
      34
      35
      43
      36
      37
      35
      37
      49
      38
      46
      54
      36
      58
      49
      31
      39
      45
      43
      53
      33
      51
      56
      48
      41
      45
      41
      57
      45
      38
      59
      49
      47
      47
      43
      35
      49
      48
      42
      40
      40
      48
      46
      37
      38
      44
      47
      39
      42
      55
      43
      52
      41
      45
      37
      48
      38
      62
      33
      26
      52
      34
      44
      44
      40
      39
      44
      39
      40
      50
      48
      48
      48
      44
      41
      38
      42
      31
      29
      37
      39
      41
      35
      40
      42
      50
      36
      42
      48
      41
      46
      36
      41
      49
      46
      43
      49
      48
      44
      42
      36
      44
      50
      40
      40
      28
      32
      26
      34
      41
      38
      51
      41
      34
      33
      28
      29
      39
      26
      46
      39
      48
      44
      37
      32
      40
      32
      48
      37
      36
      45
      35
      47
      43
      43
      43
      34
      33
      52
      37
      34
      36
      33
      42
      33
      31
      36
      33
      37
      32
      38
      39
      45
      31
      39
      44
      46
      38
      42
      32
      30
      36
      43
      37
      41
      31
      33
      50
      41
      44
      39
      41
      34
      35
      39
      44
      39
      37
      27
      35
      35
      39
      39
      39
      39
      37
      39
      38
      40
      46
      36
      49
      43
      55
      57
      45
      50
      67
      60
      65
      60
      78
      75
      79
      45
      79
      59
      54
      43
      44
      55
      46
      38
      37
      43
      35
      39
      31
      32
      38
      42
      33
      35
      30
      40
      36
      39
      34
      36
      32
      34
      32
      34
      41
      41
      42
      34
      31
      41
      35
      29
      41
      39
      34
      35
      36
      26
      35
      32
      33
      38
      46
      38
      39
      40
      37
      39
      37
      35
      36
      37
      31
      38
      33
      38
      36
      37
      48
      38
      37
      41
      37
      39
      41
      40
      32
      37
      31
      41
      40
      32
      39
      36
      37
      39
      31
      22
      26
      35
      35
      38
      36
      33
      37
      44
      42
      54
      38
      32
      28
      34
      43
      44
      37
      32
      38
      34
      44
      37
      33
      34
      44
      45
      49
      31
      35
      42
      31
      49
      36
      40
      39
      35
      45
      41
      52
      34
      33
      28
      30
      42
      30
      29
      38
      39
      36
      34
      44
      36
      34
      38
      46
      25
      41
      41
      33
      40
      33
      35
      45
      45
      33
      35
      44
      35
      42
      44
      37
      33
      42
      44
      30
      33
      43
      39
      47
      41
      38
      42
      42
      45
      69
      49
      72
      74
      81
      90
     107
     112
     127
     121
     154
     185
     233
     273
     306
     353
     428
     425
     450
     447
     496
     522
     542
     541
     538
     563
     516
     418
     335
     237
     190
     142
     121
     110
      79
      78
      76
      59
      55
      42
      32
      33
      31
      36
      34
      32
      32
      38
      41
      35
      28
      39
      33
      29
      39
      45
      34
      43
      35
      43
      42
      40
      35
      37
      37
      35
      37
      28
      28
      38
      28
      38
      39
      33
      24
      32
      29
      45
      39
      37
      38
      39
      30
      37
      31
      42
      32
      43
      34
      38
      39
      38
      31
      41
      34
      28
      25
      33
      43
      41
      30
      34
      31
      30
      32
      36
      44
      36
      27
      53
      26
      42
      41
      35
      42
      28
      40
      36
      33
      18
      46
      23
      27
      35
      38
      21
      38
      32
      39
      31
      29
      45
      27
      32
      37
      29
      28
      36
      40
      37
      25
      21
      37
      31
      31
      25
      26
      31
      30
      42
      28
      38
      41
      45
      32
      27
      29
      30
      29
      38
      41
      32
      33
      35
      34
      19
      34
      29
      37
      31
      31
      33
      34
      26
      31
      34
      24
      28
      35
      27
      31
      28
      19
      34
      30
      26
      27
      23
      26
      46
      39
      25
      33
      26
      34
      41
      32
      42
      25
      29
      31
      37
      33
      20
      23
      23
      35
      34
      37
      25
      24
      32
      22
      36
      37
      32
      36
      33
      40
      30
      38
      35
      24
      26
      32
      26
      35
      47
      26
      30
      32
      21
      26
      38
      34
      31
      37
      35
      36
      38
      23
      40
      34
      50
      56
      45
      41
      41
      46
      43
      61
      64
      47
      55
      68
      63
      65
      72
      57
      68
      64
      62
      47
      51
      52
      44
      53
      38
      36
      43
      29
      36
      45
      26
      31
      26
      27
      29
      34
      37
      35
      16
      34
      31
      36
      28
      31
      35
      34
      35
      24
      23
      41
      31
      29
      28
      31
      28
      36
      27
      33
      25
      20
      29
      34
      30
      27
      25
      37
      36
      29
      31
      23
      33
      34
      21
      37
      32
      29
      23
      22
      30
      41
      26
      27
      28
      40
      28
      32
      29
      32
      45
      33
      39
      28
      29
      28
      29
      21
      26
      33
      40
      27
      26
      17
      32
      32
      22
      28
      35
      28
      34
      19
      29
      23
      39
      32
      21
      27
      25
      42
      34
      27
      29
      28
      30
      31
      34
      43
      46
      38
      33
      27
      32
      35
      25
      29
      31
      31
      35
      28
      35
      38
      36
      24
      30
      27
      39
      32
      26
      26
      28
      42
      27
      26
      29
      33
      38
      31
      22
      30
      26
      36
      36
      38
      24
      20
      29
      25
      33
      21
      18
      23
      24
      34
      25
      32
      30
      31
      36
      27
      20
      36
      23
      22
      29
      33
      24
      31
      33
      36
      39
      36
      25
      30
      34
      33
      29
      31
      27
      30
      21
      25
      33
      26
      24
      26
      30
      31
      25
      18
      34
      30
      34
      26
      41
      24
      32
      30
      23
      26
      30
      32
      27
      30
      25
      35
      32
      29
      34
      22
      27
      26
      34
      34
      22
      32
      32
      27
      33
      33
      35
      25
      20
      34
      23
      45
      26
      25
      27
      28
      32
      29
      32
      41
      36
      28
      28
      28
      26
      25
      36
      27
      37
      35
      32
      26
      29
      26
      35
      28
      47
      26
      32
      46
      37
      33
      33
      49
      34
      42
      49
      38
      58
      40
      41
      54
      61
      66
      73
      56
      75
      85
      78
      68
      52
      66
      60
      42
      41
      34
      25
      26
      37
      37
      31
      33
      32
      27
      28
      29
      36
      22
      17
      30
      24
      37
      29
      28
      35
      34
      24
      32
      36
      37
      27
      27
      29
      21
      32
      23
      25
      26
      35
      25
      38
      30
      30
      34
      24
      24
      36
      33
      42
      42
      37
      29
      31
      37
      24
      36
      31
      23
      29
      43
      26
      29
      25
      36
      27
      24
      26
      34
      24
      23
      25
      31
      33
      42
      28
      38
      29
      34
      28
      34
      35
      34
      46
      37
      42
      33
      63
      45
      51
      55
      61
      50
      67
      79
      75
      86
      97
     101
     102
      92
     112
      99
     115
     114
     129
     115
     119
     121
     107
     104
      82
      88
      56
      52
      54
      46
      51
      48
      48
      34
      35
      29
      27
      34
      24
      29
      29
      32
      38
      33
      40
      35
      26
      32
      34
      35
      33
      26
      31
      27
      29
      34
      24
      29
      29
      32
      37
      39
      25
      34
      38
      34
      26
      37
      22
      31
      22
      46
      30
      35
      29
      34
      32
      39
      27
      33
      35
      41
      24
      35
      22
      32
      40
      33
      26
      32
      36
      45
      39
      31
      32
      28
      29
      46
      24
      31
      25
      33
      29
      39
      36
      38
      25
      44
      40
      29
      25
      15
      25
      27
      32
      23
      39
      45
      40
      30
      39
      34
      32
      36
      37
      25
      39
      45
      33
      32
      32
      30
      33
      32
      36
      32
      32
      37
      33
      26
      34
      39
      33
      25
      35
      30
      32
      42
      32
      40
      35
      44
      54
      38
      42
      27
      36
      43
      29
      40
      44
      38
      25
      48
      37
      38
      39
      40
      34
      48
      31
      38
      46
      31
      36
      45
      43
      46
      41
      38
      29
      29
      21
      34
      30
      43
      43
      26
      37
      40
      43
      32
      35
      32
      35
      30
      33
      41
      29
      40
      38
      39
      41
      36
      50
      37
      41
      35
      49
      33
      52
      38
      30
      34
      36
      37
      36
      34
      48
      34
      47
      40
      38
      37
      41
      34
      34
      30
      35
      46
      41
      33
      28
      42
      25
      50
      38
      50
      44
      31
      44
      42
      29
      39
      39
      41
      36
      38
      52
      41
      30
      38
      34
      40
      30
      36
      38
      37
      39
      38
      25
      39
      48
      40
      44
      40
      44
      42
      41
      33
      36
      46
      38
      34
      36
      45
      46
      44
      31
      33
      40
      34
      41
      47
      47
      46
      29
      44
      35
      44
      38
      33
      50
      39
      41
      34
      40
      42
      46
      42
      41
      42
      34
      35
      45
      39
      42
      37
      45
      39
      40
      35
      38
      38
      38
      43
      43
      43
      44
      49
      39
      49
      29
      35
      48
      43
      44
      39
      44
      43
      39
      45
      40
      52
      46
      42
      26
      29
      44
      31
      43
      45
      35
      43
      36
      35
      39
      33
      32
      39
      54
      42
      38
      33
      24
      35
      35
      34
      38
      29
      41
      34
      32
      26
      38
      25
      31
      36
      37
      28
      32
      33
      35
      27
      32
      36
      29
      30
      38
      26
      34
      33
      22
      31
      27
      22
      37
      46
      36
      29
      27
      38
      35
      23
      38
      28
      37
      28
      28
      37
      23
      30
      26
      31
      25
      29
      31
      33
      31
      26
      31
      30
      31
      32
      27
      22
      42
      24
      37
      23
      28
      39
      26
      29
      37
      34
      31
      28
      23
      27
      22
      31
      25
      27
      23
      33
      31
      32
      31
      30
      31
      29
      24
      29
      26
      35
      18
      33
      35
      24
      30
      19
      24
      28
      29
      30
      22
      28
      26
      34
      27
      27
      31
      31
      23
      24
      30
      25
      31
      33
      25
      11
      35
      28
      29
      25
      35
      25
      24
      28
      29
      25
      30
      30
      21
      22
      27
      23
      23
      27
      27
      18
      22
      43
      22
      27
      26
      24
      33
      27
      19
      19
      23
      18
      22
      15
      28
      15
      24
      32
      29
      22
      26
      25
      29
      30
      34
      18
      21
      18
      23
      24
      15
      26
      31
      27
      25
      24
      23
      20
      20
      22
      27
      21
      28
      30
      19
      21
      18
      19
      28
      24
      25
      28
      24
      20
      31
      30
      12
      26
      18
      19
      17
      19
      19
      18
      17
      22
      22
      20
      25
      15
      14
      28
      20
      23
      22
      32
      20
      24
      25
      23
      27
      20
      23
      27
      15
      26
      15
      16
      24
      17
      20
      17
      19
      16
      12
      30
      16
      20
      19
      19
      14
      14
      20
      18
      23
      15
      20
      22
      20
      15
      20
      15
      12
      22
      21
      23
      13
      17
      18
      17
      10
      22
      21
      14
      29
      19
      18
      20
      18
      19
      10
      19
      14
      17
      21
      21
      16
      22
      16
      13
      21
      13
      19
       7
      13
      14
      11
      10
      13
      15
      23
      10
      23
      13
      13
      12
      17
      18
      14
      12
      20
      10
      18
      14
      11
      17
      22
      18
      21
      16
      22
      18
      15
      19
      17
      14
      14
       8
      13
      20
      23
      12
      15
      12
      11
      19
      15
      23
      20
      22
      20
      19
      13
      15
      15
      10
      14
      13
       6
      16
      15
      15
      18
      12
      14
      16
      14
      13
      12
      12
      14
      13
      15
      13
      11
      17
      15
      17
      13
      15
      11
      14
       9
      14
      11
       9
      15
      15
      14
      17
      10
      15
      15
      12
      19
      13
      20
      19
      11
      14
      16
      11
      14
      13
      11
      13
      13
      14
      14
      26
      17
      14
      14
      15
      14
       6
      12
      11
      15
      17
      15
       8
      12
      11
      14
      27
      16
       7
      19
      15
      11
      17
      11
      10
      10
      11
       8
      15
      10
       8
      12
      10
       9
      14
      12
      20
      11
      18
      14
      14
      16
      13
      12
      10
      14
      12
       9
      14
      11
      13
      11
       9
      15
      20
       3
       8
       8
      16
      17
      17
      12
      15
       8
      11
      12
      13
      14
      17
      13
      16
      15
      17
      16
      16
      16
      18
      14
      25
       6
      11
      14
      10
      13
      12
      16
      14
      11
      16
      15
      18
      18
       7
      20
       9
      11
      15
       9
      14
       9
      13
      11
      17
      12
       8
       6
      10
      19
       9
      16
      13
      16
      13
      12
      16
       6
      16
      13
       7
       7
      18
       6
      16
      15
      16
      25
       7
      12
       9
      17
      22
      13
      16
      11
       9
      15
       8
      12
      12
      19
      16
      14
      14
      10
      16
      19
      21
      14
      11
      12
      24
      18
      26
      29
      27
      39
      44
      49
      54
      73
      68
      78
      77
      89
     100
     109
     137
     172
     164
     184
     239
     234
     269
     290
     320
     327
     355
     374
     409
     412
     421
     437
     473
     475
     457
     502
     425
     378
     330
     284
     224
     171
     141
     123
      82
      70
      57
      70
      60
      44
      42
      34
      31
      22
      17
      14
      14
      12
      14
      13
      20
      21
       8
      19
      13
      16
      14
      15
      12
      13
      10
      12
      11
      14
       7
      19
      11
      20
      13
      14
      11
      22
      10
      14
      12
       9
       9
      17
      13
      17
      22
      10
      15
      17
      14
      19
      10
      14
       9
      14
      20
      13
      13
      13
      15
      15
       8
       9
      14
      15
      17
      22
      16
       8
      13
       8
      18
      13
       9
      17
      19
      15
      12
      15
      15
      16
      11
      14
      16
      18
      13
      16
      18
       8
      16
      14
      12
      15
       6
      14
      14
      12
      12
      17
      15
       9
      16
      10
      16
      16
      15
      16
      17
      12
      17
       8
      24
      17
      13
      11
      18
      12
      18
      17
      16
      18
      11
      15
      17
       8
      18
      17
      16
       8
      19
      14
      11
      11
       7
      13
      18
      18
      19
      21
      15
      14
      14
      14
      12
      12
      10
      14
      10
      12
      14
       9
      18
      16
       8
      12
      12
      12
      16
      13
      17
      10
      20
      13
      11
      11
       9
      15
       9
       7
       5
      11
      11
      12
       6
      18
      13
       4
      12
      10
      10
      11
      16
       9
       6
      14
      11
      12
      17
      11
       9
      10
      13
      12
       5
      11
       7
      11
      10
       6
       7
      16
      15
       9
       7
      16
      10
       8
      14
       8
       3
      12
       5
       6
       8
       9
       6
       7
       9
       4
      13
       9
       9
       8
      14
       9
      14
      11
      11
       4
      12
      14
      11
       8
       7
       6
       6
       7
       7
       4
      15
      15
      13
      15
       9
      11
      14
      16
       9
      18
       7
       6
       9
      18
      14
      15
       4
      15
      15
      15
       8
       9
       9
      10
       9
      10
      11
      11
       7
       8
      10
      11
       7
      10
       4
      14
      11
      15
       5
      15
      13
      16
       7
       7
       8
      13
       5
       8
       6
       9
       9
      11
       8
      10
      18
       7
       9
       7
       3
      10
      10
      10
       9
      13
      10
       7
       8
      10
       8
      10
       5
       8
       8
       4
       6
       7
       9
       6
      12
       8
       7
       7
       9
       2
       7
       5
      11
       5
       4
       3
       7
      10
       6
       5
       8
      12
      12
       8
       7
       8
      14
      10
       8
       9
       7
       5
       6
       3
       6
       7
       5
       6
       5
       9
       4
       8
       3
       5
      11
       6
      11
       6
       9
       8
       6
       6
       9
       8
       5
       4
       8
       7
       9
       5
      13
       3
       6
       6
       4
       8
       5
      10
       4
       5
      11
      10
       4
       2
      10
       5
       9
       4
       1
       6
       4
      13
       6
       9
      17
       3
       8
      11
       7
       4
       6
       5
       4
       6
       8
      10
       6
      11
       4
       8
       6
       4
       6
       8
       7
      11
       6
       7
       7
       8
       4
       5
       5
      12
       4
       3
      10
       8
       9
       9
       6
       4
       8
       3
       5
       5
      11
       7
       4
       4
       1
       7
      12
      10
      10
       5
       4
       4
       3
       6
       4
       6
       5
       9
       5
       7
       2
       2
       5
       6
       8
       2
      12
       6
       2
       7
       3
       4
       3
       3
       7
       6
       2
       5
       4
       5
       7
       3
       3
       5
       5
       0
       4
       8
       5
       5
       5
       5
       5
       5
       6
       8
       6
       4
      11
       5
       3
       6
       8
       6
       5
       5
       6
       3
       5
       2
       4
       4
       3
       4
       5
       5
       6
       2
       5
       0
       4
       3
       4
       2
       3
       5
       4
       3
       4
       3
       6
       4
       2
       8
       5
       2
       3
       7
       4
       5
       3
       7
       8
       3
       6
       2
       5
       6
       6
       6
       3
       7
       6
       4
       7
       4
       2
       1
       5
       3
       3
       6
       8
       4
       6
       4
       4
       1
       8
       6
       5
       3
       2
       6
       7
       2
       7
       3
      11
       5
       4
       7
       5
       3
       4
       2
       5
       9
       3
       7
       2
       3
       8
       1
       9
       3
       6
       3
      11
       6
      11
       3
       4
       5
       4
       4
       2
       5
       4
       7
       6
       5
       4
       4
       6
       8
       6
       3
       4
       9
       5
       6
       4
       3
       6
       3
       2
       6
       4
       2
       7
       4
       4
       6
       4
       6
       3
       4
       1
       3
       4
       7
       6
       4
       2
       2
       3
       1
       3
       8
       3
       6
       5
       2
       7
       6
       3
       4
       6
      10
      10
      12
      10
      10
      12
      15
      20
      15
      14
      23
      20
      34
      24
      33
      48
      42
      52
      31
      53
      53
      57
      64
      76
      75
      77
      72
      77
      63
      80
      50
      48
      60
      66
      63
      47
      43
      27
      22
      18
      13
      14
      10
       3
       8
       2
       3
       4
       6
       3
       5
       4
       1
       2
       3
       3
       1
       1
       0
       5
       4
       2
       2
       4
       3
       7
       1
       2
       4
       5
       1
       2
       2
       1
       1
       2
       2
       1
       2
       1
       3
       2
       2
       4
       1
       1
       5
       3
       3
       4
       1
       1
       1
       2
       2
       1
       1
       1
       1
       2
       3
       1
       2
       4
       3
       3
       2
       3
       4
       1
       0
       2
       0
       2
       0
       0
       3
       4
       3
       2
       2
       0
       1
       3
       3
       0
       2
       1
       3
       3
       4
       0
       2
       1
       2
       2
       0
       1
       3
       3
       1
       1
       3
       2
       3
       2
       2
       2
       0
       2
       1
       3
       3
       4
       1
       2
       2
       1
       1
       2
       4
       4
       3
       0
       3
       0
       2
       0
       2
       2
       1
       4
       2
       2
       3
       2
       0
       0
       3
       4
       2
       2
       3
       4
       0
       1
       2
       1
       1
       4
       2
       1
       5
       2
       2
       2
       2
       2
       1
       1
       1
       3
       1
       4
       3
       2
       1
       1
       1
       2
       4
       0
       2
       5
       1
       1
       4
       3
       1
       2
       0
       2
       2
       2
       4
       1
       4
       4
       1
       3
       0
       3
       2
       3
       4
       1
       2
       1
       5
       2
       2
       1
       1
       3
       6
       1
       4
       3
       0
       0
       0
       2
       1
       2
       1
       1
       3
       3
       4
       2
       0
       2
       4
       1
       2
       0
       0
       3
       0
       2
       2
       1
       4
       2
       3
       3
       1
       1
       2
       4
       0
       4
       5
       2
       0
       2
       1
       2
       1
       2
       0
       4
       4
       2
       2
       3
       3
       0
       2
       3
       3
       1
       1
       2
       0
       1
       1
       1
       0
       2
       1
       2
       3
       1
       3
       3
       1
       1
       2
       3
       2
       2
       4
       0
       4
       3
       2
       2
       5
       2
       3
       0
       2
       1
       0
       1
       0
       3
       2
       3
       0
       4
       0
       1
       4
       3
       3
       3
       2
       5
       5
       3
       4
       3
       8
       5
       5
       8
       9
       6
       9
      12
      11
      18
      19
      17
      23
      25
      25
      24
      18
      23
      28
      28
      29
      24
      21
      24
      27
      22
      28
      29
      18
      22
      18
      12
      17
      13
      15
       5
       7
       5
       8
       5
       4
       1
       4
       3
       3
       0
       1
       1
       1
       1
       2
       7
       2
       1
       0
       1
       2
       1
       1
       4
       0
       3
       1
       3
       2
       1
       0
       1
       1
       3
       1
       1
       0
       1
       0
       1
       0
       1
       1
       0
       1
       4
       1
       1
       2
       3
       0
       2
       1
       1
       5
       1
       3
       1
       2
       4
       4
       3
       0
       0
       1
       1
       0
       0
       3
       2
       1
       4
       0
       3
       1
       1
       0
       1
       2
       3
       4
       1
       2
       3
       0
       4
       2
       1
       3
       1
       3
       1
       1
       1
       1
       0
       2
       0
       1
       2
       4
       1
       2
       1
       2
       2
       0
       0
       2
       2
       0
       2
       2
       3
       3
       1
       2
       3
       2
       0
       0
       0
       0
       0
       2
       1
       1
       1
       1
       1
       1
       0
       3
       2
       0
       1
       1
       1
       1
       0
       1
       1
       1
       0
       3
       1
       0
       0
       2
       1
       1
       2
       0
       0
       4
       2
       2
       0
       2
       0
       0
       1
       0
       0
       0
       2
       1
       3
       2
       0
       0
       2
       0
       1
       1
       2
       1
       2
       3
       1
       3
       2
       2
       0
       0
       1
       1
       0
       0
       2
       2
       1
       1
       2
       1
       1
       0
       3
       2
       3
       0
       1
       3
       1
       0
       1
       1
       1
       0
       2
       0
       2
       0
       0
       1
       0
       1
       1
       1
       1
       3
       2
       1
       2
       1
       1
       0
       2
       2
       0
       1
       0
       2
       0
       2
       1
       1
       1
       2
       0
       1
       0
       2
       1
       0
       1
       2
       0
       2
       1
       2
       3
       0
       0
       1
       0
       1
       0
       0
       0
       1
       0
       2
       2
       1
       0
       1
       0
       2
       0
       1
       1
       0
       0
       2
       1
       1
       0
       0
       0
       0
       0
       0
       2
       1
       0
       1
       0
       1
       1
       0
       2
       0
       0
       1
       0
       0
       0
       1
       0
       0
       1
       0
       0
       0
       0
       0
       1
       2
       1
       1
       0
       0
       1
       1
       2
       0
       0
       1
       0
       1
       0
       0
       0
       0
       0
       1
       1
       0
       1
       2
       0
       0
       1
       3
       1
       0
       0
       2
       0
       0
       0
       1
       0
       0
       1
       2
       1
       1
       0
       1
       0
       0
       1
       1
       0
       0
       1
       0
       2
       1
       0
       1
       0
       1
       1
       2
       1
       2
       1
       0
       1
       1
       1
       0
       1
       0
       1
       0
       3
       0
       0
       1
       0
       2
       0
       0
       1
       3
       0
       1
       0
       4
       0
       1
       0
       2
       1
       0
       1
       0
       0
       1
       2
       0
       1
       0
       0
       1
       0
       1
       0
       0
       2
       0
       2
       1
       0
       0
       0
       1
       0
       0
       2
       0
       0
       1
       2
       0
       0
       0
       1
       0
       1
       0
       0
       1
       0
       2
       0
       1
       0
       1
       1
       0
       1
       1
       0
       0
       0
       0
       0
       0
       0
       1
       0
       0
       0
       0
       1
       0
       1
       1
       0
       1
       0
       0
       0
       0
       0
       0
       0
       1
       0
       0
       0
       1
       0
       0
       1
       0
       0
       0
       1
       1
       1
       0
       0
       0
       0
       0
       1
       0
       0
       0
       1
       0
       0
       0
       0
       0
       0
       0
       0
       1
       1
       1
       1
       0
       1
       0
       0
       0
       1
       0
       0
       0
       1
       1
       1
       0
       1
       0
       0
       0
       0
       1
       1
       0
       0
       1
       0
       0
       1
       1
       1
       0
       1
       0
       0
       0
       4
       0
       0
       0
       0
       0
       0
       1
       0
       0
       0
       0
       2
       0
       1
       0
       1
       0
       1
       0
       0
       1
       2
       0
       0
       1
       1
       0
       0
       1
       3
       0
       0
       1
       0
       0
       1
       0
       0
       1
       1
       0
       1
       1
       1
       1
       0
       1
       0
       0
       1
       2
       0
       0
       0
       0
       0
       1
       0
       0
       1
       0
       1
       0
       1
       2
       0
       1
       1
       2
       1
       1
       0
       1
       0
       0
       0
       0
       0
       0
       1
       0
       1
       0
       0
       0
       0
       0
       1
       0
       2
       0
       1
       1
       1
       1
       1
       0
       2
       4
       1
       1
       1
       1
       2
       1
       2
       2
       0
       1
       2
       3
       5
       3
       5
       3
       5
       5
       4
       9
      10
       2
       9
       7
      13
      10
      10
       9
       5
      11
       7
       7
       5
       8
       7
       4
       5
       5
       7
       4
       3
       5
       0
       1
       0
       0
       1
       0
       0
       1
       0
       1
       0
       1
       0
       0
       2
       2
       0
       0
       1
       0
       0
       0
       0
       0
       0
       0
       0
       0
       0
       0
       1
       0
       0
       0
       1
       2
       0
       0
       0
       0
       0
       0
       0
       0
       1
       0
       0
       0
       0
       2
       0
       0
       0
       0
       0
       0
       0
       0
       0
       0
       0
       0
       1
       0
       1
       0
       0
       0
       0
       0
       0
       1
       1
       1
       0
       0
       0
       0
       0
       1
       1
       0
       0
       0
       0
       0
       0
       0
       0
       0
       1
       0
       1
       0
       0
       0
       1
       0
       0
       0
       0
       0
       0
       0
       0
       0
       0
       0
       2
       0
       0
       0
       0
       0
       0
       0
       0
       1
       0
       0
       0
       0
       1
       0
       0
       1
       0
       1
       0
       0
       1
       1
       0
       1
       0
       1
       0
       0
       1
       1
       0
       0
       0
       1
       1
       0
       0
       0
       0
       2
       0
       0
       0
       0
       1
       0
       0
       0
       1
       0
       0
       0
       0
       0
       2
       1
       0
       0
       0
       0
       0
       1
       0
       4
       0
       0
       0
       0
       0
       1
       0
       0
       0
       0
       1
       0
       1
       1
       0
       0
       0
       0
       0
       0
       0
       0
       0
       1
       0
       0
       0
       0
       0
       1
       1
       0
       0
       0
       0
       0
       0
       0
       1
       0
       0
       0
       0
       2
       1
       1
       0
       0
       0
       0
       0
       1
       0
       0
       0
       0
       0
       0
       0
       1
       1
       0
       0
       1
       0
       0
       0
       1
       0
       0
       0
       0
       0
       0
       0
       0
       0
       0
       0
       1
       0
       0
       1
       0
       0
       0
       0
       0
       0
       0
       0
       0
       0
       0
       0
       0
       1
       0
       0
       1
       0
       1
       1
       0
       0
       0
       0
       1
       0
       0
       0
       0
       0
       0
       0
       1
       1
       0
       0
       0
       0
       1
       0
       0
       1
       0
       0
       0
       0
       0
       0
       0
       1
       0
       0
       1
       0
       1
       0
       0
       0
       0
       0
       0
       0
       0
       0
       0
       0
       0
       0
       0
       1
       1
       0
       0
       0
       0
       0
       0
       0
       0
       0
       0
       0
       0
       1
       0
       0
       0
       2
       0
       0
       0
       0
       0
       0
       0
       0
       1
       2
       0
       0
       0
       0
       0
       0
       1
       0
       0
       2
       0
       0
       0
       1
       0
       0
       1
       0
       0
       0
       0
       0
       0
       1
       0
       0
       0
       0
       0
       0
       0
       0
       0
       0
       0
       0
       0
       0
       0
       0
       0
       1
       0
       0
       0
       0
       0
       0
       0
       0
       0
       0
       0
       0
       0
       0
       0
       0
       0
       0
       0
       1
       0
       0
       0
       0
       0
       0
       0
       0
       0
       0
       0
       0
       0
       0
       0
       0
       0
       0
       0
       0
       0
       0
       0
       0
       0
       0
       0
       0
       1
       0
       0
       0
       1
       0
       0
       0
       0
       0
       0
       1
       0
       0
       0
       1
       0
       0
       0
       0
       0
       0
       0
       0
       1
       0
       0
       0
       0
       0
       0
       0
       0
       0
       1
       0
       0
       0
       0
       0
       0
       0
       0
       0
       0
       0
       0
       0
       1
       0
       0
       0
       0
       0
       0
       0
       1
       0
       0
       1
       0
       0
       0
       1
       1
       0
       0
       0
       0
       0
       1
       0
       0
       1
       0
       0
       0
       1
       0
       0
       1
       0
       2
       0
       1
       0
       0
       0
       0
       0
       0
       0
       0
       0
       0
       0
       0
       0
       0
       0
       0
       0
       0
       0
       0
       0
       1
       0
       0
       0
       0
       0
       0
       0
       0
       0
       0
       0
       0
       1
       0
       0
       1
       2
       0
       0
       0
       0
       0
       1
       0
       2
       1
       0
       0
       0
       2
       1
       1
       1
       0
       1
       2
       0
       0
       1
       0
       2
       1
       2
       0
       3
       5
       1
       0
       2
       4
       1
       4
       0
       2
       4
       0
       3
       1
       2
       2
       0
       2
       0
       1
       0
       0
       0
       0
       1
       0
       0
       0
       0
       1
       0
       0
       0
       0
       0
       0
       0
       0
       0
       1
       1
       0
       0
       1
       0
       1
       1
       0
       1
       0
       1
       0
       0
       0
       0
       0
       0
       0
       0
       0
       0
       2
       0
       0
       0
       0
       0
       0
       0
       0
       0
       0
       1
       0
       0
       0
       2
       0
       0
       0
       0
       0
       0
       0
       0
       0
       1
       0
       0
       0
       0
       0
       0
       0
       0
       0
       2
       0
       0
       0
       0
       0
       0
       0
       0
       0
       0
       0
       0
       0
       0
       0
       0
       0
       0
       0
       0
       0
       0
       0
       0
       0
       0
       0
       0
       1
       0
       0
       0
       1
       0
       0
       0
       1
       0
       0
       0
       0
       1
       0
       1
       0
       0
       0
       0
       0
       0
       0
       0
       0
       0
       0
       0
       0
       0
       0
       0
       0
       0
       0
       0
       0
       0
       1
       0
       0
       0
       0
       0
       0
       0
       0
       0
       0
       0
       0
       0
       0
       0
       1
       0
       0
       0
       0
       0
       0
       0
       0
       0
       0
       0
       0
       0
       0
       0
       0
       0
       0
       0
       0
       0
       0
       0
       0
       0
       0
       0
       0
       0
       0
       0
       0
       1
       1
       0
       0
       0
       2
       0
       0
       0
       0
       1
       0
       1
       0
       1
       0
       0
       0
       1
       0
       0
       0
       0
       0
       0
       0
       0
       0
       0
       0
       0
       2
       0
       0
       0
       0
       0
       0
       0
       0
       0
       0
       0
       0
       0
       0
       0
       0
       0
       0
       1
       0
       0
       1
       0
       0
       1
       0
       0
       0
       0
       0
       0
       0
       0
       0
       0
       0
       1
       0
       0
       0
       1
       0
       1
       0
       0
       0
       0
       0
       0
       0
       0
       0
       1
       0
       0
       0
       0
       0
       0
       1
       0
       0
       0
       0
       1
       0
       0
       1
       0
       0
       0
       0
       0
       0
       0
       0
       0
       0
       0
       0
       0
       0
       0
       0
       0
       0
       0
       0
       0
       0
       1
       0
       0
       0
       0
       1
       0
       0
       0
       0
       0
       0
       0
       0
       0
       0
       0
       0
       0
       0
       0
       0
       0
       0
       0
       0
       0
       0
       0
       0
       0
       0
       0
       0
       0
       0
       0
       0
       0
       0
       0
       0
       0
       0
       0
       0
       0
       0
       0
       0
       0
       0
       0
       0
       0
       0
       0
       0
       0
       0
       0
       0
       0
       0
       0
       0
       0
       0
       0
       0
       0
       0
       0
       0
       0
       0
       0
       0
       0
       0
       0
       0
       0
       0
       0
       0
       0
       0
       0
       0
       0
       0
       0
       0
       0
       0
       0
       0
       0
       0
       0
       0
       0
       0
       0
       0
       0
       0
       0
       0
       0
       0
       0
       0
       0
       0
       0
       0
       0
       0
       0
       0
       0
       0
       0
       0
       0
       0
       0
       0
       0
       0
       0
       0
       0
       0
       0
       0
       0
       0
       0
       0
       0
       0
       0
       0
       0
       0
       0
       0
       0
       0
       0
       0
       0
       0
       0
       0
       0
       0
       0
       0
       0
       0
       0
       0
       0
       0
       0
       0
       0
       0
       0
       0
       0
       0
       0
       0
       0
       0
       0
       0
       0
       0
       0
       0
       0
       0
       0
       0
       0
       0
       0
       0
       0
       0
       0
       0
       0
       0
       0
$ROI:
0
$PRESETS:
None
0
0
$ENER_FIT:
-0.479377 0.397317
$MCA_CAL:
3
-4.793768E-001 3.973171E-001 -2.936620E-009 keV
$SHAPE_CAL:
3
2.913355E+000 2.829383E-003 4.133060E-008
