$SPEC_ID:
Pulser
$SPEC_REM:
DET# 2
DETDESC# DETECTOR 2
AP# GammaVision Version 7.01.03
$DATE_MEA:
04/26/2017 23:45:39
$MEAS_TIM:
44060 44067
$DATA:
0 8191
       0
       0
       0
       0
       0
       0
       0
       0
       0
       0
       0
       0
       0
       0
       0
       0
       0
       0
       0
       0
       0
       0
       0
      20
    3454
    7284
     970
     628
     482
     500
     566
     740
    1096
    1263
    1086
     834
     737
     680
     699
     872
    1113
    1167
    1075
     835
     650
     625
     627
     630
     736
     705
     709
     641
     637
     626
     559
     581
     568
     586
     576
     702
     749
     806
     731
     706
     699
     712
     697
     710
     693
     664
     669
     651
     678
     595
     640
     643
     649
     563
     558
     564
     562
     529
     548
     504
     472
     448
     490
     484
     479
     425
     385
     417
     391
     368
     389
     368
     331
     351
     328
     301
     314
     284
     297
     275
     278
     292
     266
     290
     297
     246
     251
     216
     194
     234
     215
     204
     261
     311
     303
     238
     251
     220
     190
     196
     195
     184
     197
     227
     200
     217
     218
     214
     247
     313
     364
     485
     463
     359
     276
     264
     258
     237
     233
     231
     247
     234
     220
     234
     232
     255
     256
     245
     253
     248
     258
     239
     251
     281
     338
     473
     561
     494
     376
     269
     298
     263
     278
     295
     319
     388
     530
     580
     485
     342
     277
     296
     274
     292
     272
     224
     276
     284
     359
     472
     550
     478
     430
     439
     580
     739
     683
     584
     340
     285
     289
     256
     247
     249
     234
     230
     237
     241
     248
     236
     261
     230
     240
     240
     241
     241
     239
     301
     366
     458
     433
     451
     391
     327
     286
     288
     319
     309
     280
     267
     233
     259
     280
     228
     243
     239
     241
     296
     434
     520
     574
     550
     427
     310
     267
     255
     264
     228
     241
     245
     242
     245
     229
     217
     238
     256
     232
     258
     254
     241
     249
     213
     223
     236
     229
     250
     247
     218
     233
     234
     230
     215
     253
     232
     241
     221
     239
     212
     233
     237
     202
     248
     216
     232
     227
     251
     244
     262
     227
     258
     263
     243
     250
     221
     253
     217
     227
     200
     212
     239
     230
     192
     229
     226
     208
     216
     248
     233
     215
     230
     277
     332
     720
    1376
    2068
    2126
    1583
     873
     376
     251
     245
     183
     202
     246
     394
     872
    1716
    2303
    2314
    1641
     897
     418
     204
     196
     208
     180
     186
     208
     186
     162
     193
     204
     177
     201
     179
     189
     187
     191
     245
     282
     370
     380
     401
     294
     235
     196
     206
     204
     295
     293
     298
     250
     210
     207
     192
     211
     214
     209
     216
     215
     222
     205
     177
     193
     181
     190
     215
     163
     170
     177
     188
     183
     190
     203
     164
     208
     175
     196
     187
     184
     178
     188
     175
     171
     191
     202
     189
     200
     184
     209
     167
     183
     198
     186
     171
     177
     183
     170
     185
     193
     193
     196
     181
     158
     213
     197
     207
     238
     199
     219
     206
     161
     200
     182
     172
     170
     187
     176
     187
     181
     161
     166
     193
     195
     198
     220
     202
     215
     192
     179
     212
     214
     200
     204
     214
     198
     209
     195
     234
     227
     227
     188
     188
     230
     201
     214
     203
     214
     198
     211
     195
     190
     197
     180
     194
     195
     216
     189
     198
     210
     215
     224
     243
     249
     303
     329
     306
     259
     230
     203
     203
     190
     206
     207
     193
     218
     208
     238
     201
     201
     169
     200
     196
     186
     187
     206
     191
     216
     222
     189
     209
     255
     223
     220
     271
     253
     326
     313
     254
     235
     215
     229
     233
     208
     185
     202
     210
     203
     178
     204
     195
     183
     222
     177
     209
     200
     212
     217
     198
     192
     172
     192
     180
     180
     192
     195
     188
     202
     184
     181
     235
     221
     201
     178
     188
     221
     214
     225
     201
     199
     199
     190
     225
     196
     184
     204
     207
     201
     195
     211
     207
     181
     180
     189
     202
     191
     202
     196
     179
     198
     179
     209
     204
     188
     193
     180
     162
     197
     173
     191
     194
     174
     199
     190
     200
     182
     191
     189
     160
     176
     208
     179
     164
     176
     185
     177
     182
     192
     157
     224
     187
     173
     175
     194
     181
     197
     199
     200
     222
     203
     223
     208
     193
     177
     195
     175
     181
     154
     188
     183
     178
     162
     180
     205
     188
     178
     196
     193
     205
     187
     199
     164
     175
     176
     185
     197
     152
     181
     185
     192
     176
     183
     187
     193
     172
     214
     200
     186
     175
     202
     171
     171
     164
     201
     154
     158
     181
     158
     166
     199
     184
     160
     170
     165
     153
     173
     171
     168
     169
     199
     181
     166
     194
     160
     194
     184
     149
     167
     157
     171
     181
     160
     159
     139
     144
     183
     158
     184
     170
     165
     147
     176
     163
     161
     150
     192
     184
     175
     169
     184
     179
     160
     157
     161
     178
     188
     162
     176
     151
     181
     152
     167
     187
     169
     151
     166
     181
     167
     165
     172
     172
     188
     173
     152
     186
     150
     152
     145
     163
     163
     187
     166
     156
     126
     158
     153
     172
     163
     146
     168
     165
     167
     156
     161
     144
     166
     166
     168
     168
     175
     172
     162
     163
     159
     170
     172
     176
     187
     144
     157
     177
     184
     174
     145
     182
     175
     151
     157
     169
     174
     177
     175
     172
     154
     169
     158
     160
     167
     175
     164
     194
     183
     174
     156
     184
     172
     148
     182
     173
     157
     196
     176
     187
     184
     167
     146
     149
     157
     185
     151
     169
     164
     167
     137
     178
     171
     175
     165
     187
     182
     179
     158
     182
     180
     185
     172
     165
     156
     156
     168
     183
     175
     160
     177
     175
     210
     168
     157
     203
     205
     201
     176
     180
     190
     167
     189
     195
     169
     177
     166
     169
     176
     189
     176
     173
     156
     148
     142
     160
     157
     202
     188
     194
     187
     217
     198
     179
     183
     177
     154
     168
     153
     156
     182
     151
     156
     154
     139
     154
     146
     132
     140
     156
     141
     133
     143
     129
     127
     124
     139
     125
     128
     132
     128
     117
     133
     155
     129
     124
     116
     123
     132
     151
     156
     162
     169
     146
     131
     134
     139
     129
     129
     123
     134
     136
     117
     127
     134
     141
     130
     138
     126
     109
     128
     123
     114
     128
     100
     129
     140
     117
     123
     141
     118
     128
     128
     109
     125
     114
     114
     110
     121
     120
     125
     113
     108
     103
     104
     109
     129
      97
     126
     109
     120
     116
     118
     109
     113
     106
     115
      92
     103
     107
     113
     127
     114
     118
     115
     114
     104
     110
     115
     107
      85
     102
     117
     126
     113
     106
      95
     115
     120
     111
     108
      95
      94
     103
      95
      98
     114
     115
      93
     103
     101
     102
     111
     108
     102
     103
     104
     105
     116
      99
     103
      85
      99
     100
      99
     110
     103
      80
      91
      91
      88
      96
      99
     100
      95
     108
      99
     103
      97
     101
     102
      73
      94
      95
      91
      91
     115
     114
      97
     116
      92
     110
      92
      74
      95
      94
     111
      94
      98
      86
     116
      81
      87
      85
      83
      87
      96
      96
     103
      84
      84
      88
      93
      95
      91
      86
      81
      99
      95
      93
      80
      93
     116
     100
      88
     106
      85
      74
      96
      83
      77
      92
      96
      81
      94
      88
      91
     104
      75
      77
      82
      91
      88
     106
      80
      88
     101
      86
     102
      95
      88
      88
      85
      73
      96
      95
      93
      84
      88
      94
      87
      89
      84
      93
      80
      79
      96
      84
      83
      84
     108
      89
      97
      87
     110
      93
     105
      81
      74
      87
      90
      83
      89
      81
      65
     101
      95
      99
      75
      98
      82
      75
     100
      89
      88
      92
      82
      94
      90
      84
      84
      78
     106
      79
      88
      84
      99
      92
      77
      82
      80
      79
      78
      79
      84
      77
      82
      81
      76
      81
      93
      97
      79
      85
     101
      97
      79
      93
      86
      92
      83
      79
      93
      77
      86
      68
      66
      79
      67
      89
      84
      99
      66
     105
      79
      84
      82
      83
      81
     100
      79
      82
      66
      82
      87
      87
      84
      68
      86
      83
      90
      88
      89
      87
      63
     108
      85
     110
      65
      64
      96
     108
      84
      77
      83
      99
      77
      81
      80
      95
      83
      80
      72
      85
      73
      78
      95
      74
      77
     111
      88
      98
      90
      81
      77
      74
      85
      88
      94
      94
      86
      87
      72
      70
      73
      85
      81
      75
      66
      96
      79
      73
      94
      85
      79
      67
      72
      94
      86
      96
      84
      72
      81
      98
      90
      89
      93
      86
      90
      85
      95
      94
      99
      95
      99
     103
      99
      88
      93
      88
      97
     101
      97
      83
      88
     109
     134
     144
     185
     209
     300
     386
     571
     734
     883
    1131
    1489
    1842
    2017
    2231
    2518
    2428
    2284
    2072
    1818
    1499
    1177
     922
     722
     465
     344
     274
     210
     156
     139
     106
     109
      92
      70
      93
      84
      76
      73
      84
      93
      61
      87
      93
      65
      64
      82
      81
      75
      64
      82
      89
      77
      69
      82
      65
      74
      68
      85
      82
     100
      76
      79
      79
      81
      80
      90
      82
      71
      76
      67
      82
      92
      70
      80
      79
      64
      88
      92
      86
      75
      73
      76
      80
      77
      85
      82
      73
      82
      71
      86
      80
      87
      90
      72
      75
      92
      67
      74
      78
      82
      79
      86
      74
      76
      80
      98
      96
      80
      82
      81
      93
      98
      90
      83
      79
      84
      77
      97
      81
     100
      74
      63
      76
      94
      86
      84
      83
      87
      99
      91
      98
      85
      81
      80
      96
      83
      78
      81
      86
      79
      80
      86
      91
      96
      81
      82
      75
      78
      88
      79
      77
      96
      84
      82
      73
      81
      86
      98
      98
      87
      74
      83
      93
      94
      96
      80
      84
      88
      85
      95
      80
      82
     103
      99
      84
      85
      92
      74
      86
      98
      91
      64
      95
      99
      95
      92
      90
      65
      83
      99
      90
     105
      81
      91
      99
      92
      89
     103
      98
     105
      96
      98
      84
      84
     102
      89
     102
     101
      91
      70
     101
      78
     101
      90
      89
     100
      85
     106
      91
      78
      72
     103
      81
      84
     107
      86
     110
     127
     140
     135
     143
     134
     129
     111
     108
     104
     110
     105
      90
      97
     103
      97
     106
     103
      99
      93
     101
     119
      99
     101
     110
      98
      90
      98
     106
      98
      89
      93
      84
      96
     105
     122
     139
     116
     107
     125
     122
     101
      96
      74
      91
      91
     100
      99
      97
     103
      81
      87
      99
      93
      77
      93
      79
      64
      63
      74
      83
      74
      73
      91
      87
      76
      80
      88
      78
      72
      76
      69
      79
      73
      78
      69
      68
      68
      64
      56
      72
      69
      66
      60
      67
      69
      61
      83
      83
      68
      79
      68
      60
      49
      70
      72
      57
      73
      84
      62
      66
      69
      68
      69
      80
      94
      91
      92
     106
      93
      94
     103
      95
      97
      77
      82
      67
      71
      74
      64
      74
      79
      68
      63
      80
      51
      63
      70
      51
      55
      58
      71
      48
      67
      61
      61
      60
      59
      61
      65
      53
      50
      59
      72
      54
      54
      39
      68
      64
      55
      60
      57
      50
      59
      57
      57
      67
      60
      59
      60
      56
      53
      54
      60
      60
      50
      54
      55
      53
      46
      45
      72
      38
      41
      57
      49
      55
      47
      62
      54
      47
      55
      41
      44
      68
      48
      54
      58
      52
      55
      54
      53
      53
      56
      36
      63
      50
      44
      47
      47
      38
      44
      61
      49
      60
      51
      65
      51
      44
      41
      54
      50
      55
      49
      56
      54
      49
      62
      44
      70
      59
      49
      37
      50
      57
      47
      62
      53
      42
      46
      43
      55
      45
      67
      50
      48
      59
      39
      48
      50
      60
      42
      54
      58
      50
      47
      46
      46
      49
      55
      52
      52
      46
      53
      49
      52
      50
      43
      39
      45
      61
      42
      39
      44
      48
      39
      45
      44
      38
      45
      49
      51
      39
      52
      50
      36
      38
      41
      35
      60
      44
      46
      56
      51
      46
      51
      59
      41
      55
      40
      33
      45
      30
      36
      37
      38
      38
      52
      46
      38
      36
      51
      42
      42
      37
      35
      56
      48
      43
      56
      40
      51
      48
      34
      31
      44
      42
      40
      34
      39
      38
      35
      36
      33
      36
      34
      36
      41
      33
      49
      40
      38
      38
      32
      34
      39
      39
      43
      34
      39
      33
      36
      50
      41
      44
      52
      32
      40
      34
      29
      44
      20
      46
      39
      27
      34
      36
      32
      46
      35
      44
      36
      41
      33
      44
      29
      41
      35
      42
      37
      38
      45
      49
      29
      32
      37
      38
      43
      43
      39
      33
      46
      30
      32
      47
      39
      24
      29
      49
      37
      31
      40
      32
      37
      35
      30
      37
      40
      39
      32
      29
      35
      23
      42
      30
      36
      37
      47
      38
      29
      28
      45
      39
      32
      40
      25
      37
      37
      31
      55
      31
      23
      40
      37
      42
      28
      32
      38
      38
      34
      39
      33
      36
      31
      34
      35
      33
      47
      26
      41
      34
      41
      40
      51
      36
      38
      22
      30
      28
      33
      27
      39
      36
      34
      35
      39
      40
      45
      30
      34
      24
      33
      32
      36
      35
      32
      30
      40
      33
      42
      25
      37
      25
      31
      36
      35
      23
      45
      35
      40
      43
      28
      38
      37
      41
      29
      37
      41
      44
      28
      33
      43
      39
      28
      29
      36
      33
      30
      35
      29
      51
      37
      28
      31
      36
      49
      36
      31
      28
      30
      31
      36
      38
      29
      38
      41
      24
      40
      28
      37
      53
      39
      46
      39
      42
      40
      43
      38
      44
      39
      50
      70
      82
     146
     193
     260
     336
     536
     653
     884
    1103
    1382
    1638
    1899
    1912
    1947
    1846
    1638
    1218
     820
     557
     371
     235
     130
      77
      55
      28
      36
      27
      30
      33
      27
      30
      34
      31
      32
      33
      29
      23
      30
      36
      25
      26
      24
      29
      32
      27
      40
      34
      36
      36
      27
      28
      32
      23
      30
      30
      28
      26
      31
      34
      35
      27
      39
      45
      37
      44
      32
      44
      35
      33
      35
      27
      34
      44
      32
      31
      35
      31
      39
      37
      41
      31
      32
      40
      40
      31
      22
      46
      24
      36
      35
      23
      27
      35
      38
      30
      40
      36
      36
      44
      51
      40
      42
      40
      46
      50
      38
      42
      47
      43
      39
      39
      33
      26
      33
      35
      27
      37
      23
      30
      31
      35
      29
      26
      27
      27
      24
      20
      29
      25
      30
      27
      31
      33
      34
      39
      26
      31
      32
      32
      33
      49
      31
      38
      49
      42
      47
      31
      39
      40
      32
      43
      24
      33
      36
      54
      43
      35
      45
      39
      33
      38
      29
      38
      38
      33
      33
      27
      29
      25
      32
      34
      27
      35
      25
      20
      29
      32
      14
      34
      36
      28
      34
      32
      27
      35
      30
      32
      29
      32
      28
      29
      43
      35
      26
      22
      28
      34
      32
      39
      30
      24
      21
      38
      25
      36
      29
      23
      26
      34
      28
      33
      30
      32
      40
      27
      27
      29
      37
      24
      27
      33
      20
      27
      26
      29
      35
      25
      31
      38
      30
      36
      33
      28
      31
      31
      33
      25
      20
      39
      20
      23
      33
      31
      31
      26
      29
      24
      26
      28
      31
      35
      21
      31
      30
      31
      41
      32
      40
      37
      40
      47
      35
      36
      38
      40
      46
      36
      27
      28
      36
      37
      32
      31
      25
      36
      27
      29
      37
      37
      36
      27
      26
      26
      24
      31
      28
      43
      35
      24
      18
      30
      24
      36
      29
      27
      36
      34
      24
      28
      25
      23
      31
      33
      31
      28
      36
      32
      30
      23
      35
      34
      29
      25
      28
      31
      29
      29
      38
      22
      31
      23
      27
      27
      35
      26
      34
      32
      40
      43
      33
      25
      36
      32
      35
      32
      37
      32
      27
      33
      32
      17
      29
      43
      29
      32
      26
      25
      34
      27
      32
      29
      42
      34
      27
      31
      36
      27
      26
      25
      34
      32
      31
      23
      26
      25
      17
      25
      31
      39
      34
      34
      27
      28
      25
      24
      28
      26
      31
      26
      25
      27
      40
      40
      30
      31
      35
      24
      33
      32
      34
      27
      31
      28
      24
      33
      35
      26
      30
      28
      16
      27
      29
      22
      32
      40
      29
      42
      32
      33
      27
      36
      37
      23
      33
      28
      42
      26
      34
      34
      29
      31
      40
      33
      34
      27
      36
      34
      27
      26
      27
      24
      19
      26
      35
      31
      35
      18
      31
      30
      28
      27
      39
      31
      21
      25
      27
      33
      35
      27
      39
      44
      28
      27
      33
      27
      30
      35
      30
      30
      22
      24
      21
      29
      28
      31
      37
      30
      28
      30
      37
      23
      30
      41
      26
      18
      38
      21
      28
      24
      32
      26
      27
      28
      30
      35
      20
      35
      41
      32
      30
      28
      14
      33
      24
      38
      19
      34
      27
      31
      30
      26
      30
      31
      43
      25
      21
      36
      30
      31
      29
      24
      20
      35
      28
      36
      25
      16
      37
      38
      34
      28
      27
      36
      29
      23
      44
      30
      21
      29
      24
      31
      35
      39
      23
      30
      36
      29
      36
      39
      28
      28
      28
      22
      25
      31
      31
      43
      22
      32
      36
      20
      39
      27
      28
      37
      38
      41
      30
      32
      25
      27
      36
      32
      28
      30
      27
      37
      25
      32
      34
      24
      31
      29
      20
      26
      28
      33
      22
      28
      23
      30
      30
      40
      32
      38
      27
      36
      28
      26
      30
      35
      26
      20
      24
      26
      32
      33
      36
      30
      29
      47
      28
      38
      25
      37
      43
      32
      31
      33
      29
      36
      43
      25
      36
      23
      28
      27
      31
      33
      28
      28
      24
      30
      34
      31
      30
      39
      30
      30
      27
      29
      33
      34
      31
      37
      26
      34
      34
      34
      30
      18
      31
      29
      35
      38
      32
      40
      26
      34
      38
      25
      27
      32
      30
      31
      27
      35
      27
      28
      27
      30
      33
      28
      25
      36
      26
      19
      26
      33
      44
      34
      46
      19
      34
      33
      30
      30
      28
      33
      38
      42
      45
      23
      41
      30
      35
      33
      38
      28
      38
      31
      37
      34
      40
      23
      28
      36
      23
      35
      38
      35
      28
      28
      37
      38
      34
      31
      31
      26
      31
      48
      30
      31
      31
      32
      32
      33
      22
      29
      45
      31
      40
      41
      38
      30
      38
      33
      50
      26
      39
      44
      37
      44
      40
      30
      34
      40
      42
      33
      38
      41
      35
      34
      41
      39
      34
      32
      32
      38
      43
      30
      31
      37
      34
      32
      26
      36
      28
      29
      38
      34
      33
      37
      22
      31
      38
      41
      31
      30
      35
      43
      38
      41
      28
      31
      25
      37
      46
      28
      47
      17
      33
      45
      43
      27
      42
      39
      33
      40
      39
      46
      50
      47
      43
      43
      27
      37
      31
      34
      32
      38
      28
      42
      40
      36
      39
      41
      26
      28
      31
      34
      32
      38
      26
      39
      30
      38
      32
      45
      41
      36
      43
      26
      41
      30
      43
      33
      37
      46
      30
      41
      38
      37
      39
      49
      35
      36
      37
      48
      38
      34
      38
      45
      32
      36
      47
      42
      38
      35
      35
      44
      33
      40
      39
      37
      46
      50
      42
      32
      48
      47
      44
      26
      40
      39
      34
      41
      30
      27
      45
      45
      35
      38
      39
      42
      37
      50
      30
      29
      44
      36
      27
      27
      35
      32
      32
      40
      40
      38
      34
      31
      33
      33
      26
      46
      28
      36
      37
      33
      40
      31
      40
      42
      36
      26
      30
      32
      27
      26
      41
      37
      41
      23
      24
      24
      26
      25
      36
      36
      33
      29
      25
      29
      22
      27
      24
      28
      30
      44
      33
      36
      30
      39
      25
      36
      36
      28
      41
      27
      29
      15
      25
      24
      35
      32
      31
      21
      26
      29
      22
      27
      25
      34
      24
      24
      29
      21
      27
      31
      23
      23
      18
      29
      29
      30
      19
      19
      22
      21
      30
      21
      27
      23
      26
      24
      26
      23
      23
      32
      25
      30
      43
      18
      23
      24
      30
      35
      10
      36
      29
      29
      25
      27
      18
      26
      27
      29
      26
      28
      28
      22
      21
      30
      25
      29
      27
      22
      24
      26
      27
      44
      26
      29
      28
      29
      23
      25
      28
      19
      26
      24
      32
      28
      23
      27
      28
      28
      20
      25
      27
      28
      21
      18
      25
      22
      24
      24
      26
      15
      25
      25
      16
      32
      22
      28
      26
      17
      20
      39
      30
      17
      27
      21
      23
      16
      26
      15
      21
      29
      32
      38
      13
      17
      20
      17
      26
      21
      26
      24
      22
      23
      24
      28
      30
      12
      17
      18
      26
      24
      27
      24
      27
      29
      16
      33
      15
      25
      23
      21
      19
      24
      28
      31
      26
      23
      20
      24
      27
      25
      25
      10
      16
      28
      20
      22
      15
      17
      22
      13
      22
      20
      20
      20
      35
      17
      14
      14
      15
      17
      15
      25
      13
      15
      18
      16
      24
      29
      13
      21
      26
      25
      22
      20
      22
      18
      22
      19
      12
      22
      16
      22
      17
      24
      15
      10
      13
      30
      16
      10
      19
      25
      20
      15
      17
      15
      17
      14
      21
      15
      15
      12
      11
      15
      13
      14
      19
      12
      15
      16
      14
      17
      14
      23
      21
      13
      18
      23
      23
      10
      17
      12
      22
      21
      13
      19
      18
      15
      14
      14
      17
      11
       9
      16
      16
      13
      11
      15
      29
      17
      20
      14
      22
      18
      18
      14
      24
      17
       8
      11
      25
      24
      16
      12
      12
      12
      11
      13
      19
      13
      17
      17
      13
      19
      20
      21
      24
      17
      20
      18
      14
      24
       9
      20
      27
      19
      21
      20
      18
      22
      15
      11
      23
      18
       8
      16
      10
      23
      15
      17
      10
      17
       9
      18
      15
       4
      12
      22
      17
      14
       9
      15
      17
      15
       9
      19
      11
      10
      18
      22
      18
      15
       9
      19
       9
      15
      17
      12
      13
      20
      11
      19
      18
      17
      20
      17
      20
      18
      20
      21
      27
      22
      29
      33
      34
      23
      30
      39
      38
      28
      29
      32
      19
      29
      29
      19
      15
      22
      16
      21
      17
      21
      18
      14
      10
      16
      23
      14
      19
      13
      19
      17
      16
      12
       7
      16
      14
      15
      14
      18
      10
      18
      17
      17
      16
       7
      11
      18
      13
      13
      13
      13
      14
       9
      17
      17
      13
       9
      14
      16
      10
      17
      23
      14
      17
      15
      17
      15
      17
      12
      17
       9
      17
      19
      14
      18
      11
      16
      14
      15
      13
      17
      10
      14
      12
       9
      15
      11
      20
      16
      19
      21
      13
       8
      17
      17
      14
      12
      17
      10
      20
      20
      10
      12
      13
      15
      17
      15
      17
       6
       8
      18
      13
      13
      16
      12
      20
      12
      16
      21
      15
      12
      15
      18
      18
      23
      18
      22
      27
      35
      21
      33
      50
      47
      61
      72
      82
     102
     120
     144
     158
     204
     242
     284
     357
     364
     411
     430
     452
     501
     514
     514
     509
     474
     476
     339
     267
     212
     157
     113
     105
      76
      65
      50
      41
      30
      21
      16
      12
      16
      17
      16
      14
      10
       7
      12
      14
      11
      18
       9
      12
      12
      15
       9
      14
      16
      13
      15
      17
      14
       7
      11
      13
      12
      12
      15
      17
      16
      14
      17
      24
      13
      17
      11
      10
      13
       5
      11
      14
      16
      17
      12
      10
      12
      17
      14
      22
      16
      18
      11
      21
      12
      11
      22
      13
      15
      20
      22
      16
      22
      19
      24
      22
      19
      17
      13
      16
      10
      20
      17
      14
      15
      11
      12
       8
      10
      16
      11
      16
      12
       8
       8
      13
      13
      15
      13
      15
      13
      21
      13
      16
      15
      11
      11
      12
      15
      15
      14
      16
      15
      13
      21
      14
       7
      19
      22
      14
      15
      14
      11
       7
      19
       7
      11
       8
      12
       8
      19
      11
      14
      10
      13
      11
       9
      12
      12
      14
       6
      14
      11
      11
      18
      11
      12
      10
       8
      12
      14
       9
       9
      13
      14
      19
      14
      12
       9
       9
      15
       8
      17
      11
      11
      15
      11
      14
       7
      12
       9
       9
       9
      11
      16
      14
       7
      13
      10
      16
       9
      18
      12
      17
      18
      11
      10
      19
       8
      10
      16
      17
      16
      17
      14
      21
      11
      15
      18
      15
      24
      15
      29
      23
      24
      14
      26
      20
      17
      20
      19
      14
      16
      12
       9
      16
      13
      17
      15
      14
      10
       6
      12
      16
      14
      15
       8
      19
      17
       9
      17
      12
      10
       8
      13
      11
      11
      15
       9
      14
      16
      14
       9
      15
       9
       9
      12
      12
      14
      18
      15
      17
       9
      12
      13
      13
      11
      17
      14
      17
      16
      18
      12
       9
      13
      12
      15
       8
      15
      11
       6
      14
      10
      12
      14
      11
      15
      13
      20
      14
      14
      15
      14
      16
       9
      14
      12
      10
      19
      13
      11
      18
      15
      12
      16
      14
      20
      12
      22
      16
      11
      13
      19
      17
      16
      21
      15
      23
      21
      23
      24
      17
      31
      17
      19
      29
      18
      23
      26
      16
      15
      16
      13
      10
       6
      13
      21
      11
      11
      17
      11
      11
      12
      12
      12
      12
      11
      12
      12
       9
      11
      15
       8
      11
      10
      12
      11
       7
      10
      10
       9
      14
       9
      12
      17
      15
      10
      14
      17
      11
      12
      15
      10
      14
       9
      19
      13
      10
      10
      11
      15
      13
      11
      15
      11
      16
      14
      17
      13
      10
      18
       9
      13
       8
       8
       9
      16
       5
       8
      11
      10
      12
      12
       7
      11
       9
       6
      11
       7
      10
      11
       9
      12
       7
      10
       8
      12
       9
      11
      12
       8
      12
       8
      15
      18
      15
       8
       9
      13
      12
      12
      11
      15
      12
      11
      14
      13
       9
      12
      11
      17
      12
      11
      20
      13
      19
      14
       4
      15
      13
      11
      12
      11
      14
      13
      14
      13
      15
       8
      16
       9
       8
      13
      12
      13
       9
      10
       9
      13
      11
      11
       6
      14
      14
      10
      11
       9
      12
      13
      13
       7
      13
      10
      12
      14
      13
      10
      13
       9
       6
      11
      16
      13
       9
      14
       9
      13
       9
       8
      11
       7
       7
      16
       9
      15
      11
      19
       9
      12
      11
       7
       3
       8
      16
       7
       7
      12
       7
       8
      11
      10
      16
      10
      12
       8
      10
       8
       5
       8
      13
       9
      12
      10
      11
       9
      17
      12
      12
       6
       7
       7
       9
      11
       4
      14
      15
      12
      17
      14
      12
      15
      14
      11
      19
      14
      14
      16
      14
       9
      15
      11
      13
      13
      12
      10
      10
       9
       8
       9
       8
      15
      10
       8
      10
      10
      11
      13
       6
       4
       9
       7
      14
      13
      11
       5
      10
       8
      12
       8
      12
      14
      15
      11
       8
      11
      11
      11
      14
       8
      16
       7
      10
       9
      16
      14
      11
      14
      10
       8
       9
       9
       9
       9
       9
      12
      12
      13
      10
      11
      12
      11
      15
       8
      11
      10
       6
       7
      10
      12
      14
      12
       9
       4
      10
       7
      12
       9
      17
       4
       6
       9
       8
      14
      12
      10
       8
       9
      10
      13
      15
      13
      13
      19
      13
      12
      10
       7
      11
       9
       3
      13
      11
      16
       8
       7
      15
       8
      14
       9
      10
      17
      14
       9
       5
      13
       8
       7
       8
      14
      14
      13
       7
      11
       8
       9
       4
      12
       6
      20
      11
      11
      11
       8
       9
      11
      10
      13
      12
      17
       7
      10
       8
      12
      18
       9
      12
       6
      12
      11
       6
       9
       8
      13
       8
      10
       8
      14
      16
       8
       7
      11
      16
       9
      10
      10
       9
      14
      20
      10
      11
      10
      10
      12
      11
      12
       6
       7
      13
       6
       9
      13
      13
      10
       9
      15
       8
       5
      20
      13
      12
      13
      18
       9
      13
       8
      13
       9
      16
       9
      16
      12
      11
       9
      11
       4
       8
      11
      11
      10
       8
      19
      11
      10
       9
      10
       5
       8
       8
       8
      10
      11
      13
      11
       4
      11
      15
       7
      11
       9
       9
      10
       9
      17
      11
       8
       9
       7
       9
      11
      11
       7
      14
      10
      11
      10
      12
       9
      10
      12
      14
      13
       7
       9
       6
      13
       6
       9
      10
       8
      14
      10
       9
      14
      10
      11
      12
      11
      10
       7
       7
      11
      11
       8
       9
      11
      15
       6
      12
       5
      11
       7
      13
       9
       7
      10
      14
      11
      10
       9
       6
       5
       7
       8
      10
      11
      15
       6
       7
      17
       6
       8
      10
       9
       6
       6
      12
       5
       8
       7
       9
      11
      10
       8
      10
       4
       4
      14
       9
       5
       6
       7
      12
      12
       6
       7
      11
       4
       5
       8
       8
       9
      10
      11
       7
       8
       8
       1
      13
       9
       4
       8
       5
       6
       7
       8
       9
      13
       8
       9
      10
       3
      11
       7
       7
      12
      11
       5
       8
       2
       4
       8
      13
       3
       4
       3
       9
      13
       7
       8
       3
       7
      10
       6
       6
      11
       6
       8
       8
      16
      16
       9
       9
       6
       9
      14
      12
      14
      16
      20
      19
      28
      22
      22
      28
      45
      25
      34
      33
      43
      28
      31
      43
      33
      37
      31
      36
      25
      13
      11
      17
      13
       8
       8
       8
       9
      19
      10
       9
       6
       5
       4
      13
       8
       8
       8
      10
       4
       7
       3
       8
      12
       2
       7
       6
      14
       6
       7
      10
       8
       5
       5
       9
       7
       5
       5
       5
       7
       6
       6
       3
       7
      10
       6
       8
       8
       4
       3
       4
       5
       9
       6
       9
       8
       2
       4
      10
       6
       3
       4
       9
       5
       6
       2
       6
       2
       7
       5
       5
       5
       5
       2
       5
       4
       3
       4
       3
       3
       8
       3
       6
       3
       4
       3
       7
       1
       7
       9
       6
       3
       4
       7
       4
       7
       5
       7
       5
       4
       9
       8
       6
       9
       7
      10
       7
       9
       4
       6
       3
       4
       4
       5
       6
       6
       5
       7
       2
       7
       3
       4
       4
       8
       5
       4
       3
       7
       4
      10
       5
       6
       6
       6
       7
       7
       4
       4
       4
       7
       4
       7
       6
       2
       7
       3
       6
       4
       6
       3
       8
       4
       5
       5
       2
       5
       4
      13
       2
       4
       4
       6
       5
       3
       4
       5
       0
       5
       4
       9
       7
       5
       5
       9
       5
       5
       3
       5
       6
       4
       4
       2
       4
       2
       3
       3
       6
       6
       7
       3
       6
       5
       3
       3
       2
       4
       9
       6
       6
       8
       3
       6
       4
       6
       5
       5
       4
       6
       4
       5
       6
       5
       4
       2
       5
       5
       2
       3
       0
       6
       5
       5
       4
       6
       3
       4
       8
       6
       2
       5
       6
       5
       2
       5
       2
       6
       4
       4
       9
       3
       3
       4
       5
       3
       8
       4
       4
       5
       1
       4
       3
       3
       4
       8
       3
       5
       3
       4
       4
       4
       2
       9
       4
       5
       8
       4
       4
       6
       5
      10
       5
       7
       3
       8
       4
       3
       3
       6
       3
       4
       7
       6
      10
       9
       6
       8
       2
       2
       7
       3
       5
       4
       6
       4
       7
       6
       4
       2
       8
       8
      11
       5
      10
       8
       5
      10
       6
      14
      12
      14
      15
      14
      18
      13
      29
      19
      15
      18
      25
      25
      21
      14
      18
      24
      23
      19
      20
      18
      21
      18
       8
      20
      11
       3
       5
       8
       8
       8
       4
       7
       1
       6
       6
       3
       2
       5
       5
       6
       7
       6
       4
       1
       3
       2
       4
       6
       7
       6
       3
       2
       4
       6
       2
       4
       3
       8
       6
       4
       5
       3
       3
       4
       7
       4
       2
      10
       5
       6
      13
       4
      10
      10
      12
      18
      19
      22
       9
      15
      22
      29
      28
      41
      42
      48
      45
      48
      51
      57
      64
      50
      66
      68
      69
      62
      57
      61
      48
      42
      34
      25
      25
      23
      17
      19
      11
       5
      11
       7
       4
       4
       5
       6
       8
       6
       7
       5
       5
       4
       1
       2
       2
       4
       4
       7
       4
       6
       6
       6
       5
       5
       2
       2
       3
       6
       5
       6
       4
       4
       3
       6
       4
       4
       4
       4
       3
       5
       2
       6
       4
       6
       4
       3
       3
       7
       1
       3
       5
       2
       1
       4
       1
       4
       4
       3
       3
       5
       5
       2
       2
       2
       3
       6
       6
       2
       5
       8
       2
       3
       2
       3
       4
       5
       5
       4
       0
       7
       3
       7
       7
       2
       6
       2
       1
       5
       6
       5
       6
       1
       0
       4
       1
       3
       5
       5
       1
       6
       7
       7
       6
       2
       3
       4
       3
       5
       2
       5
       6
       5
       1
       2
       5
       4
       2
       3
       5
       2
       2
       2
       7
       4
       0
       8
       2
       2
       2
       5
       1
       3
       7
       1
       2
       2
       7
       4
       3
       8
       4
       5
       5
       4
       2
       3
       6
       2
       5
       3
       4
       3
       2
       2
       3
       2
       3
       5
       5
       1
       6
       1
       1
       2
       4
       3
       4
       3
       5
       4
       1
       7
       3
       4
       1
       2
       1
       1
       8
       6
       3
       3
       5
       5
       2
       2
       4
       3
       1
       5
       5
       3
       3
       4
       3
       5
       5
       4
       9
       4
       0
       1
       3
       4
       3
       4
       4
       1
       4
       1
       5
       4
       6
       3
       4
       7
       5
       2
       5
       5
       7
       1
       6
       6
       7
       5
       0
       0
       3
       5
       4
       4
       3
       4
       3
       4
       2
       3
       3
       2
       2
       6
       6
       3
       8
       1
       3
       3
       4
       1
       0
       9
       3
       1
       4
       3
       5
       3
       2
       3
       7
       7
       5
       0
       3
       0
       1
       5
       1
       2
       1
       4
       2
       6
       4
       3
       6
       6
       1
       3
       1
       2
       2
       4
       1
       2
       1
       6
       3
       4
       3
       2
       2
       5
       6
       1
       2
       3
       6
       3
       2
       6
       2
       2
       3
       3
       0
       2
       3
       5
       5
       5
       6
       1
       5
       2
       3
       3
       3
       3
       3
       6
       1
       1
       6
       0
       2
       2
       2
       4
       7
       4
       1
       4
       5
       2
       5
       2
       6
       2
       4
       5
       1
       1
       2
       8
       4
       4
       3
       5
       6
       8
       5
       5
       4
       3
       3
       5
       8
       2
       4
       8
       4
       4
       4
       1
       0
       6
       2
       4
       2
       3
       3
       2
       2
       4
       4
       5
       4
       4
       4
       3
       3
       3
       1
       2
       2
       5
       3
       4
       4
       5
       4
       1
       5
       1
       3
       1
       3
       3
       8
       4
       1
       7
       3
       7
       3
       3
       5
       5
       6
       7
       3
       2
       1
       3
       1
       3
       4
       1
       1
       2
       7
       2
       6
       1
       2
       2
       3
       3
       3
       3
       2
       3
       4
       8
       2
       0
       2
       1
       3
       5
       3
       3
       2
       3
       4
       3
       3
       1
       2
       1
       1
       4
       2
       6
       1
       7
       7
       3
       6
       2
       3
       5
       3
       4
       3
       6
       5
       3
       5
       3
       1
       7
       4
       2
       2
       3
       6
       3
       1
       6
       3
       4
       4
       1
       6
       2
       4
       1
       1
       1
       2
       1
       2
       2
       7
       3
       2
       3
       5
       5
       4
       4
       5
       5
       2
       3
       3
       3
       2
       3
       0
       1
       3
       1
       3
       0
       6
       3
       4
       6
       4
       1
       8
       3
       3
       6
       4
       3
       2
       2
       3
       3
       2
       3
       3
       3
       7
       1
       4
       4
       3
       3
       2
       3
       3
       3
       4
       6
       0
       6
       8
       1
       3
       4
       4
       7
       2
       3
       3
       6
       4
       0
       1
       3
       2
       4
       3
       2
       7
       2
       1
       2
       4
       5
       5
       4
       1
       1
       0
       3
       1
       2
       3
       3
       4
       1
       0
       5
       2
       0
       1
       3
       2
       3
       1
       4
       3
       5
       3
       4
       5
       3
       2
       1
       3
       8
       3
       5
       4
       6
       5
       2
       3
       2
       2
       7
       4
       3
       0
       4
       3
       2
       5
       4
       2
       3
       7
       3
       3
       2
       3
       6
       6
       4
       2
       3
       1
       3
       4
       3
       1
       3
       4
       2
       2
       3
       6
       5
       2
       2
       3
       2
       1
       4
       2
       5
       3
       3
       1
       2
       4
       4
       2
       2
       8
       5
       4
       5
       5
       2
       4
       3
       4
       2
       4
       1
       3
       3
       1
       4
       4
       2
       3
       1
       4
       4
       2
       2
       5
       7
       4
       4
       3
       4
       3
       2
       3
       1
       3
       3
       3
       7
       4
       0
       5
       3
       2
       2
       3
       3
       5
       3
       5
       6
       3
       3
       3
       3
       2
       5
       6
       4
       5
       6
       1
       2
       1
       1
       4
       6
       2
       4
       2
       4
       3
       6
       2
       2
       8
       4
       5
      10
       3
      12
      13
       4
       8
       5
       9
       6
       8
       3
       9
       8
       9
       7
       5
       5
       5
       3
       1
       2
       3
       3
       2
       5
       9
       7
       6
       4
       4
       2
       4
       6
       2
       1
       3
       1
       2
       2
       3
       6
       4
       3
       2
       2
       1
       4
       2
       1
       1
       3
       2
       4
       4
       1
       0
       3
       8
       4
       5
       5
       4
       1
       2
       2
       1
       3
       3
       1
       3
       0
       5
       2
       2
       5
       2
       2
       1
       4
       3
       3
       4
       1
       4
       3
       2
       0
       3
       7
       2
       3
       1
       3
       2
       4
       4
       3
       3
       5
       1
       2
       2
       3
       4
       3
       1
       1
       3
       3
       3
       0
       5
       2
       2
       3
       2
       3
       3
       1
       1
       3
       2
       5
       2
       1
       4
       2
       2
       3
       1
       3
       1
       3
       4
       0
       2
       4
       3
       3
       5
       2
       4
       4
       5
       6
       3
       2
       7
       2
       1
       3
       4
       8
       6
       0
       4
       1
       4
       1
       2
       3
       2
       4
       2
       2
       2
       2
       5
       4
       5
       1
       4
       3
       4
       4
       1
       6
       4
       3
       2
       2
       2
       2
       4
       3
       1
       2
       6
       4
       0
       2
       2
       2
       3
       5
       3
       2
       3
       1
       2
       2
       3
       5
       3
       5
       1
       1
       2
       0
       2
       3
      10
       4
       1
       2
       3
       5
       4
       1
       2
       2
       3
       2
       0
       3
       0
       5
       1
       3
       3
       4
       4
       2
       2
       1
       2
       2
       5
       4
       1
       1
       2
       2
       2
       1
       1
       4
       1
       5
       1
       2
       1
       2
       4
       5
       3
       4
       5
       4
       5
       1
       3
       2
       2
       4
       2
       1
       2
       1
       3
       3
       1
       4
       0
       3
       1
       0
       7
       0
       2
       4
       2
       2
       6
       3
       2
       4
       6
       4
       4
       6
       2
       4
       0
       2
       3
       2
       4
       1
       3
       0
       3
       2
       4
       1
       2
       4
       3
       3
       3
       4
       2
       0
       5
       2
       3
       1
       4
       2
       4
       2
       1
       5
       2
       4
       5
       0
       3
       6
       4
       3
       1
       3
       6
       6
       1
       4
       4
       5
       2
       3
       2
       2
       5
       4
       2
       4
       2
       0
       2
       1
       0
       2
       6
       2
       2
       0
       1
       2
       3
       1
       1
       2
       1
       1
       4
       3
       2
       2
       3
       4
       3
       2
       9
       1
       1
       2
       2
       1
       3
       3
       3
       2
       2
       5
       4
       6
       1
       2
       2
       1
       4
       4
       6
       3
       4
       5
       2
       0
       4
       4
       1
       1
       5
       3
       2
       3
       2
       0
       2
       3
       5
       2
       6
       1
       4
       3
       4
       2
       0
       3
       4
       3
       2
       4
       2
       2
       6
       2
       3
       3
       2
       1
       3
       0
       4
       2
       3
       5
       0
       3
       3
       4
       1
       1
       1
       2
       2
       1
       4
       2
       1
       2
       5
       3
       2
       0
       5
       1
       5
       3
       1
       0
       4
       6
       1
       2
       3
       4
       3
       1
       1
       3
       3
       7
       4
       5
       3
       4
       1
       2
       4
       4
       3
       3
       2
       2
       5
       3
       3
       2
       0
       1
       3
       4
       0
       3
       4
       3
       3
       3
       4
       3
       4
       1
       2
       5
       1
       2
       3
       3
       0
       3
       4
       2
       2
       2
       0
       4
       2
       6
       2
       0
       3
       1
       4
       7
       1
       0
       3
       5
       3
       2
       4
       5
       2
       3
       3
       1
       0
       2
       2
       4
       3
       4
       0
       3
       4
       5
       6
       2
       5
       2
       1
       3
       3
       5
       3
       2
       0
       2
       1
       3
       5
       4
       2
       4
       1
       3
       2
       7
       4
       5
       1
       4
       6
       5
       2
       2
       2
       0
       3
       3
       5
       4
       4
       5
       1
       2
       3
       3
       1
       0
       4
       2
       3
       4
       2
       5
       1
       3
       2
       2
       4
       1
       1
       4
       1
       1
       1
       1
       1
       1
       3
       2
       2
       4
       0
       1
       1
       0
       1
       6
       3
       5
       1
       3
       3
       7
       2
       1
       1
       2
       4
       3
       3
       2
       1
       2
       4
       4
       1
       4
       1
       1
       1
       1
       1
       2
       4
       4
       5
       3
       4
       4
       6
       3
       0
       3
       1
       2
       3
       1
       0
       2
       2
       2
       6
       0
       4
       1
       3
       2
       2
       0
       5
       3
       3
       2
       1
       2
       1
       4
       4
       3
       3
       5
       1
       3
       2
       0
       1
       0
       3
       3
       2
       1
       2
       2
       0
       3
       1
       4
       4
       3
       4
       4
       2
       5
       1
       3
       3
       1
       4
       1
       2
       2
       0
       1
       2
       3
       1
       1
       3
       3
       6
       1
       2
       1
       3
       1
       3
       5
       5
       3
       4
       7
       2
       1
       0
       4
       2
       5
       6
       0
       3
       0
       2
       0
       4
       3
       4
       3
       3
       3
       3
       5
       3
       2
       3
       1
       2
       3
       5
       1
       4
       2
       5
       2
       3
       4
       5
       4
       4
       4
       5
       1
       1
       0
       3
       2
       2
       2
       0
       4
       2
       5
       0
       1
       4
       1
       1
       2
       4
       2
       1
       4
       0
       5
       0
       4
       2
       3
       3
       2
       0
       3
       1
       2
       0
       1
       1
       0
       4
       0
       3
       0
       2
       1
       2
       5
       3
       2
       2
       2
       0
       1
       1
       3
       2
       1
       3
       4
       3
       2
       0
       4
       2
       2
       2
       2
       2
       2
       0
       1
       5
       4
       0
       3
       2
       2
       2
       2
       1
       3
       2
       1
       2
       1
       2
       3
       3
       1
       1
       2
       0
       2
       6
       4
       4
       1
       1
       2
       3
       4
       2
       1
       2
       1
       2
       4
       2
       1
       5
       0
       2
       4
       3
       3
       1
       1
       4
       1
       1
       4
       1
       2
       6
       1
       1
       7
       0
       1
       2
       2
       3
       1
       3
       3
       4
       2
       3
       3
       1
       1
       2
       3
       2
       1
       7
       2
       3
       0
       3
       2
       2
       2
       3
       1
       3
       5
       3
       3
       2
       4
       2
       2
       3
       1
       3
       6
       3
       5
       3
       2
       2
       4
       3
       4
       3
       2
       2
       4
       3
       2
       3
       2
       1
       2
       0
       1
       2
       5
       1
       6
       0
       0
       0
       1
       6
       4
       2
       3
       0
       3
       4
       5
       5
       6
       0
       6
       5
       4
       4
       3
       7
       5
       2
       6
      10
       6
       4
       3
       5
       5
       5
       6
       3
       3
       2
       5
       2
       2
       5
       4
       1
       3
       2
       2
       1
       2
       2
       0
       2
       0
       0
       2
       0
       0
       2
       1
       2
       5
       1
       5
       0
       4
       0
       2
       4
       2
       1
       1
       3
       1
       0
       1
       2
       2
       0
       3
       2
       0
       3
       1
       2
       4
       2
       1
       4
       3
       5
       2
       6
       0
       3
       4
       1
       0
       2
       1
       2
       3
       5
       3
       2
       1
       2
       0
       4
       3
       4
       3
       2
       5
       3
       2
       3
       2
       2
       1
       3
       3
       1
       2
       4
       2
       3
       2
       0
       2
       5
       6
       1
       4
       1
       0
       2
       2
       2
       5
       3
       3
       1
       2
       1
       1
       1
       2
       1
       1
       1
       1
       1
       3
       2
       0
       3
       3
       4
       1
       3
       1
       2
       5
       3
       2
       2
       1
       3
       2
       4
       3
       1
       4
       2
       2
       2
       2
       5
       1
       2
       3
       3
       1
       2
       0
       2
       1
       1
       2
       3
       1
       1
       0
       3
       1
       0
       3
       2
       2
       0
       2
       1
       6
       2
       2
       1
       1
       2
       3
       4
       1
       2
       2
       3
       2
       4
       0
       2
       2
       2
       5
       0
       2
       1
       6
       2
       2
       3
       4
       3
       1
       2
       3
       0
       3
       1
       0
       1
       2
       1
       3
       5
       4
       3
       2
       1
       2
       1
       2
       2
       3
       2
       1
       2
       0
       1
       1
       4
       1
       0
       4
       0
       0
       0
       1
       2
       0
       2
       6
       1
       0
       0
       0
       2
       1
       3
       2
       3
       2
       0
       3
       0
       2
       2
       1
       6
       3
       0
       3
       3
       0
       2
       2
       2
       1
       1
       0
       1
       0
       3
       1
       2
       2
       3
       0
       1
       1
       0
       3
       1
       2
       1
       4
       0
       1
       1
       3
       0
       2
       3
       2
       1
       0
       1
       5
       3
       2
       2
       3
       0
       0
       4
       1
       1
       0
       2
       2
       1
       4
       0
       2
       3
       0
       2
       1
       4
       2
       2
       0
       2
       2
       1
       0
       2
       3
       2
       2
       3
       2
       3
       2
       2
       0
       3
       2
       3
       1
       5
       3
       4
       4
       1
       2
       1
       1
       4
       8
       6
       4
       4
       4
       1
       4
       6
       2
       0
       4
       1
       5
       4
       6
       1
       4
       3
       3
       4
       3
       1
       5
       3
       1
       4
       4
       4
       2
       0
       1
       4
       2
       2
       2
       4
       0
       1
       1
       0
       4
       3
       1
       0
       3
       1
       2
       3
       3
       4
       6
       0
       3
       2
       0
       3
       2
       3
       0
       1
       2
       2
       0
       2
       1
       5
       2
       1
       2
       2
       2
       0
       1
       3
       2
       4
       3
       3
       2
       4
       2
       3
       2
       1
       3
       3
       4
       1
       5
       1
       1
       4
       3
       2
       5
       4
       2
       0
       3
       3
       2
       2
       1
       1
       0
       2
       1
       2
       2
       3
       4
       5
       0
       4
       1
       1
       5
       3
       3
       0
       6
       5
       3
       4
       2
       0
       1
       4
       1
       1
       3
       4
       2
       3
       2
       2
       2
       4
       1
       3
       1
       3
       4
       0
       1
       3
       2
       1
       1
       3
       1
       2
       3
       3
       0
       3
       4
       1
       1
       0
       1
       7
       4
       1
       0
       2
       2
       1
       0
       2
       2
       2
       2
       0
       3
       1
       1
       3
       2
       2
       4
       2
       0
       2
       3
       4
       2
       2
       4
       3
       3
       3
       4
       4
       4
       2
       3
       2
       3
       4
       2
       1
       0
       1
       3
       1
       4
       1
       3
       0
       2
       2
       2
       5
       0
       3
       0
       4
       3
       1
       3
       2
       3
       1
       4
       3
       2
       1
       4
       1
       0
       4
       2
       5
       0
       1
       1
       0
       1
       2
       3
       3
       3
       0
       0
       1
       3
       5
       3
       5
       2
       1
       3
       0
       1
       1
       1
       2
       0
       4
       3
       2
       2
       1
       2
       1
       0
       2
       3
       1
       3
       3
       3
       3
       3
       1
       4
       2
       0
       3
       2
       3
       2
       2
       3
       2
       3
       3
       1
       2
       1
       1
       0
       1
       3
       4
       3
       4
       5
       2
       1
       1
       3
       2
       2
       0
       2
       0
       2
       4
       1
       1
       1
       2
       3
       4
       0
       2
       3
       0
       1
       2
       2
       1
       3
       0
       1
       3
       0
       3
       1
       2
       4
       3
       1
       2
       1
       2
       1
       0
       1
       4
       4
       2
       3
       2
       0
       0
       1
       0
       2
       1
       5
       1
       2
       4
       1
       2
       2
       1
       2
       1
       0
       5
       0
       0
       2
       2
       1
       2
       4
       0
       1
       0
       1
       3
       1
       2
       3
       5
       4
       1
       3
       2
       4
       0
       0
       3
       2
       0
       1
       3
       1
       1
       0
       1
       2
       2
       2
       3
       2
       1
       1
       2
       1
       2
       2
       1
       0
       0
       1
       0
       1
       2
       1
       0
       2
       1
       2
       5
       0
       3
       3
       0
       0
       4
       4
       3
       1
       3
       3
       1
       1
       3
       2
       1
       3
       0
       2
       1
       5
       1
       5
       6
       1
       1
       1
       2
       0
       4
       1
       3
       0
       2
       3
       2
       2
       4
       0
       3
       2
       4
       1
       0
       5
       1
       1
       3
       1
       4
       2
       2
       2
       2
       4
       4
       4
       1
       2
       1
       3
       5
       2
       3
       2
       0
       1
       2
       1
       1
       2
       4
       1
       4
       2
       3
       5
       2
       1
       5
       0
       0
       0
       2
       1
       1
       2
       1
       0
       3
       0
       2
       4
       1
       2
       2
       2
       3
       1
       3
       0
       3
       2
       3
       3
       0
       3
       1
       1
       2
       2
       0
       4
       0
       0
       1
       0
       1
       1
       1
       0
       5
       3
       3
       2
       3
       2
       2
       2
       5
       1
       0
       0
       1
       3
       0
       2
       2
       2
       0
       2
       3
       2
       4
       2
       1
       3
       0
       2
       2
       1
       0
       1
       1
       1
       2
       2
       2
       2
       5
       0
       3
       2
       2
       1
       3
       1
       2
       1
       3
       0
       0
       2
       1
       0
       2
       1
       5
       1
       2
       5
       4
       2
       2
       3
       1
       1
       1
       3
       2
       5
       3
       1
       2
       2
       2
       0
       2
       1
       3
       3
       1
       1
       2
       1
       0
       2
       1
       2
       5
       3
       2
       1
       4
       3
       3
       1
       1
       2
       3
       1
       2
       0
       0
       2
       1
       6
       3
       4
       1
       0
       0
       0
       2
       1
       2
       3
       2
       2
       3
       1
       2
       1
       1
       2
       1
       1
       0
       1
       2
       2
       2
       4
       1
       3
       1
       0
       2
       4
       0
       1
       3
       0
       3
       0
       0
       3
       4
       1
       2
       2
       2
       1
       2
       1
       0
       3
       0
       2
       3
       2
       4
       2
       0
       1
       2
       3
       2
       0
       1
       2
       1
       1
       4
       2
       3
       4
       1
       4
       5
       1
       1
       3
       2
       4
       2
       3
       2
       1
       0
       1
       3
       2
       3
       2
       0
       1
       1
       1
       1
       1
       0
       1
       1
       0
       2
       6
       1
       1
       2
       2
       5
       3
       3
       1
       2
       4
       3
       3
       7
       1
       2
       2
       1
       4
       2
       2
       1
       2
       1
       2
       2
       0
       0
       2
       2
       2
       0
       3
       1
       3
       1
       1
       3
       2
       6
       1
       3
       3
       0
       0
       2
       4
       1
       1
       1
       1
       0
       1
       3
       2
       5
       3
       4
       2
       1
       0
       3
       0
       3
       1
       0
       2
       3
       0
       2
       2
       3
       4
       0
       2
       0
       3
       2
       1
       4
       1
       0
       0
       2
       1
       1
       0
       2
       3
       1
       3
       1
       0
       2
       0
       2
       1
       2
       6
       1
       3
       2
       2
       0
       3
       2
       1
       4
       1
       2
       0
       4
       2
       6
       2
       3
       2
       3
       2
       3
       3
       0
       3
       2
       3
       0
       5
       0
       2
       0
       5
       4
       1
       2
       0
       2
       2
       0
       1
       1
       0
       1
       3
       2
       2
       1
       1
       1
       1
       1
       0
       2
       2
       1
       2
       6
       1
       2
       4
       1
       1
       3
       1
       1
       3
       2
       2
       2
       2
       2
       1
       0
       0
       1
       0
       1
       0
       0
       0
       0
       2
       0
       2
       1
       4
       2
       5
       1
       3
       2
       2
       3
       0
       2
       0
       6
       3
       1
       1
       2
       0
       1
       1
       2
       1
       3
       1
       2
       1
       1
       2
       3
       2
       3
       0
       0
       2
       1
       0
       1
       1
       2
       1
       2
       1
       3
       0
       0
       0
       3
       1
       5
       2
       2
       2
       3
       1
       0
       1
       1
       1
       1
       2
       0
       2
       2
       3
       1
       2
       0
       2
       2
       1
       0
       3
       3
       6
       1
       1
       1
       3
       1
       1
       1
       3
       3
       3
       4
       3
       4
       0
       1
       1
       1
       1
       1
       3
       1
       1
       4
       1
       1
       3
       3
       1
       1
       0
       1
       5
       1
       2
       1
       2
       5
       3
       4
       4
       2
       0
       4
       2
       2
       0
       2
       0
       2
       0
       3
       3
       3
       4
       0
       1
       3
       2
       2
       2
       3
       5
       1
       3
       1
       3
       3
       2
       1
       1
       3
       4
       1
       0
       0
       0
       0
       0
       0
       0
       0
       0
       0
       0
       0
       0
       0
       0
       0
       0
       0
       0
       0
       0
       0
       0
       0
       0
       0
       0
       0
       0
       0
       0
       0
       0
       0
       0
       0
       0
       0
       0
       0
       0
       0
       0
       0
       0
       0
       0
       0
       0
       0
       0
       0
       0
       0
       0
       0
       0
       0
       0
       0
       0
       0
       0
       0
       0
       0
       0
       0
       0
       0
       0
       0
       0
       0
       0
       0
       0
       0
       0
       0
       0
       0
       0
       0
       0
       0
       0
       0
       0
       0
       0
       0
       0
       0
       0
       0
       0
       0
       0
       0
       0
       0
       0
       0
       0
       0
       0
       0
       0
       0
       0
       0
       0
       0
       0
       0
       0
       0
       0
       0
       0
       0
       0
       0
       0
       0
       0
       0
       0
       0
       0
       0
       0
       0
       0
       0
       0
       0
       0
       0
       0
       0
       0
       0
       0
       0
       0
       0
       0
       0
       0
       0
       0
       0
       0
       0
       0
       0
       0
       0
       0
       0
       0
       0
       0
       0
       0
       0
       0
       0
       0
       0
       0
       0
       0
       0
       0
       0
       0
       0
       0
       0
       0
       0
       0
       0
$ROI:
3
2014 2067
3444 3489
4803 4854
$PRESETS:
None
0
0
$ENER_FIT:
-0.479377 0.397317
$MCA_CAL:
3
-4.793768E-001 3.973171E-001 -2.936620E-009 keV
$SHAPE_CAL:
3
2.913355E+000 2.829383E-003 4.133060E-008
