$SPEC_ID:
Pulser
$SPEC_REM:
DET# 2
DETDESC# DETECTOR 2
AP# GammaVision Version 7.01.03
$DATE_MEA:
04/26/2017 21:32:12
$MEAS_TIM:
7624 7625
$DATA:
0 8191
       0
       0
       0
       0
       0
       0
       0
       0
       0
       0
       0
       0
       0
       0
       0
       0
       0
       0
       0
       0
       0
       0
       0
       6
     698
    1319
     200
     160
     125
     117
     118
     179
     200
     252
     215
     248
     290
     348
     429
     385
     381
     332
     322
     257
     183
     165
     149
     152
     151
     154
     162
     171
     131
     129
     127
     117
     124
     137
     125
     143
     143
     156
     148
     138
     164
     129
     147
     140
     152
     142
     160
     156
     159
     140
     144
     126
     152
     133
     146
     122
     132
     111
     126
     111
     120
     111
      95
     112
      89
      88
      93
      83
     120
     104
      80
      73
      97
      81
      88
      95
      78
      84
      82
      74
      64
      73
      78
      75
      70
      61
      68
      76
      68
      77
      63
      81
      69
      77
      86
      72
      76
      64
      77
      59
      56
      58
      71
      77
      75
      69
      69
      65
      76
      85
      94
     107
     109
      97
      83
      79
      88
      75
      67
      78
      62
      74
     103
      90
      84
      82
      83
      83
      75
      64
      80
      79
      70
      73
      84
     106
     142
     130
     114
      90
      82
      76
      71
      87
      84
      89
      89
      73
      89
      77
      94
      74
      93
      89
      93
      81
      99
      80
      98
     121
     147
     139
     113
     110
     141
     214
     150
     156
     100
      70
      91
      95
      62
      80
      73
      68
      71
      89
      76
      91
      87
      61
      77
      78
      85
      98
      81
      77
      99
     111
     160
     111
     113
      76
      77
      77
      93
     104
      87
      74
      67
      78
      58
      83
      53
      74
      62
      85
      91
     125
     127
     124
      81
      78
      73
      69
      69
      68
      69
      59
      53
      85
      61
      77
      67
      66
      67
      58
      59
      60
      61
      62
      51
      56
      76
      65
      54
      73
      72
      78
      57
      49
      68
      51
      69
      64
      65
      62
      63
      60
      79
      71
      62
      58
      64
      60
      67
      60
      79
      66
      64
      72
      66
      61
      77
      71
      81
      68
      67
      63
      70
      68
      77
      78
      50
      79
      78
      60
      65
      80
      75
      76
      72
      64
      68
      74
      69
      62
      82
      75
      57
      70
      83
      79
      63
      67
      63
      64
      56
      73
      81
      65
      63
      53
      57
      65
      65
      66
      79
      61
      68
      79
      59
      70
      61
      58
      66
      63
      51
      54
      67
      65
      66
      66
      59
      71
      54
      68
      85
      78
      93
      67
      74
      60
      76
      76
      70
      68
      67
      63
      61
      72
      59
      65
      64
      57
      62
      69
      54
      79
      69
      61
      71
      63
      48
      62
      64
      61
      55
      60
      62
      67
      58
      54
      77
      60
      57
      73
      62
      55
      67
      63
      70
      79
      68
      54
      62
      72
      51
      58
      52
      83
      58
      57
      69
      79
      78
      64
      63
      79
      68
      62
      56
      59
      65
      62
      63
      66
      53
      65
      61
      55
      58
      63
      64
      64
      72
      68
      76
      66
      79
      80
      59
      76
      65
      62
      81
      70
      79
      64
      66
      61
      65
      57
      63
      64
      75
      70
      73
      69
      58
      69
      75
      70
      61
      66
      71
      63
      78
      58
      71
      54
      73
      72
      89
      90
      77
      88
      62
      65
      68
      68
      68
      75
      64
      84
      58
      76
      65
      65
      79
      65
      64
      76
      82
      66
      83
      70
      62
      64
      66
      67
      56
      72
      78
      67
      81
      83
      88
      71
      65
      80
      95
     157
     385
     697
    1023
    1274
    1105
     759
     409
     182
      98
      63
      66
      64
      67
      62
      65
      57
      70
      65
      72
      74
      58
      62
      61
      66
      78
      65
      78
      52
      82
      50
      61
      58
      77
      73
      98
      59
      60
      67
      77
      71
      55
      77
      60
      52
      63
      59
      57
      57
      64
      70
      60
      56
      59
      58
      56
      55
      51
      59
      78
      71
      69
      61
      70
      54
      61
      68
      49
      69
      56
      56
      43
      63
      69
      60
      68
      60
      60
      51
      46
      53
      55
      51
      68
      65
      57
      62
      53
      55
      55
      64
      61
      57
      61
      60
      68
      61
      62
      73
      65
      72
      56
      52
      60
      59
      69
      69
      44
      63
      56
      60
      60
      53
      48
      56
      61
      61
      64
      77
      62
      59
      59
      71
      55
      53
      51
      80
      65
      56
      54
      55
      48
      65
      60
      55
      67
      43
      50
      52
      53
      41
      59
      58
      59
      74
      62
      53
      62
      49
      69
      51
      49
      59
      59
      47
      47
      62
      60
      47
      49
      58
      41
      52
      58
      62
      65
      57
      61
      58
      64
      65
      67
      58
      60
      46
      62
      71
      52
      62
      52
      48
      66
      53
      41
      53
      61
      61
      52
      58
      46
      41
      64
      44
      53
      53
      52
      67
      47
      51
      54
      50
      54
      62
      59
      51
      50
      54
      45
      62
      55
      54
      60
      55
      54
      48
      49
      44
      69
      50
      54
      62
      63
      59
      56
      53
      52
      79
      73
      65
      62
      57
      49
      59
      53
      50
      75
      59
      51
      66
      56
      61
      57
      53
      50
      61
      39
      62
      60
      60
      51
      53
      44
      60
      52
      55
      58
      67
      60
      53
      46
      49
      47
      54
      51
      57
      56
      47
      52
      56
      57
      54
      42
      59
      50
      55
      43
      39
      55
      64
      69
      53
      65
      47
      67
      46
      63
      53
      42
      42
      48
      51
      45
      54
      54
      50
      52
      54
      48
      58
      44
      57
      52
      66
      47
      54
      51
      55
      36
      55
      59
      59
      60
      51
      47
      56
      74
      55
      64
      52
      56
      45
      48
      49
      54
      47
      62
      57
      49
      48
      63
      59
      72
      68
      53
      47
      54
      45
      44
      52
      56
      71
      67
      60
      51
      40
      46
      59
      55
      55
      52
      57
      48
      59
      50
      47
      57
      51
      45
      34
      47
      41
      51
      41
      44
      43
      48
      41
      36
      41
      41
      48
      40
      45
      40
      39
      47
      47
      39
      34
      47
      54
      50
      35
      54
      41
      44
      38
      30
      29
      43
      32
      35
      40
      42
      49
      33
      41
      34
      30
      40
      41
      31
      40
      45
      31
      34
      35
      34
      43
      35
      41
      27
      45
      28
      36
      30
      40
      45
      40
      34
      37
      33
      42
      33
      43
      46
      38
      49
      46
      48
      42
      39
      31
      26
      32
      36
      36
      26
      38
      39
      46
      22
      26
      33
      32
      33
      22
      34
      41
      28
      50
      33
      36
      37
      25
      35
      21
      20
      27
      24
      32
      26
      33
      44
      29
      22
      38
      41
      48
      75
     120
     140
     152
     151
     129
      97
      66
      66
      33
      38
      25
      37
      35
      39
      39
      29
      32
      33
      34
      32
      33
      23
      29
      28
      31
      35
      29
      34
      35
      35
      29
      22
      37
      28
      22
      28
      36
      29
      29
      43
      36
      19
      43
      33
      15
      24
      20
      35
      16
      25
      25
      37
      28
      34
      26
      24
      28
      29
      22
      17
      28
      30
      26
      30
      28
      31
      18
      34
      23
      22
      21
      23
      31
      37
      40
      28
      39
      27
      26
      31
      25
      31
      25
      26
      21
      27
      33
      32
      31
      32
      27
      32
      30
      33
      34
      27
      23
      19
      25
      22
      26
      27
      29
      34
      26
      17
      28
      23
      36
      31
      24
      27
      27
      22
      25
      32
      35
      29
      26
      28
      25
      31
      29
      20
      33
      25
      26
      35
      21
      26
      26
      27
      25
      24
      31
      30
      31
      32
      31
      39
      35
      37
      24
      37
      29
      29
      26
      29
      20
      45
      34
      28
      37
      34
      34
      25
      25
      23
      25
      31
      25
      25
      23
      29
      25
      31
      29
      25
      22
      20
      24
      27
      36
      24
      30
      21
      25
      26
      26
      36
      38
      28
      25
      24
      29
      27
      33
      17
      25
      28
      23
      28
      36
      34
      26
      26
      28
      24
      30
      26
      18
      32
      23
      39
      32
      26
      35
      29
      29
      23
      29
      16
      23
      16
      24
      28
      35
      27
      30
      30
      24
      29
      31
      35
      42
      64
     113
     169
     224
     271
     314
     355
     379
     300
     218
     136
      84
      60
      28
      31
      29
      29
      27
      23
      32
      27
      20
      28
      27
      26
      17
      38
      26
      31
      25
      20
      14
      19
      16
      29
      29
      27
      33
      30
      32
      30
      22
      26
      29
      25
      28
      22
      16
      25
      19
      31
      24
      30
      22
      33
      31
      28
      27
      33
      31
      13
      26
      37
      22
      25
      29
      30
      30
      26
      22
      30
      36
      37
      31
      47
      66
      80
     105
     181
     240
     343
     481
     560
     659
     712
     778
     789
     701
     610
     490
     360
     262
     171
     125
      78
      61
      48
      39
      15
      29
      25
      23
      27
      16
      22
      21
      37
      21
      28
      31
      25
      18
      31
      28
      28
      32
      23
      24
      38
      29
      27
      27
      30
      23
      21
      13
      29
      35
      27
      20
      26
      22
      26
      25
      21
      28
      17
      21
      25
      23
      20
      18
      27
      26
      22
      23
      16
      24
      26
      22
      25
      23
      28
      13
      26
      33
      26
      20
      29
      20
      29
      28
      31
      31
      32
      22
      37
      22
      21
      24
      30
      32
      20
      25
      24
      37
      22
      22
      17
      25
      26
      28
      21
      26
      26
      17
      20
      22
      34
      24
      30
      28
      32
      29
      32
      67
      58
      62
      58
      50
      50
      48
      33
      27
      29
      30
      20
      28
      25
      29
      23
      32
      24
      24
      21
      27
      16
      18
      25
      28
      26
      22
      20
      20
      41
      22
      20
      25
      31
      25
      38
      23
      22
      39
      23
      27
      33
      26
      37
      32
      27
      24
      23
      23
      29
      18
      26
      26
      25
      17
      21
      27
      32
      25
      28
      20
      26
      30
      32
      23
      13
      30
      23
      26
      19
      31
      19
      33
      28
      25
      23
      19
      35
      25
      35
      17
      21
      28
      19
      18
      22
      18
      26
      18
      26
      22
      23
      27
      18
      19
      23
      27
      28
      32
      25
      23
      27
      25
      35
      34
      30
      26
      20
      24
      19
      22
      26
      24
      31
      26
      29
      22
      27
      27
      37
      36
      35
      23
      24
      22
      22
      29
      34
      33
      17
      34
      35
      27
      32
      20
      21
      23
      28
      33
      24
      22
      29
      18
      24
      19
      23
      25
      22
      29
      31
      26
      28
      41
      38
      35
      23
      33
      23
      32
      25
      31
      38
      31
      29
      24
      27
      24
      28
      29
      26
      40
      21
      23
      25
      21
      31
      29
      21
      26
      27
      29
      28
      31
      28
      27
      21
      24
      24
      27
      27
      21
      41
      31
      28
      32
      42
      28
      32
      23
      23
      27
      26
      27
      27
      22
      31
      33
      31
      43
      36
      37
      27
      26
      25
      39
      19
      24
      32
      32
      29
      30
      34
      21
      24
      25
      21
      17
      24
      30
      19
      30
      33
      35
      30
      32
      26
      34
      32
      20
      28
      24
      22
      29
      39
      34
      34
      30
      31
      33
      27
      39
      41
      28
      38
      36
      31
      39
      42
      43
      54
      43
      40
      48
      35
      39
      40
      41
      26
      30
      30
      33
      33
      41
      32
      24
      44
      27
      24
      34
      33
      31
      39
      27
      28
      34
      28
      48
      42
      36
      40
      25
      27
      35
      37
      29
      26
      35
      40
      25
      28
      22
      33
      31
      36
      31
      30
      26
      38
      32
      30
      37
      41
      31
      39
      50
      43
      53
      54
      58
      71
      75
      59
      57
      45
      45
      47
      44
      28
      34
      33
      46
      18
      30
      22
      41
      34
      42
      38
      35
      34
      36
      38
      37
      31
      44
      30
      37
      46
      32
      35
      35
      44
      36
      27
      35
      41
      24
      32
      27
      50
      27
      29
      29
      40
      34
      37
      35
      35
      34
      35
      35
      47
      30
      38
      32
      43
      43
      45
      25
      27
      39
      33
      38
      47
      32
      35
      33
      28
      32
      26
      36
      26
      23
      36
      32
      35
      28
      22
      23
      31
      27
      27
      27
      32
      23
      29
      29
      28
       9
      28
      20
      16
      10
      28
      20
      22
      24
      24
      20
      24
      19
      25
      28
      25
      36
      30
      23
      26
      32
      30
      22
      29
      14
      17
      15
      24
      21
      26
      25
      27
      23
      17
      17
      18
      19
      19
      23
      17
      18
      21
      21
      22
      18
      17
      16
      18
      26
      18
      20
      21
      19
      28
      18
      17
      18
      26
      10
      24
      22
      31
      26
      19
      25
      28
      27
      26
      21
      25
      26
      27
      25
      13
      17
      15
      20
      14
      14
      24
      16
      14
      27
      23
      20
      17
      23
      28
      20
      19
      19
      22
      17
      24
      15
      14
      22
      23
      20
      25
      21
      20
      27
      17
      18
      19
      19
      18
      15
      12
      19
      20
      13
      12
      15
      18
      18
      18
      12
      13
      22
      16
      11
      22
      27
       9
       9
      12
      15
      17
      11
      20
      19
      11
      18
      12
      12
      12
      14
      12
      12
      20
       8
       9
      18
      12
      14
      16
      16
      11
      12
       9
       7
      20
      10
      11
      10
      15
       8
      13
       8
      15
      12
      14
      10
      18
      14
      13
      11
       9
      25
       9
       8
      11
      14
      15
      14
      11
      12
      12
      12
       9
       5
       4
       9
       9
      11
      10
       4
      10
       7
      13
      14
      11
       5
       8
      13
      10
       8
       7
       9
       9
      11
      12
       7
      10
      10
      13
       8
      10
       9
       9
      10
      18
      15
       4
       8
       8
       8
       5
       5
      10
       8
      13
       3
       4
       5
      10
      10
      10
       6
       9
       2
      12
      13
       3
       6
       6
      11
       7
      10
       9
      10
      11
       6
       7
      12
      13
       5
      10
      10
      11
       6
      11
       8
       9
       8
       7
       9
       8
       9
       2
      13
       6
       5
       2
       6
       5
      10
       7
       8
       5
       4
      11
       5
       9
       5
       7
      10
      11
       8
       5
       6
       5
       8
       7
       8
       7
       6
       3
       6
       8
       5
       6
       4
       8
       6
       9
       1
      10
       9
       9
       4
       7
       4
       4
       6
      14
       9
       5
       7
       8
       3
       5
       9
       5
       9
       8
       6
      13
       5
      11
      10
      11
      19
       8
       8
       5
      12
       9
      15
       7
      13
       9
       6
      11
       9
       7
      10
       8
       6
       6
       7
       7
       9
       7
       6
       4
       5
       5
       3
       3
       2
       2
       6
       6
       4
       4
       8
       7
       4
      11
       5
       1
       8
       7
       7
       7
       5
       5
       4
       5
       7
       5
       3
       8
      11
       7
       8
       9
       5
       6
      12
       9
       7
       6
      10
       8
       8
       5
      10
       7
       7
       6
       3
       7
       7
       1
       4
       4
       5
       5
       4
       4
       5
       6
       8
       2
       6
       2
       7
       6
       5
       2
      10
      11
       9
       5
       5
       8
       5
       7
       6
       4
       5
       7
       3
       5
       5
      12
       9
       3
       5
       4
       4
       7
       4
       9
       5
       3
       6
       5
       4
       4
       2
       2
       3
       2
       3
       8
       9
       9
       7
       4
       7
       4
       4
       9
       5
       5
       7
       3
       8
      10
       6
       8
      11
       7
      10
      12
      26
      39
      54
     105
     123
     166
     200
     283
     408
     509
     633
     772
     867
    1001
     968
    1061
     937
     793
     643
     420
     313
     223
     140
     100
      57
      22
      12
      12
       1
       5
       2
       4
       3
       1
       3
       4
       4
       4
       2
       4
       4
       3
       5
       4
       4
       2
       6
       4
       4
       7
       4
       3
       6
       7
       2
       1
       1
       3
       5
       6
       4
       2
       6
       3
       4
       5
       6
       3
       4
       6
       5
      13
      10
       8
      13
      10
      19
      11
       8
      10
      14
      11
       8
       8
       9
       8
       1
       1
       1
       7
       3
       2
       2
       1
       2
       3
       3
       4
       3
       4
       4
       5
       5
       4
       3
       5
       3
       5
       4
       3
       5
       4
       4
       2
       3
       3
       3
       4
       4
       8
       1
       2
       4
       1
       4
       3
       1
       4
       0
       5
       1
       7
       2
       4
       3
       5
       4
       6
       2
       5
       8
       4
       3
       7
       2
       4
       4
       5
       6
       6
       0
       5
       1
       1
       6
       3
       3
       3
       6
       2
       3
       3
       4
       1
       3
       4
       6
       2
       2
       4
       6
       2
       1
       4
       3
       6
       7
       2
       1
       4
       4
       5
       6
       4
       3
       3
       4
       1
       0
       7
       4
       2
       3
       3
       3
       2
       5
       3
       2
       2
       3
       3
       6
       4
       2
       5
       5
       1
       1
       1
       2
       6
       2
       1
       6
       1
       4
       5
       2
       3
       2
       6
       3
       3
       4
       1
       3
       2
       2
       3
       4
       2
       2
       3
       3
       3
       1
       2
       5
       6
       2
      10
       6
       5
      10
       6
       7
       3
       6
       4
       6
       2
       5
       6
       3
       2
       1
       1
       1
       4
       3
       4
       4
       3
       5
       4
       2
       4
       1
       2
       4
       4
       1
       5
       1
       4
       3
       2
       3
       3
       6
       2
       2
       2
       0
       6
       3
       4
       4
       1
       4
       3
       1
       2
       5
       7
       4
       4
       4
       2
       6
       8
      13
       1
       8
       6
       8
       9
       7
       7
       6
       4
       3
       6
       3
       3
       3
       2
       3
       3
       0
       2
       3
       0
       5
       5
       3
       4
       4
       2
       2
       3
       5
       6
       5
       0
       3
       0
       2
       3
       5
       2
       8
       3
       3
       3
       3
       3
       1
       3
       5
       3
       4
       6
       2
       3
       2
       0
       3
       3
       5
       2
       2
       1
       3
       4
       7
       5
       4
       6
       1
       3
       6
       4
       3
       3
       2
       5
       3
       2
       5
       2
       0
       2
       4
       5
       3
       3
       3
       2
       2
       5
       3
       4
       4
       3
       2
       2
       3
       5
       4
       1
       4
       2
       5
       3
       2
       3
       4
       0
       4
       4
       3
       3
       5
       4
       1
       2
       4
       3
       5
       4
       5
       4
       4
       1
       4
       2
       3
       3
       5
       3
       2
       5
       1
       4
       3
       5
       2
       2
       3
       4
       2
       2
       1
       0
       4
       5
       1
       3
       2
       1
       4
       2
       1
       4
       2
       4
       1
       3
       1
       0
       5
       5
       4
       0
       3
       4
       5
       6
       7
       3
       3
       2
       3
       3
       5
       5
       4
       3
       5
       4
       2
       3
       3
       2
       4
       5
       5
       0
       5
       2
       3
       3
       4
       5
       4
       3
       4
       3
       3
       2
       5
       1
       2
       1
       5
       2
       2
       0
       2
       1
       3
       2
       2
       3
       6
       4
       3
       4
       3
       2
       0
       2
       1
       0
       5
       1
       3
       3
       3
       1
       1
       5
       2
       1
       6
       1
       1
       0
       0
       2
       2
       2
       3
       1
       4
       2
       4
       2
       5
       3
       1
       3
       2
       1
       4
       1
       5
       2
       3
       5
       2
       3
       5
       5
       3
       7
       6
       3
       4
       2
       6
       6
       2
       3
       3
       3
       5
       2
       2
       2
       2
       6
       4
       2
       5
       3
       5
       0
       4
       5
       4
       2
       3
       3
       4
       4
       6
       1
       1
       0
       3
       1
       2
       3
       2
       1
       2
       1
       2
       2
       1
       2
       3
       1
       3
       5
       3
       6
       4
       3
       2
       3
       3
       0
       3
       2
       0
       4
       4
       3
       1
       0
       3
       1
       4
       4
       1
       2
       9
       0
       4
       4
       5
       3
       4
       4
       6
       2
       1
       1
       2
       1
       3
       3
       5
       3
       3
       2
       6
       1
       1
       1
       2
       3
       1
       5
       2
       2
       2
       4
       1
       3
       3
       3
       4
       2
       2
       4
       2
       3
       1
       4
       1
       2
       1
       2
       0
       0
       5
       1
       4
       2
       0
       3
       4
       5
       2
       4
       6
       4
       2
       4
       1
       4
       1
       4
       4
       0
       3
       2
       3
       1
       3
       3
       1
       1
       2
       4
       2
       4
       6
       3
       1
       7
       5
       4
       3
       3
       1
       5
       2
       5
       3
       1
       0
       4
       0
       0
       3
       1
       0
       1
       2
       4
       3
       5
       1
       2
       3
       2
       3
       1
       3
       3
       8
       0
       1
       3
       3
       1
       0
       3
       2
       3
       5
       0
       3
       0
       2
       1
       1
       2
       3
       2
       2
       1
       4
       4
       3
       2
       4
       2
       1
       3
       5
       5
       4
       3
       1
       0
       4
       4
       3
       1
       1
       4
       3
       2
       5
       2
       2
       2
       0
       5
       0
       0
       2
       2
       6
       1
       3
       2
       4
       4
       4
       3
       7
       0
       2
       3
       0
       2
       2
       1
       1
       5
       6
       2
       0
       0
       2
       1
       3
       2
       3
       7
       1
       1
       5
       2
       3
       2
       3
       3
       4
       1
       3
       3
       6
       1
       5
       4
       0
       5
       0
       3
       2
       4
       0
       1
       3
       4
       0
       0
       5
       1
       2
       1
       1
       1
       1
       0
       7
       3
       0
       4
       3
       1
       1
       2
       1
       1
       5
       2
       2
       3
       3
       3
       1
       2
       1
       2
       0
       1
       2
       2
       2
       4
       1
       0
       1
       2
       1
       3
       4
       1
       3
       2
       1
       3
       3
       0
       1
       3
       1
       2
       2
       3
       4
       2
       4
       5
       3
       1
       4
       2
       1
       3
       2
       1
       2
       1
       1
       2
       5
       4
       2
       3
       4
       2
       1
       3
       1
       3
       2
       1
       2
       4
       4
       3
       0
       2
       2
       2
       1
       0
       2
       1
       2
       1
       2
       4
       2
       2
       4
       1
       1
       3
       0
       1
       2
       1
       1
       3
       3
       2
       4
       1
       1
       0
       5
       4
       2
       2
       4
       1
       5
       3
       4
       4
       0
       1
       1
       2
       2
       6
       4
       4
       3
       2
       4
       1
       5
       0
       1
       1
       3
       0
       0
       3
       2
       2
       1
       2
       0
       3
       6
       5
       3
       1
       4
       0
       1
       2
       4
       2
       2
       2
       0
       2
       2
       1
       4
       0
       2
       2
       2
       2
       1
       2
       6
       4
       0
       3
       0
       5
       2
       1
       0
       3
       1
       2
       4
       2
       1
       1
       0
       2
       1
       1
       3
       2
       5
       1
       2
       1
       1
       3
       2
       1
       2
       0
       1
       3
       1
       2
       2
       3
       5
       2
       1
       0
       1
       1
       0
       3
       1
       1
       3
       3
       1
       1
       1
       1
       1
       2
       3
       2
       5
       5
       3
       1
       3
       1
       2
       3
       1
       4
       4
       4
       1
       1
       3
       3
       1
       1
       1
       0
       2
       1
       3
       5
       0
       1
       4
       2
       0
       2
       0
       3
       1
       3
       1
       0
       2
       2
       2
       4
       0
       2
       3
       4
       1
       2
       2
       2
       1
       1
       4
       3
       0
       1
       3
       4
       3
       0
       5
       3
       5
       2
       5
       2
       2
       2
       3
       2
       1
       5
       4
       5
       0
       2
       3
       2
       7
       1
       3
       5
       1
       6
       2
       3
       3
       2
       1
       5
       1
       0
       6
       2
       2
       4
       1
       4
       5
       2
       5
       1
       5
       3
       0
       4
       1
       2
       2
       1
       2
       2
       1
       2
       1
       1
       5
       2
       1
       3
       0
       2
       1
       1
       2
       3
       3
       5
       5
       1
       3
       3
       3
       2
       0
       2
       3
       5
       2
       3
       1
       2
       2
       4
       4
       2
       3
       1
       2
       1
       2
       0
       4
       2
       4
       0
       2
       2
       3
       5
       6
       4
       2
       6
       0
       5
       2
       1
       2
       2
       7
       5
       3
       3
       2
       2
       2
       2
       3
       2
       1
       3
       3
       1
       2
       2
       2
       1
       4
       4
       3
       0
       3
       1
       1
       1
       2
       1
       1
       1
       1
       3
       2
       1
       4
       4
       3
       3
       2
       0
       2
       2
       0
       0
       2
       1
       3
       3
       2
       5
       2
       5
       2
       1
       2
       2
       6
       0
       4
       2
       0
       3
       1
       2
       3
       1
       4
       0
       1
       1
       3
       0
       3
       1
       1
       0
       2
       1
       0
       2
       3
       0
       2
       1
       1
       1
       1
       2
       1
       0
       3
       3
       0
       4
       2
       0
       3
       1
       2
       1
       2
       1
       1
       0
       1
       2
       2
       1
       0
       2
       1
       1
       1
       7
       4
       1
       2
       1
       1
       2
       4
       2
       2
       1
       1
       1
       0
       2
       1
       2
       6
       3
       4
       4
       3
       5
       6
       3
       2
       4
       3
       0
       3
       2
       3
       1
       1
       3
       0
       1
       2
       3
       2
       1
       2
       2
       0
       2
       2
       2
       2
       1
       1
       3
       0
       3
       1
       0
       1
       2
       2
       3
       2
       1
       1
       0
       6
       0
       1
       5
       2
       2
       5
       2
       1
       1
       0
       2
       3
       0
       0
       1
       1
       1
       1
       2
       1
       1
       2
       2
       0
       1
       0
       1
       0
       3
       0
       1
       3
       1
       1
       1
       5
       1
       1
       1
       1
       0
       2
       3
       2
       0
       3
       1
       1
       1
       0
       1
       0
       1
       3
       2
       0
       3
       0
       1
       1
       0
       0
       2
       0
       2
       0
       1
       1
       1
       1
       1
       0
       2
       1
       0
       2
       1
       1
       2
       0
       2
       2
       1
       1
       1
       3
       1
       3
       6
       0
       1
       2
       1
       0
       3
       4
       0
       2
       1
       3
       2
       2
       2
       1
       1
       1
       3
       2
       0
       1
       0
       3
       2
       2
       2
       1
       2
       2
       2
       2
       2
       2
       2
       2
       1
       3
       1
       2
       0
       0
       0
       1
       0
       2
       0
       0
       1
       1
       1
       1
       1
       2
       1
       3
       2
       0
       1
       1
       1
       2
       0
       2
       0
       1
       3
       1
       3
       3
       3
       2
       1
       1
       2
       2
       2
       0
       1
       5
       2
       3
       2
       3
       1
       5
       1
       2
       2
       3
       0
       0
       0
       2
       2
       0
       1
       3
       0
       1
       1
       2
       0
       1
       1
       1
       3
       2
       1
       2
       0
       0
       1
       1
       1
       1
       3
       2
       2
       1
       0
       1
       4
       1
       3
       0
       0
       1
       1
       0
       3
       0
       1
       1
       4
       1
       1
       2
       0
       1
       3
       1
       1
       0
       2
       2
       0
       0
       0
       2
       0
       0
       1
       0
       2
       0
       0
       1
       2
       2
       1
       2
       0
       3
       1
       0
       2
       2
       2
       0
       4
       5
       1
       3
       3
       1
       1
       0
       2
       4
       0
       1
       2
       0
       0
       1
       0
       2
       1
       2
       2
       1
       1
       3
       2
       4
       1
       2
       2
       0
       2
       3
       1
       3
       1
       1
       1
       2
       1
       1
       2
       2
       4
       2
       3
       0
       2
       1
       1
       2
       3
       1
       3
       0
       0
       1
       0
       2
       1
       3
       4
       1
       2
       2
       1
       0
       8
       1
       3
       0
       2
       0
       2
       2
       1
       0
       1
       2
       1
       0
       0
       2
       1
       2
       1
       1
       2
       2
       0
       1
       1
       1
       0
       0
       2
       2
       3
       2
       1
       3
       3
       2
       0
       2
       2
       3
       2
       3
       2
       1
       2
       0
       2
       0
       1
       0
       2
       0
       0
       1
       2
       3
       2
       1
       1
       1
       1
       0
       3
       3
       1
       3
       2
       1
       1
       0
       2
       2
       1
       3
       0
       0
       0
       2
       0
       2
       2
       0
       1
       0
       0
       1
       1
       2
       2
       2
       0
       1
       2
       2
       1
       1
       3
       2
       0
       1
       0
       0
       1
       0
       1
       2
       1
       1
       0
       3
       1
       3
       0
       2
       0
       1
       1
       5
       2
       1
       2
       1
       2
       1
       1
       1
       2
       0
       1
       3
       1
       2
       2
       1
       3
       2
       0
       2
       3
       2
       1
       0
       0
       2
       0
       2
       0
       3
       4
       3
       2
       1
       3
       2
       3
       3
       1
       2
       0
       0
       0
       1
       0
       0
       1
       0
       1
       2
       1
       1
       0
       0
       1
       2
       1
       2
       0
       0
       2
       1
       1
       2
       1
       0
       1
       1
       0
       0
       1
       2
       2
       3
       2
       0
       1
       2
       0
       1
       1
       2
       0
       2
       1
       1
       0
       2
       3
       1
       2
       0
       1
       0
       1
       2
       0
       2
       1
       0
       1
       2
       0
       1
       0
       2
       3
       3
       0
       1
       2
       1
       2
       1
       0
       2
       0
       2
       1
       0
       2
       0
       1
       0
       3
       0
       3
       3
       2
       1
       1
       3
       1
       2
       3
       2
       1
       2
       2
       0
       3
       2
       2
       3
       3
       0
       3
       4
       6
       4
       0
       2
       4
       2
       2
       6
       4
       1
       1
       0
       1
       1
       3
       2
       1
       2
       1
       1
       0
       1
       0
       0
       1
       0
       1
       0
       0
       0
       0
       0
       1
       0
       1
       1
       1
       1
       1
       2
       1
       1
       1
       1
       1
       1
       2
       0
       1
       2
       1
       1
       1
       2
       0
       2
       2
       0
       1
       0
       3
       0
       1
       1
       0
       4
       0
       1
       1
       0
       2
       2
       4
       1
       2
       3
       2
       0
       2
       3
       0
       2
       2
       2
       3
       1
       1
       1
       1
       2
       1
       3
       2
       1
       0
       1
       2
       2
       0
       1
       1
       0
       2
       0
       0
       0
       0
       2
       2
       0
       1
       0
       1
       2
       1
       0
       1
       0
       1
       2
       2
       0
       0
       1
       1
       1
       0
       2
       1
       0
       1
       2
       4
       2
       0
       1
       2
       1
       1
       0
       1
       0
       0
       2
       0
       0
       2
       0
       1
       1
       0
       2
       0
       2
       1
       2
       0
       2
       5
       2
       2
       3
       1
       2
       1
       1
       1
       2
       1
       0
       2
       1
       0
       0
       3
       2
       1
       2
       3
       0
       0
       0
       1
       2
       1
       2
       0
       0
       4
       1
       1
       1
       1
       0
       1
       1
       0
       5
       3
       1
       1
       2
       2
       3
       0
       0
       2
       0
       3
       1
       1
       2
       3
       2
       2
       1
       0
       2
       1
       1
       1
       0
       2
       2
       0
       3
       1
       1
       1
       0
       0
       1
       0
       3
       2
       1
       2
       1
       0
       2
       2
       0
       0
       2
       0
       1
       4
       3
       1
       3
       0
       0
       0
       2
       1
       3
       2
       3
       2
       0
       1
       2
       0
       1
       1
       0
       0
       0
       3
       0
       0
       0
       1
       1
       1
       0
       0
       2
       1
       0
       1
       0
       1
       0
       0
       0
       0
       1
       1
       0
       2
       1
       0
       0
       0
       3
       1
       3
       2
       0
       1
       2
       2
       0
       0
       1
       1
       2
       1
       1
       1
       0
       1
       1
       0
       1
       0
       0
       1
       3
       0
       1
       0
       1
       0
       0
       1
       2
       1
       0
       1
       1
       0
       2
       2
       0
       1
       0
       3
       2
       0
       1
       1
       4
       0
       2
       1
       2
       2
       1
       0
       3
       3
       2
       1
       0
       1
       0
       2
       1
       2
       0
       1
       2
       1
       0
       1
       2
       1
       0
       0
       1
       1
       1
       1
       0
       1
       0
       0
       0
       0
       1
       0
       2
       1
       0
       0
       2
       0
       0
       0
       1
       1
       0
       0
       1
       0
       1
       1
       0
       4
       1
       0
       2
       0
       0
       2
       1
       1
       3
       1
       2
       1
       0
       0
       2
       0
       1
       0
       2
       1
       0
       0
       0
       0
       2
       2
       1
       1
       1
       1
       1
       0
       1
       0
       1
       0
       2
       2
       1
       3
       1
       1
       0
       0
       0
       1
       0
       1
       1
       0
       0
       2
       0
       3
       2
       1
       0
       0
       1
       0
       0
       3
       3
       2
       1
       1
       0
       2
       1
       0
       1
       0
       1
       1
       0
       0
       2
       0
       1
       2
       0
       1
       0
       2
       1
       2
       2
       1
       2
       1
       0
       1
       1
       0
       1
       1
       1
       2
       1
       5
       1
       1
       1
       0
       1
       1
       1
       0
       2
       1
       1
       0
       0
       1
       2
       0
       1
       0
       1
       1
       0
       2
       1
       0
       0
       0
       0
       0
       1
       1
       0
       0
       0
       0
       0
       2
       1
       0
       2
       1
       1
       1
       1
       1
       0
       1
       2
       2
       2
       2
       0
       0
       1
       0
       0
       1
       0
       0
       0
       1
       0
       0
       0
       2
       0
       4
       0
       1
       0
       2
       1
       1
       0
       3
       1
       1
       3
       1
       0
       1
       1
       0
       1
       2
       0
       2
       1
       1
       1
       0
       1
       1
       4
       0
       0
       0
       0
       0
       0
       0
       1
       2
       2
       0
       0
       2
       0
       3
       0
       1
       3
       1
       0
       1
       0
       2
       1
       1
       3
       2
       0
       1
       0
       0
       0
       0
       1
       1
       1
       1
       0
       0
       0
       0
       0
       3
       0
       1
       1
       0
       1
       0
       0
       0
       1
       1
       0
       1
       0
       0
       0
       3
       0
       0
       0
       1
       1
       1
       2
       0
       1
       0
       0
       0
       1
       0
       1
       1
       0
       0
       1
       0
       0
       1
       0
       0
       1
       0
       0
       1
       1
       1
       0
       0
       0
       0
       2
       0
       0
       0
       1
       0
       2
       1
       0
       0
       0
       2
       0
       1
       1
       0
       0
       1
       2
       1
       1
       0
       1
       2
       0
       0
       0
       0
       0
       0
       5
       0
       0
       2
       1
       0
       1
       1
       1
       1
       1
       0
       0
       1
       1
       1
       0
       0
       0
       0
       2
       0
       1
       2
       0
       0
       3
       1
       0
       1
       0
       0
       1
       1
       0
       1
       4
       0
       3
       0
       0
       1
       0
       2
       0
       1
       0
       0
       1
       2
       2
       1
       0
       0
       0
       0
       0
       2
       1
       0
       1
       1
       2
       0
       0
       1
       1
       1
       0
       0
       0
       0
       1
       0
       0
       1
       2
       0
       0
       0
       1
       0
       2
       0
       0
       0
       1
       1
       0
       0
       1
       3
       0
       2
       0
       0
       1
       1
       0
       1
       1
       0
       0
       1
       1
       0
       0
       0
       2
       1
       1
       2
       0
       1
       1
       0
       1
       2
       0
       1
       1
       0
       2
       1
       2
       2
       0
       1
       1
       3
       1
       0
       3
       0
       0
       0
       0
       0
       1
       2
       1
       1
       0
       0
       1
       1
       0
       0
       0
       1
       0
       1
       0
       0
       1
       3
       0
       0
       0
       1
       1
       0
       0
       1
       0
       0
       1
       0
       0
       0
       1
       3
       0
       1
       1
       1
       1
       3
       0
       1
       0
       2
       2
       1
       0
       0
       2
       0
       0
       1
       1
       0
       0
       0
       1
       1
       0
       1
       0
       1
       0
       0
       2
       0
       1
       0
       0
       0
       2
       2
       4
       1
       2
       1
       3
       0
       1
       0
       0
       0
       1
       2
       0
       1
       0
       0
       4
       1
       0
       1
       0
       0
       2
       1
       2
       3
       0
       1
       0
       0
       0
       1
       0
       0
       0
       1
       1
       1
       0
       0
       0
       0
       0
       2
       0
       0
       0
       1
       2
       0
       2
       0
       0
       0
       2
       0
       0
       1
       0
       2
       1
       1
       1
       0
       2
       1
       1
       0
       1
       0
       0
       1
       1
       2
       1
       1
       0
       1
       2
       2
       1
       1
       0
       1
       0
       1
       0
       0
       2
       2
       1
       0
       1
       2
       1
       1
       0
       1
       0
       0
       1
       1
       0
       0
       2
       1
       1
       0
       0
       2
       2
       1
       1
       3
       0
       0
       0
       0
       1
       0
       1
       0
       1
       0
       0
       1
       1
       0
       1
       0
       1
       1
       2
       0
       1
       1
       0
       1
       0
       1
       1
       0
       0
       2
       1
       0
       1
       0
       3
       1
       1
       0
       0
       1
       0
       0
       1
       0
       0
       1
       0
       1
       0
       1
       0
       1
       2
       0
       0
       1
       0
       2
       3
       2
       0
       2
       1
       1
       0
       1
       2
       0
       0
       0
       1
       0
       0
       0
       3
       0
       0
       0
       1
       1
       1
       0
       1
       0
       1
       0
       0
       1
       0
       1
       1
       0
       0
       2
       0
       0
       2
       1
       1
       0
       1
       2
       1
       0
       0
       1
       1
       0
       0
       0
       0
       2
       1
       0
       0
       1
       1
       1
       2
       2
       1
       0
       0
       0
       1
       2
       0
       0
       0
       1
       0
       0
       1
       0
       0
       0
       0
       0
       1
       1
       1
       1
       0
       0
       0
       1
       1
       0
       0
       0
       0
       2
       1
       1
       1
       2
       0
       0
       0
       1
       0
       0
       1
       0
       0
       1
       0
       1
       0
       0
       1
       0
       1
       3
       1
       0
       1
       0
       0
       1
       1
       1
       1
       0
       0
       1
       2
       1
       2
       1
       2
       1
       1
       3
       1
       0
       2
       1
       0
       2
       0
       0
       0
       1
       2
       0
       0
       1
       0
       1
       0
       0
       2
       0
       4
       1
       1
       0
       0
       1
       0
       1
       0
       0
       1
       0
       2
       0
       0
       3
       2
       2
       1
       1
       0
       2
       3
       1
       2
       2
       1
       1
       0
       1
       1
       3
       2
       0
       0
       1
       1
       2
       1
       0
       1
       1
       2
       1
       1
       1
       0
       1
       0
       0
       0
       1
       2
       1
       0
       0
       0
       0
       0
       1
       1
       1
       0
       0
       1
       0
       2
       0
       1
       2
       1
       0
       1
       1
       0
       2
       0
       0
       1
       0
       0
       0
       0
       0
       1
       1
       0
       1
       0
       0
       0
       1
       1
       0
       0
       0
       2
       1
       0
       0
       0
       0
       1
       1
       0
       0
       1
       0
       0
       0
       1
       2
       0
       2
       0
       0
       0
       0
       0
       1
       3
       0
       0
       0
       1
       1
       1
       1
       2
       0
       1
       1
       0
       1
       0
       1
       2
       1
       0
       0
       0
       1
       1
       1
       1
       0
       0
       0
       0
       0
       0
       0
       1
       1
       1
       3
       3
       0
       0
       0
       0
       1
       0
       0
       1
       1
       1
       0
       1
       0
       0
       0
       2
       1
       0
       3
       1
       0
       1
       1
       0
       0
       0
       1
       1
       0
       1
       0
       0
       1
       1
       2
       0
       1
       0
       1
       0
       2
       2
       2
       2
       3
       1
       0
       1
       1
       1
       1
       0
       1
       0
       0
       1
       0
       0
       1
       0
       1
       0
       0
       1
       0
       0
       1
       0
       0
       1
       1
       0
       1
       0
       0
       0
       0
       0
       1
       0
       1
       0
       2
       0
       1
       0
       0
       0
       1
       1
       1
       0
       1
       1
       0
       1
       0
       0
       0
       1
       2
       1
       1
       3
       1
       0
       0
       0
       2
       0
       0
       1
       1
       1
       1
       0
       1
       1
       1
       0
       0
       0
       2
       0
       0
       0
       0
       1
       0
       0
       2
       0
       1
       0
       1
       2
       0
       3
       1
       0
       0
       3
       0
       1
       0
       0
       0
       0
       1
       0
       1
       1
       0
       0
       0
       2
       0
       0
       1
       1
       0
       1
       0
       0
       0
       2
       0
       1
       0
       3
       0
       2
       0
       1
       1
       0
       1
       0
       1
       1
       0
       0
       1
       0
       1
       0
       2
       0
       0
       1
       1
       1
       0
       0
       0
       0
       1
       1
       1
       1
       2
       0
       3
       0
       1
       1
       1
       1
       1
       0
       0
       0
       1
       0
       1
       1
       1
       0
       0
       0
       0
       0
       0
       0
       0
       0
       0
       0
       0
       0
       0
       0
       0
       1
       0
       0
       1
       0
       1
       0
       2
       2
       1
       0
       1
       1
       2
       1
       0
       0
       0
       0
       1
       1
       2
       1
       1
       2
       1
       2
       0
       0
       0
       0
       1
       0
       1
       2
       0
       1
       1
       1
       4
       1
       0
       0
       2
       0
       0
       0
       1
       0
       0
       0
       0
       1
       2
       0
       0
       1
       0
       0
       1
       3
       0
       1
       1
       0
       0
       3
       0
       0
       0
       0
       2
       0
       1
       0
       1
       2
       0
       2
       0
       0
       0
       1
       0
       0
       0
       0
       1
       0
       0
       0
       0
       0
       1
       1
       0
       0
       0
       1
       0
       0
       0
       1
       3
       0
       1
       0
       0
       0
       0
       1
       0
       0
       0
       0
       0
       1
       2
       2
       0
       1
       0
       0
       1
       1
       0
       0
       2
       1
       0
       1
       0
       0
       4
       0
       1
       0
       0
       1
       1
       0
       0
       0
       0
       0
       0
       1
       1
       1
       0
       0
       0
       0
       0
       1
       0
       0
       0
       0
       1
       0
       0
       0
       0
       2
       0
       0
       0
       0
       1
       0
       0
       1
       1
       1
       0
       1
       1
       0
       0
       0
       1
       1
       1
       1
       0
       0
       0
       0
       0
       0
       0
       1
       1
       1
       0
       3
       0
       2
       0
       2
       0
       1
       0
       0
       1
       0
       0
       0
       1
       0
       0
       0
       2
       0
       0
       3
       0
       0
       1
       0
       0
       1
       0
       1
       1
       0
       0
       0
       0
       0
       0
       1
       2
       0
       1
       0
       1
       1
       3
       0
       0
       0
       1
       0
       1
       1
       0
       0
       0
       0
       1
       0
       2
       1
       0
       1
       0
       1
       0
       1
       0
       0
       3
       1
       0
       0
       0
       0
       1
       0
       0
       0
       0
       1
       2
       0
       0
       0
       0
       0
       0
       0
       0
       0
       3
       0
       1
       0
       1
       0
       0
       1
       0
       0
       1
       0
       1
       0
       0
       1
       0
       0
       1
       2
       0
       0
       0
       0
       0
       1
       0
       1
       0
       0
       1
       0
       0
       0
       0
       0
       0
       2
       2
       1
       1
       1
       0
       0
       0
       0
       0
       2
       1
       1
       0
       2
       0
       0
       1
       2
       0
       0
       0
       0
       0
       1
       0
       1
       0
       1
       1
       1
       0
       1
       0
       0
       0
       0
       1
       1
       1
       1
       0
       2
       0
       1
       0
       0
       1
       1
       1
       0
       0
       0
       0
       1
       0
       1
       0
       0
       0
       2
       0
       1
       2
       0
       0
       0
       0
       0
       0
       0
       0
       1
       0
       0
       1
       0
       0
       1
       0
       0
       1
       0
       0
       2
       0
       0
       0
       1
       2
       1
       1
       3
       0
       0
       0
       3
       0
       0
       0
       0
       0
       0
       1
       0
       1
       0
       1
       2
       0
       1
       0
       0
       1
       0
       0
       0
       1
       1
       0
       1
       0
       0
       0
       1
       0
       0
       0
       2
       0
       1
       0
       0
       0
       1
       0
       0
       0
       0
       0
       0
       1
       0
       0
       1
       0
       0
       0
       1
       1
       0
       0
       0
       0
       0
       0
       0
       0
       0
       0
       0
       1
       0
       1
       0
       0
       0
       0
       0
       0
       0
       1
       1
       1
       0
       0
       0
       0
       0
       0
       0
       1
       0
       0
       3
       0
       0
       1
       0
       0
       0
       1
       1
       1
       1
       0
       0
       1
       0
       1
       0
       0
       1
       1
       0
       0
       0
       0
       1
       0
       1
       2
       0
       0
       0
       0
       0
       0
       1
       1
       0
       0
       0
       1
       1
       0
       2
       1
       3
       0
       0
       0
       0
       0
       0
       0
       1
       1
       0
       0
       2
       0
       0
       0
       0
       0
       0
       2
       1
       0
       0
       0
       0
       1
       3
       1
       0
       1
       1
       2
       1
       1
       1
       0
       0
       0
       1
       0
       0
       0
       0
       0
       0
       1
       0
       0
       1
       0
       0
       1
       0
       0
       2
       0
       0
       0
       2
       2
       0
       0
       0
       0
       1
       0
       0
       0
       1
       0
       0
       1
       0
       2
       1
       2
       0
       0
       0
       2
       3
       2
       1
       1
       1
       0
       0
       1
       1
       0
       1
       0
       2
       0
       0
       1
       0
       0
       0
       0
       0
       0
       0
       0
       0
       0
       0
       0
       1
       1
       0
       0
       2
       1
       0
       0
       0
       0
       1
       1
       0
       0
       0
       1
       0
       1
       1
       2
       0
       0
       1
       0
       0
       1
       0
       0
       1
       0
       0
       0
       0
       0
       0
       2
       0
       0
       0
       0
       1
       1
       0
       2
       0
       0
       0
       1
       0
       1
       0
       0
       1
       0
       0
       1
       1
       0
       0
       1
       1
       1
       0
       1
       0
       2
       1
       0
       0
       0
       1
       0
       0
       0
       0
       1
       1
       0
       0
       0
       0
       0
       0
       0
       0
       0
       1
       0
       0
       0
       0
       0
       0
       0
       0
       2
       1
       0
       1
       0
       0
       0
       0
       0
       0
       1
       0
       1
       1
       1
       0
       1
       0
       0
       0
       2
       0
       0
       0
       1
       0
       0
       0
       0
       0
       1
       1
       0
       1
       0
       1
       0
       1
       0
       0
       0
       1
       1
       1
       0
       0
       0
       0
       1
       0
       0
       0
       1
       0
       0
       0
       0
       0
       0
       0
       0
       0
       0
       0
       0
       0
       1
       1
       2
       0
       1
       1
       0
       0
       0
       0
       0
       1
       0
       0
       0
       0
       0
       0
       1
       0
       0
       2
       0
       1
       0
       0
       0
       1
       0
       0
       0
       0
       1
       0
       0
       0
       0
       1
       0
       0
       0
       1
       0
       0
       0
       1
       0
       0
       0
       0
       1
       0
       3
       0
       0
       0
       2
       0
       0
       0
       0
       0
       1
       0
       0
       0
       0
       0
       0
       0
       1
       0
       1
       1
       0
       1
       1
       0
       0
       0
       0
       0
       0
       0
       1
       3
       0
       2
       1
       1
       0
       1
       0
       0
       0
       0
       0
       2
       0
       0
       0
       0
       0
       0
       0
       1
       0
       0
       1
       0
       0
       0
       0
       0
       1
       1
       1
       0
       0
       0
       1
       0
       2
       1
       2
       0
       0
       1
       1
       0
       0
       2
       0
       0
       0
       0
       1
       0
       0
       0
       0
       0
       0
       0
       0
       1
       0
       0
       1
       0
       0
       1
       1
       2
       0
       1
       0
       3
       0
       0
       1
       0
       2
       3
       3
       0
       0
       1
       0
       1
       2
       2
       0
       0
       0
       0
       0
       0
       1
       1
       0
       0
       1
       3
       0
       2
       0
       0
       0
       0
       0
       0
       0
       0
       0
       1
       0
       1
       0
       1
       3
       0
       0
       0
       0
       0
       1
       0
       0
       1
       0
       0
       0
       0
       0
       0
       0
       1
       0
       0
       0
       0
       0
       1
       0
       0
       1
       0
       1
       0
       0
       1
       1
       1
       0
       1
       1
       1
       0
       0
       0
       1
       0
       0
       0
       0
       0
       0
       1
       0
       1
       1
       0
       0
       0
       0
       0
       2
       0
       0
       0
       1
       2
       0
       0
       0
       0
       1
       0
       0
       0
       1
       0
       0
       1
       0
       0
       1
       0
       0
       0
       0
       0
       0
       0
       0
       0
       0
       0
       0
       0
       0
       0
       2
       0
       0
       0
       1
       1
       0
       0
       0
       0
       0
       0
       1
       0
       1
       0
       0
       0
       1
       1
       1
       0
       0
       0
       0
       0
       1
       0
       0
       1
       0
       0
       0
       1
       0
       0
       0
       0
       0
       1
       0
       0
       0
       1
       0
       0
       0
       0
       0
       0
       1
       0
       0
       1
       1
       1
       0
       1
       1
       0
       0
       1
       0
       0
       0
       1
       0
       0
       0
       1
       0
       0
       0
       0
       0
       0
       1
       0
       0
       2
       1
       1
       0
       3
       0
       1
       0
       0
       0
       0
       1
       0
       1
       0
       0
       1
       1
       0
       1
       3
       0
       0
       1
       0
       1
       0
       1
       0
       0
       1
       0
       0
       0
       0
       2
       0
       0
       1
       1
       0
       0
       0
       2
       1
       0
       1
       0
       1
       0
       1
       0
       0
       0
       1
       0
       0
       1
       1
       0
       0
       1
       0
       0
       1
       0
       1
       0
       0
       0
       0
       0
       0
       2
       2
       0
       0
       0
       0
       0
       0
       1
       1
       0
       0
       0
       0
       0
       0
       0
       0
       1
       0
       0
       0
       0
       0
       0
       0
       0
       1
       0
       0
       0
       0
       0
       0
       0
       0
       0
       1
       0
       0
       0
       0
       0
       1
       1
       0
       0
       2
       0
       1
       0
       0
       0
       0
       0
       1
       0
       0
       0
       0
       1
       0
       0
       0
       1
       0
       0
       0
       0
       1
       1
       0
       0
       0
       0
       0
       0
       1
       1
       2
       0
       0
       0
       1
       2
       0
       0
       0
       0
       0
       0
       0
       0
       0
       0
       1
       0
       0
       0
       0
       0
       0
       0
       0
       0
       0
       1
       0
       0
       0
       0
       0
       0
       1
       0
       0
       0
       0
       1
       0
       0
       1
       0
       0
       0
       0
       1
       0
       1
       0
       0
       0
       0
       0
       0
       0
       0
       1
       0
       0
       0
       1
       0
       1
       2
       1
       0
       0
       1
       1
       0
       0
       0
       0
       0
       0
       1
       0
       1
       0
       0
       0
       2
       1
       0
       0
       1
       0
       0
       0
       0
       0
       0
       0
       0
       0
       0
       0
       0
       0
       1
       0
       1
       0
       0
       0
       1
       0
       2
       0
       1
       0
       0
       0
       0
       0
       0
       1
       1
       0
       0
       1
       0
       0
       0
       0
       1
       1
       0
       1
       1
       0
       1
       1
       0
       1
       0
       0
       3
       1
       0
       0
       0
       0
       0
       1
       1
       1
       0
       1
       0
       0
       0
       3
       0
       0
       0
       0
       0
       0
       0
       1
       0
       1
       0
       0
       0
       0
       0
       0
       0
       0
       0
       0
       0
       0
       1
       0
       0
       1
       0
       0
       0
       0
       0
       3
       1
       0
       0
       0
       0
       0
       0
       0
       2
       0
       1
       1
       0
       1
       0
       0
       1
       0
       0
       0
       0
       0
       0
       0
       0
       0
       0
       0
       1
       1
       0
       0
       0
       0
       1
       0
       0
       1
       0
       1
       1
       0
       0
       0
       0
       1
       0
       0
       1
       1
       1
       1
       0
       0
       0
       1
       0
       0
       0
       0
       0
       0
       1
       0
       0
       1
       1
       1
       2
       0
       1
       1
       0
       0
       0
       1
       1
       0
       0
       0
       0
       0
       0
       0
       0
       0
       0
       0
       1
       2
       0
       0
       0
       1
       0
       0
       0
       0
       0
       1
       1
       0
       0
       0
       1
       0
       0
       0
       1
       0
       0
       0
       2
       0
       1
       0
       0
       0
       0
       0
       0
       1
       0
       0
       0
       0
       0
       0
       0
       1
       0
       1
       0
       1
       1
       1
       1
       0
       1
       0
       0
       0
       0
       0
       0
       1
       0
       1
       0
       1
       0
       0
       0
       0
       0
       0
       0
       0
       0
       1
       2
       1
       0
       0
       1
       0
       0
       0
       3
       0
       0
       0
       0
       0
       1
       0
       0
       0
       0
       0
       0
       0
       1
       1
       0
       0
       0
       0
       1
       0
       0
       0
       0
       0
       0
       0
       0
       1
       1
       1
       0
       0
       0
       0
       1
       1
       0
       0
       1
       0
       0
       0
       0
       0
       0
       0
       0
       0
       0
       0
       1
       0
       0
       1
       1
       0
       1
       0
       1
       0
       0
       1
       0
       0
       0
       0
       0
       0
       1
       0
       1
       1
       1
       1
       1
       1
       0
       1
       0
       0
       0
       0
       0
       0
       0
       0
       1
       0
       0
       0
       1
       1
       0
       2
       1
       0
       0
       0
       0
       1
       0
       1
       0
       0
       0
       0
       0
       0
       0
       1
       2
       0
       0
       0
       0
       1
       0
       2
       0
       0
       0
       1
       1
       0
       0
       0
       0
       0
       0
       0
       0
       0
       0
       0
       0
       0
       2
       0
       1
       0
       0
       0
       0
       0
       0
       0
       0
       0
       0
       1
       1
       0
       1
       1
       0
       0
       0
       0
       0
       0
       0
       1
       0
       0
       0
       0
       0
       0
       1
       2
       0
       0
       0
       0
       1
       0
       0
       1
       0
       0
       0
       0
       0
       0
       0
       2
       0
       0
       0
       1
       0
       0
       0
       0
       0
       0
       0
       0
       2
       0
       0
       0
       0
       1
       0
       0
       1
       1
       0
       0
       0
       0
       0
       0
       1
       0
       1
       0
       0
       1
       0
       0
       0
       0
       0
       0
       0
       0
       1
       0
       0
       0
       0
       1
       1
       1
       0
       0
       2
       0
       0
       0
       0
       0
       0
       0
       1
       1
       0
       2
       1
       1
       1
       0
       0
       0
       0
       0
       0
       0
       0
       1
       0
       0
       1
       0
       0
       1
       0
       0
       0
       0
       0
       0
       0
       0
       1
       1
       0
       0
       0
       0
       0
       0
       0
       0
       0
       1
       0
       0
       0
       0
       0
       1
       0
       1
       0
       0
       0
       0
       0
       1
       0
       0
       0
       0
       0
       0
       1
       0
       0
       0
       1
       1
       1
       0
       0
       1
       0
       1
       0
       0
       0
       0
       0
       1
       0
       0
       0
       2
       0
       0
       1
       0
       0
       0
       0
       0
       1
       1
       0
       0
       0
       1
       0
       0
       0
       0
       0
       1
       0
       0
       0
       0
       0
       0
       0
       0
       0
       0
       0
       0
       0
       0
       0
       0
       0
       0
       0
       0
       0
       0
       0
       0
       0
       0
       0
       0
       0
       0
       0
       0
       0
       0
       0
       0
       0
       0
       0
       0
       0
       0
       0
       0
       0
       0
       0
       0
       0
       0
       0
       0
       0
       0
       0
       0
       0
       0
       0
       0
       0
       0
       0
       0
       0
       0
       0
       0
       0
       0
       0
       0
       0
       0
       0
       0
       0
       0
       0
       0
       0
       0
       0
       0
       0
       0
       0
       0
       0
       0
       0
       0
       0
       0
       0
       0
       0
       0
       0
       0
       0
       0
       0
       0
       0
       0
       0
       0
       0
       0
       0
       0
       0
       0
       0
       0
       0
       0
       0
       0
       0
       0
       0
       0
       0
       0
       0
       0
       0
       0
       0
       0
       0
       0
       0
       0
       0
       0
       0
       0
       0
       0
       0
       0
       0
       0
       0
       0
       0
       0
       0
       0
       0
       0
       0
       0
       0
       0
       0
       0
       0
       0
       0
       0
       0
       0
       0
       0
       0
       0
       0
       0
       0
       0
       0
       0
       0
       0
       0
       0
       0
       0
       0
       0
       0
       0
       0
$ROI:
0
$PRESETS:
None
0
0
$ENER_FIT:
-0.479377 0.397317
$MCA_CAL:
3
-4.793768E-001 3.973171E-001 -2.936620E-009 keV
$SHAPE_CAL:
3
2.913355E+000 2.829383E-003 4.133060E-008
