   E (MeV)	Unadj. F×Eavg	Adj. F×Eavg
 1.00000E-10	 3.57830E-08	 3.55369E-08
 1.00000E-09	 3.57830E-08	 3.55369E-08
 1.00000E-09	 3.57830E-07	 3.55369E-07
 1.00000E-08	 3.57830E-07	 3.55369E-07
 1.00000E-08	 1.07349E-06	 1.06611E-06
 2.30000E-08	 1.07349E-06	 1.06611E-06
 2.30000E-08	 2.37469E-06	 2.35836E-06
 5.00000E-08	 2.37469E-06	 2.35836E-06
 5.00000E-08	 4.09878E-06	 4.07059E-06
 7.60000E-08	 4.09878E-06	 4.07059E-06
 7.60000E-08	 6.21322E-06	 6.17050E-06
 1.15000E-07	 6.21322E-06	 6.17050E-06
 1.15000E-07	 9.27104E-06	 9.20730E-06
 1.70000E-07	 9.27104E-06	 9.20730E-06
 1.70000E-07	 1.38252E-05	 1.37302E-05
 2.55000E-07	 1.38252E-05	 1.37302E-05
 2.55000E-07	 2.06565E-05	 2.05145E-05
 3.80000E-07	 2.06565E-05	 2.05145E-05
 3.80000E-07	 3.02529E-05	 3.00449E-05
 5.50000E-07	 3.02529E-05	 3.00449E-05
 5.50000E-07	 4.52167E-05	 4.49058E-05
 8.40000E-07	 4.52167E-05	 4.49058E-05
 8.40000E-07	 6.88009E-05	 6.83278E-05
 1.27500E-06	 6.88009E-05	 6.83278E-05
 1.27500E-06	 1.03283E-04	 1.02573E-04
 1.90000E-06	 1.03283E-04	 1.02573E-04
 1.90000E-06	 1.52891E-04	 1.51840E-04
 2.80000E-06	 1.52891E-04	 1.51840E-04
 2.80000E-06	 2.29336E-04	 2.27759E-04
 4.25000E-06	 2.29336E-04	 2.27759E-04
 4.25000E-06	 3.43191E-04	 3.40832E-04
 6.30000E-06	 3.43191E-04	 3.40832E-04
 6.30000E-06	 5.04214E-04	 5.00748E-04
 9.20000E-06	 5.04214E-04	 5.00748E-04
 9.20000E-06	 7.38430E-04	 7.33353E-04
 1.35000E-05	 7.38430E-04	 7.33353E-04
 1.35000E-05	 1.12228E-03	 1.11457E-03
 2.10000E-05	 1.12228E-03	 1.11457E-03
 2.10000E-05	 1.65903E-03	 1.64762E-03
 3.00000E-05	 1.65903E-03	 1.64762E-03
 3.00000E-05	 2.43975E-03	 2.42297E-03
 4.50000E-05	 2.43975E-03	 2.42297E-03
 4.50000E-05	 3.70842E-03	 3.68292E-03
 6.90000E-05	 3.70842E-03	 3.68292E-03
 6.90000E-05	 5.49756E-03	 5.45977E-03
 1.00000E-04	 5.49756E-03	 5.45977E-03
 1.00000E-04	 7.64454E-03	 7.59198E-03
 1.35000E-04	 7.64454E-03	 7.59198E-03
 1.35000E-04	 9.92164E-03	 9.85342E-03
 1.70000E-04	 9.92164E-03	 9.85342E-03
 1.70000E-04	 1.26867E-02	 1.25995E-02
 2.20000E-04	 1.26867E-02	 1.25995E-02
 2.20000E-04	 1.62650E-02	 1.61532E-02
 2.80000E-04	 1.62650E-02	 1.61532E-02
 2.80000E-04	 2.08192E-02	 2.06760E-02
 3.60000E-04	 2.08192E-02	 2.06760E-02
 3.60000E-04	 2.63493E-02	 2.61681E-02
 4.50000E-04	 2.63493E-02	 2.61681E-02
 4.50000E-04	 3.33432E-02	 3.31140E-02
 5.75000E-04	 3.33432E-02	 3.31140E-02
 5.75000E-04	 4.34275E-02	 4.31289E-02
 7.60000E-04	 4.34275E-02	 4.31289E-02
 7.60000E-04	 5.59515E-02	 5.55669E-02
 9.60000E-04	 5.59515E-02	 5.55669E-02
 9.60000E-04	 7.27045E-02	 7.22046E-02
 1.27500E-03	 7.27045E-02	 7.22046E-02
 1.27500E-03	 9.35236E-02	 9.28806E-02
 1.60000E-03	 9.35236E-02	 9.28806E-02
 1.60000E-03	 1.17108E-01	 1.16303E-01
 2.00000E-03	 1.17108E-01	 1.16303E-01
 2.00000E-03	 1.52891E-01	 1.51840E-01
 2.70000E-03	 1.52891E-01	 1.51840E-01
 2.70000E-03	 1.98433E-01	 1.97069E-01
 3.40000E-03	 1.98433E-01	 1.97069E-01
 3.40000E-03	 2.56987E-01	 2.55220E-01
 4.50000E-03	 2.56987E-01	 2.55220E-01
 4.50000E-03	 3.25300E-01	 3.23063E-01
 5.50000E-03	 3.25300E-01	 3.23063E-01
 5.50000E-03	 4.13131E-01	 4.10290E-01
 7.20000E-03	 4.13131E-01	 4.10290E-01
 7.20000E-03	 5.33491E-01	 5.29824E-01
 9.20000E-03	 5.33491E-01	 5.29824E-01
 9.20000E-03	 6.89635E-01	 6.84894E-01
 1.20000E-02	 6.89635E-01	 6.84894E-01
 1.20000E-02	 8.78309E-01	 8.72270E-01
 1.50000E-02	 8.78309E-01	 8.72270E-01
 1.50000E-02	 1.10602E+00	 1.09841E+00
 1.90000E-02	 1.10602E+00	 1.09841E+00
 1.90000E-02	 1.44758E+00	 1.43763E+00
 2.55000E-02	 1.44758E+00	 1.43763E+00
 2.55000E-02	 1.87047E+00	 1.85761E+00
 3.20000E-02	 1.87047E+00	 1.85761E+00
 3.20000E-02	 2.34216E+00	 2.32605E+00
 4.00000E-02	 2.34216E+00	 2.32605E+00
 4.00000E-02	 3.00902E+00	 2.98833E+00
 5.25000E-02	 3.00902E+00	 2.98833E+00
 5.25000E-02	 3.85480E+00	 3.82830E+00
 6.60000E-02	 3.85480E+00	 3.82830E+00
 6.60000E-02	 5.00961E+00	 4.97517E+00
 8.80000E-02	 5.00961E+00	 4.97517E+00
 8.80000E-02	 6.44093E+00	 6.39665E+00
 1.10000E-01	 6.44093E+00	 6.39665E+00
 1.10000E-01	 7.96984E+00	 7.91505E+00
 1.35000E-01	 7.96984E+00	 7.91505E+00
 1.35000E-01	 9.59634E+00	 9.53036E+00
 1.60000E-01	 9.59634E+00	 9.53036E+00
 1.60000E-01	 1.13855E+01	 1.13072E+01
 1.90000E-01	 1.13855E+01	 1.13072E+01
 1.90000E-01	 1.33373E+01	 1.32456E+01
 2.20000E-01	 1.33373E+01	 1.32456E+01
 2.20000E-01	 1.54517E+01	 1.53455E+01
 2.55000E-01	 1.54517E+01	 1.53455E+01
 2.55000E-01	 1.77288E+01	 1.76069E+01
 2.90000E-01	 1.77288E+01	 1.76069E+01
 2.90000E-01	 1.98433E+01	 1.97069E+01
 3.20000E-01	 1.98433E+01	 1.97069E+01
 3.20000E-01	 2.21204E+01	 2.19683E+01
 3.60000E-01	 2.21204E+01	 2.19683E+01
 3.60000E-01	 2.47228E+01	 2.45528E+01
 4.00000E-01	 2.47228E+01	 2.45528E+01
 4.00000E-01	 2.76505E+01	 2.74604E+01
 4.50000E-01	 2.76505E+01	 2.74604E+01
 4.50000E-01	 3.09035E+01	 3.06910E+01
 5.00000E-01	 3.09035E+01	 3.06910E+01
 5.00000E-01	 3.41565E+01	 3.39216E+01
 5.50000E-01	 3.41565E+01	 3.39216E+01
 5.50000E-01	 3.74095E+01	 3.71523E+01
 6.00000E-01	 3.74095E+01	 3.71523E+01
 6.00000E-01	 4.09878E+01	 4.07060E+01
 6.60000E-01	 4.09878E+01	 4.07060E+01
 6.60000E-01	 4.48914E+01	 4.45827E+01
 7.20000E-01	 4.48914E+01	 4.45827E+01
 7.20000E-01	 4.87949E+01	 4.84936E+01
 7.80000E-01	 4.87949E+01	 4.84936E+01
 7.80000E-01	 5.26985E+01	 5.23419E+01
 8.40000E-01	 5.26985E+01	 5.23419E+01
 8.40000E-01	 5.72527E+01	 5.68674E+01
 9.20000E-01	 5.72527E+01	 5.68674E+01
 9.20000E-01	 6.24575E+01	 6.20378E+01
 1.00000E+00	 6.24575E+01	 6.20378E+01
 1.00000E+00	 7.15659E+01	 7.10796E+01
 1.20000E+00	 7.15659E+01	 7.10796E+01
 1.20000E+00	 8.45779E+01	 8.39791E+01
 1.40000E+00	 8.45779E+01	 8.39791E+01
 1.40000E+00	 9.75899E+01	 9.68277E+01
 1.60000E+00	 9.75899E+01	 9.68277E+01
 1.60000E+00	 1.10602E+02	 1.09561E+02
 1.80000E+00	 1.10602E+02	 1.09561E+02
 1.80000E+00	 1.23614E+02	 1.22059E+02
 2.00000E+00	 1.23614E+02	 1.22059E+02
 2.00000E+00	 1.39879E+02	 1.37301E+02
 2.30000E+00	 1.39879E+02	 1.37301E+02
 2.30000E+00	 1.59397E+02	 1.54836E+02
 2.60000E+00	 1.59397E+02	 1.54836E+02
 2.60000E+00	 1.78915E+02	 1.70766E+02
 2.90000E+00	 1.78915E+02	 1.70766E+02
 2.90000E+00	 2.01686E+02	 1.87075E+02
 3.30000E+00	 2.01686E+02	 1.87075E+02
 3.30000E+00	 2.27710E+02	 2.01880E+02
 3.70000E+00	 2.27710E+02	 2.01880E+02
 3.70000E+00	 2.53734E+02	 2.09659E+02
 4.10000E+00	 2.53734E+02	 2.09659E+02
 4.10000E+00	 2.79758E+02	 2.07260E+02
 4.50000E+00	 2.79758E+02	 2.07260E+02
 4.50000E+00	 3.09035E+02	 1.92930E+02
 5.00000E+00	 3.09035E+02	 1.92930E+02
 5.00000E+00	 3.41565E+02	 1.60865E+02
 5.50000E+00	 3.41565E+02	 1.60865E+02
 5.50000E+00	 3.74095E+02	 1.03231E+02
 6.00000E+00	 3.74095E+02	 1.03231E+02
 6.00000E+00	 4.13131E+02	 6.94479E+01
 6.70000E+00	 4.13131E+02	 6.94479E+01
 6.70000E+00	 4.58672E+02	 5.82806E+01
 7.40000E+00	 4.58672E+02	 5.82806E+01
 7.40000E+00	 5.07467E+02	 4.69617E+01
 8.20000E+00	 5.07467E+02	 4.69617E+01
 8.20000E+00	 5.59515E+02	 3.66909E+01
 9.00000E+00	 5.59515E+02	 3.66909E+01
 9.00000E+00	 6.18069E+02	 2.83637E+01
 1.00000E+01	 6.18069E+02	 2.83637E+01
 1.00000E+01	 6.83129E+02	 2.20656E+01
 1.10000E+01	 6.83129E+02	 2.20656E+01
 1.10000E+01	 7.48189E+02	 1.74279E+01
 1.20000E+01	 7.48189E+02	 1.74279E+01
 1.20000E+01	 8.13249E+02	 6.03752E+01
 1.30000E+01	 8.13249E+02	 6.03752E+01
 1.30000E+01	 2.15361E+13	 1.48281E+13
 1.40000E+01	 2.15361E+13	 1.48281E+13
 1.40000E+01	 3.35651E+13	 2.51377E+13
 1.50000E+01	 3.35651E+13	 2.51377E+13
 1.50000E+01	 0.00000E+00	 0.00000E+00
 1.60000E+01	 0.00000E+00	 0.00000E+00
 1.60000E+01	 0.00000E+00	 0.00000E+00
 1.70000E+01	 0.00000E+00	 0.00000E+00
 1.70000E+01	 0.00000E+00	 0.00000E+00
 1.80000E+01	 0.00000E+00	 0.00000E+00
 1.80000E+01	 0.00000E+00	 0.00000E+00
 1.90000E+01	 0.00000E+00	 0.00000E+00
 1.90000E+01	 0.00000E+00	 0.00000E+00
 2.00000E+01	 0.00000E+00	 0.00000E+00
 2.00000E+01	 0.00000E+00	 0.00000E+00
 2.10000E+01	 0.00000E+00	 0.00000E+00
 2.10000E+01	 0.00000E+00	 0.00000E+00
 2.20000E+01	 0.00000E+00	 0.00000E+00
 2.20000E+01	 0.00000E+00	 0.00000E+00
 2.30000E+01	 0.00000E+00	 0.00000E+00
 2.30000E+01	 0.00000E+00	 0.00000E+00
 2.40000E+01	 0.00000E+00	 0.00000E+00
 2.40000E+01	 0.00000E+00	 0.00000E+00
 2.50000E+01	 0.00000E+00	 0.00000E+00
 2.50000E+01	 0.00000E+00	 0.00000E+00
 2.60000E+01	 0.00000E+00	 0.00000E+00
 2.60000E+01	 0.00000E+00	 0.00000E+00
 2.70000E+01	 0.00000E+00	 0.00000E+00
 2.70000E+01	 0.00000E+00	 0.00000E+00
 2.80000E+01	 0.00000E+00	 0.00000E+00
 2.80000E+01	 0.00000E+00	 0.00000E+00
 2.90000E+01	 0.00000E+00	 0.00000E+00
 2.90000E+01	 0.00000E+00	 0.00000E+00
 3.00000E+01	 0.00000E+00	 0.00000E+00
 3.00000E+01	 0.00000E+00	 0.00000E+00
 3.10000E+01	 0.00000E+00	 0.00000E+00
 3.10000E+01	 0.00000E+00	 0.00000E+00
 3.20000E+01	 0.00000E+00	 0.00000E+00
 3.20000E+01	 0.00000E+00	 0.00000E+00
 3.30000E+01	 0.00000E+00	 0.00000E+00
 3.30000E+01	 0.00000E+00	 0.00000E+00
 3.40000E+01	 0.00000E+00	 0.00000E+00
 3.40000E+01	 0.00000E+00	 0.00000E+00
 3.50000E+01	 0.00000E+00	 0.00000E+00
 3.50000E+01	 0.00000E+00	 0.00000E+00
 3.60000E+01	 0.00000E+00	 0.00000E+00
 3.60000E+01	 0.00000E+00	 0.00000E+00
 3.70000E+01	 0.00000E+00	 0.00000E+00
 3.70000E+01	 0.00000E+00	 0.00000E+00
 3.80000E+01	 0.00000E+00	 0.00000E+00
 3.80000E+01	 0.00000E+00	 0.00000E+00
 3.90000E+01	 0.00000E+00	 0.00000E+00
 3.90000E+01	 0.00000E+00	 0.00000E+00
 4.00000E+01	 0.00000E+00	 0.00000E+00
 4.00000E+01	 0.00000E+00	 0.00000E+00
 4.10000E+01	 0.00000E+00	 0.00000E+00
 4.10000E+01	 0.00000E+00	 0.00000E+00
 4.20000E+01	 0.00000E+00	 0.00000E+00
 4.20000E+01	 0.00000E+00	 0.00000E+00
 4.30000E+01	 0.00000E+00	 0.00000E+00
 4.30000E+01	 0.00000E+00	 0.00000E+00
 4.40000E+01	 0.00000E+00	 0.00000E+00
 4.40000E+01	 0.00000E+00	 0.00000E+00
 4.50000E+01	 0.00000E+00	 0.00000E+00
 4.50000E+01	 0.00000E+00	 0.00000E+00
 4.60000E+01	 0.00000E+00	 0.00000E+00
 4.60000E+01	 0.00000E+00	 0.00000E+00
 4.70000E+01	 0.00000E+00	 0.00000E+00
 4.70000E+01	 0.00000E+00	 0.00000E+00
 4.80000E+01	 0.00000E+00	 0.00000E+00
 4.80000E+01	 0.00000E+00	 0.00000E+00
 4.90000E+01	 0.00000E+00	 0.00000E+00
 4.90000E+01	 0.00000E+00	 0.00000E+00
 5.00000E+01	 0.00000E+00	 0.00000E+00
 5.00000E+01	 0.00000E+00	 0.00000E+00
 5.10000E+01	 0.00000E+00	 0.00000E+00
 5.10000E+01	 0.00000E+00	 0.00000E+00
 5.20000E+01	 0.00000E+00	 0.00000E+00
 5.20000E+01	 0.00000E+00	 0.00000E+00
 5.30000E+01	 0.00000E+00	 0.00000E+00
 5.30000E+01	 0.00000E+00	 0.00000E+00
 5.40000E+01	 0.00000E+00	 0.00000E+00
 5.40000E+01	 0.00000E+00	 0.00000E+00
 5.50000E+01	 0.00000E+00	 0.00000E+00
 5.50000E+01	 0.00000E+00	 0.00000E+00
 5.60000E+01	 0.00000E+00	 0.00000E+00
 5.60000E+01	 0.00000E+00	 0.00000E+00
 5.70000E+01	 0.00000E+00	 0.00000E+00
 5.70000E+01	 0.00000E+00	 0.00000E+00
 5.80000E+01	 0.00000E+00	 0.00000E+00
 5.80000E+01	 0.00000E+00	 0.00000E+00
 5.90000E+01	 0.00000E+00	 0.00000E+00
 5.90000E+01	 0.00000E+00	 0.00000E+00
 6.00000E+01	 0.00000E+00	 0.00000E+00
