NIF_RUN Passive 18x snout on TANDM 90-348 Pinhole
  140    6    1    0    1  <-- KG    KA    IPNT  IACT  KQT  (5I5)
0.005  9.0  0.03  0.001        <-- ACVX  FCHN  FCVX  FS         (free format)
0.0   0   0  1 1.0  <-- AK1   NORML ILOG  TIME  ACNM (free fmt: R,I,I,R,R)
ZR902    5.587E-15 0.015                       IFX
IN115N   1.817E-15 0.012                       IFX
AU197G   3.975E-14 0.016            AUNG 3.937 IFX
IN115G   1.329E-14 0.016            INNG 39.37 IFX
AU1972   1.991E-14 0.012                       IFX
Al27A    1.015E-15 0.079                       IFX
Flux Uncertainty 
 140                          <-- NGP  (I4)
 0.0000e+00
 0.0000e+00
 0.0000e+00
 0.0000e+00
 0.0000e+00
 0.0000e+00
 0.0000e+00
 0.0000e+00
 0.0000e+00
 0.0000e+00
 0.0000e+00
 0.0000e+00
 0.0000e+00
 0.0000e+00
 2.9200e-02
 2.6500e-02
 2.4400e-02
 1.3230e-01
 9.9600e-02
 7.5500e-02
 5.7000e-02
 4.2800e-02
 3.2100e-02
 2.5000e-02
 2.1100e-02
 1.9500e-02
 1.9000e-02
 1.9100e-02
 1.9300e-02
 2.0400e-02
 2.3400e-02
 3.0400e-02
 4.2400e-02
 5.7800e-02
 7.4700e-02
 9.1100e-02
 1.0570e-01
 1.1850e-01
 1.3080e-01
 1.4440e-01
 1.6150e-01
 1.8460e-01
 2.1570e-01
 2.5680e-01
 3.0870e-01
 3.7120e-01
 4.4220e-01
 5.1870e-01
 5.9650e-01
 6.7120e-01
 7.3910e-01
 7.9740e-01
 8.4520e-01
 8.8200e-01
 9.0910e-01
 9.2660e-01
 9.3530e-01
 9.3540e-01
 9.2570e-01
 9.0440e-01
 8.6940e-01
 8.1860e-01
 7.5050e-01
 6.6550e-01
 5.6760e-01
 4.6250e-01
 3.5820e-01
 2.6280e-01
 1.8230e-01
 1.1960e-01
 7.4800e-02
 4.5400e-02
 2.8700e-02
 2.0800e-02
 1.8000e-02
 1.7200e-02
 1.6800e-02
 1.6700e-02
 1.6700e-02
 1.6800e-02
 1.7600e-02
 2.0500e-02
 2.8900e-02
 4.6200e-02
 7.4100e-02
 1.1070e-01
 1.5080e-01
 1.8510e-01
 2.0350e-01
 1.9840e-01
 1.6930e-01
 1.2240e-01
 6.7700e-02
 1.0500e-02
 1.0700e-02
 1.1000e-02
 0.00
 0.00
 0.00
 0.00
 0.00
 0.00
 0.00
 0.00
 0.00
 0.00
 0.00
 0.00
 0.00
 0.00
 0.00
 0.00
 0.00
 0.00
 0.00
 0.00
 0.00
 0.00
 0.00
 0.00
 0.00
 0.00
 0.00
 0.00
 0.00
 0.00
 0.00
 0.00
 0.00
 0.00
 0.00
 0.00
 0.00
 0.00
 0.00
 0.00
 0.00
 0.00
 0.00
 0.00 
Input Flux Spectrum
 140 0 1.000E+00 0.000E+00 0.000E+00   <-- NGP, ITHERM, TNORM, TMPR, ETE  (2I4, 3F10.4)
 0.0000e+00
 0.0000e+00
 0.0000e+00
 0.0000e+00
 0.0000e+00
 0.0000e+00
 0.0000e+00
 0.0000e+00
 0.0000e+00
 0.0000e+00
 0.0000e+00
 0.0000e+00
 0.0000e+00
 0.0000e+00
 6.6694e+06
 6.6746e+06
 6.6784e+06
 1.4205e+08
 3.2302e+08
 1.6867e+08
 1.4753e+08
 1.5332e+08
 1.5710e+08
 1.5913e+08
 4.0177e+08
 9.9470e+07
 9.8766e+07
 9.7640e+07
 9.6129e+07
 3.1290e+08
 2.7992e+08
 2.7242e+08
 2.6414e+08
 1.6263e+08
 1.5633e+08
 2.3761e+08
 1.2964e+08
 1.2217e+08
 1.1424e+08
 6.4903e+07
 1.8581e+08
 1.6979e+08
 1.7960e+08
 6.4352e+07
 2.4014e+08
 1.2275e+08
 4.5729e+07
 4.0461e+07
 3.5724e+07
 2.8710e+07
 3.9338e+07
 4.0748e+07
 3.6587e+07
 3.5181e+07
 2.3313e+07
 2.2336e+07
 2.3762e+05
 2.4537e+05
 2.6446e+05
 1.2736e+07
 1.4872e+07
 1.7920e+07
 3.9737e+07
 8.1945e+06
 3.0923e+07
 1.1632e+08
 1.6357e+08
 2.0062e+08
 4.0587e+08
 1.5351e+08
 3.6568e+08
 2.4344e+08
 4.4834e+08
 4.4350e+08
 4.6746e+08
 9.6906e+08
 1.6368e+07
 1.6331e+07
 1.5997e+07
 1.5343e+07
 2.7486e+08
 4.4160e+08
 2.1678e+08
 1.8012e+08
 1.4156e+08
 1.8092e+07
 1.2431e+07
 4.7634e+07
 1.5592e+07
 9.2074e+06
 8.2390e+06
 6.3645e+06
 4.9968e+06
 4.5324e+09
 4.9399e+09
 9.9648e+06
 0.00E+00
 0.00E+00
 0.00E+00
 0.00E+00
 0.00E+00
 0.00E+00
 0.00E+00
 0.00E+00
 0.00E+00
 0.00E+00
 0.00E+00
 0.00E+00
 0.00E+00
 0.00E+00
 0.00E+00
 0.00E+00
 0.00E+00
 0.00E+00
 0.00E+00
 0.00E+00
 0.00E+00
 0.00E+00
 0.00E+00
 0.00E+00
 0.00E+00
 0.00E+00
 0.00E+00
 0.00E+00
 0.00E+00
 0.00E+00
 0.00E+00
 0.00E+00
 0.00E+00
 0.00E+00
 0.00E+00
 0.00E+00
 0.00E+00
 0.00E+00
 0.00E+00
 0.00E+00
 0.00E+00
 0.00E+00
 0.00E+00
 0.00E+00
  10  13  28  11  8  5  8  7 10 40
