   E (MeV)	Unadj. F×Eavg	Adj. F×Eavg
 1.00000E-10	 0.00000E+00	 0.00000E+00
 1.00000E-09	 0.00000E+00	 0.00000E+00
 1.00000E-09	 0.00000E+00	 0.00000E+00
 1.00000E-08	 0.00000E+00	 0.00000E+00
 1.00000E-08	 0.00000E+00	 0.00000E+00
 2.30000E-08	 0.00000E+00	 0.00000E+00
 2.30000E-08	 0.00000E+00	 0.00000E+00
 5.00000E-08	 0.00000E+00	 0.00000E+00
 5.00000E-08	 0.00000E+00	 0.00000E+00
 7.60000E-08	 0.00000E+00	 0.00000E+00
 7.60000E-08	 0.00000E+00	 0.00000E+00
 1.15000E-07	 0.00000E+00	 0.00000E+00
 1.15000E-07	 0.00000E+00	 0.00000E+00
 1.70000E-07	 0.00000E+00	 0.00000E+00
 1.70000E-07	 0.00000E+00	 0.00000E+00
 2.55000E-07	 0.00000E+00	 0.00000E+00
 2.55000E-07	 0.00000E+00	 0.00000E+00
 3.80000E-07	 0.00000E+00	 0.00000E+00
 3.80000E-07	 0.00000E+00	 0.00000E+00
 5.50000E-07	 0.00000E+00	 0.00000E+00
 5.50000E-07	 0.00000E+00	 0.00000E+00
 8.40000E-07	 0.00000E+00	 0.00000E+00
 8.40000E-07	 0.00000E+00	 0.00000E+00
 1.27500E-06	 0.00000E+00	 0.00000E+00
 1.27500E-06	 0.00000E+00	 0.00000E+00
 1.90000E-06	 0.00000E+00	 0.00000E+00
 1.90000E-06	 0.00000E+00	 0.00000E+00
 2.80000E-06	 0.00000E+00	 0.00000E+00
 2.80000E-06	 1.79184E+07	 1.79179E+07
 4.25000E-06	 1.79184E+07	 1.79179E+07
 4.25000E-06	 1.89671E+07	 1.89665E+07
 6.30000E-06	 1.89671E+07	 1.89665E+07
 6.30000E-06	 1.96957E+07	 1.96950E+07
 9.20000E-06	 1.96957E+07	 1.96950E+07
 9.20000E-06	 3.59001E+08	 3.58952E+08
 1.35000E-05	 3.59001E+08	 3.58952E+08
 1.35000E-05	 7.13922E+08	 7.13839E+08
 2.10000E-05	 7.13922E+08	 7.13839E+08
 2.10000E-05	 4.62063E+08	 4.62017E+08
 3.00000E-05	 4.62063E+08	 4.62017E+08
 3.00000E-05	 3.59374E+08	 3.59344E+08
 4.50000E-05	 3.59374E+08	 3.59344E+08
 4.50000E-05	 3.57652E+08	 3.57626E+08
 6.90000E-05	 3.57652E+08	 3.57626E+08
 6.90000E-05	 4.23565E+08	 4.23540E+08
 1.00000E-04	 4.23565E+08	 4.23540E+08
 1.00000E-04	 5.30901E+08	 5.30876E+08
 1.35000E-04	 5.30901E+08	 5.30876E+08
 1.35000E-04	 1.74350E+09	 1.74343E+09
 1.70000E-04	 1.74350E+09	 1.74343E+09
 1.70000E-04	 3.86165E+08	 3.86150E+08
 2.20000E-04	 3.86165E+08	 3.86150E+08
 2.20000E-04	 4.08678E+08	 4.08662E+08
 2.80000E-04	 4.08678E+08	 4.08662E+08
 2.80000E-04	 3.86714E+08	 3.86700E+08
 3.60000E-04	 3.86714E+08	 3.86700E+08
 3.60000E-04	 4.27183E+08	 4.27166E+08
 4.50000E-04	 4.27183E+08	 4.27166E+08
 4.50000E-04	 1.26448E+09	 1.26443E+09
 5.75000E-04	 1.26448E+09	 1.26443E+09
 5.75000E-04	 9.94426E+08	 9.94382E+08
 7.60000E-04	 9.94426E+08	 9.94382E+08
 7.60000E-04	 1.15274E+09	 1.15267E+09
 9.60000E-04	 1.15274E+09	 1.15267E+09
 9.60000E-04	 9.20918E+08	 9.20851E+08
 1.27500E-03	 9.20918E+08	 9.20851E+08
 1.27500E-03	 7.05219E+08	 7.05154E+08
 1.60000E-03	 7.05219E+08	 7.05154E+08
 1.60000E-03	 6.87377E+08	 6.87300E+08
 2.00000E-03	 6.87377E+08	 6.87300E+08
 2.00000E-03	 7.76090E+08	 7.75992E+08
 2.70000E-03	 7.76090E+08	 7.75992E+08
 2.70000E-03	 5.47207E+08	 5.47133E+08
 3.40000E-03	 5.47207E+08	 5.47133E+08
 3.40000E-03	 4.23397E+08	 4.23338E+08
 4.50000E-03	 4.23397E+08	 4.23338E+08
 4.50000E-03	 5.50237E+08	 5.50159E+08
 5.50000E-03	 5.50237E+08	 5.50159E+08
 5.50000E-03	 2.33378E+08	 2.33345E+08
 7.20000E-03	 2.33378E+08	 2.33345E+08
 7.20000E-03	 7.34032E+08	 7.33924E+08
 9.20000E-03	 7.34032E+08	 7.33924E+08
 9.20000E-03	 6.20861E+08	 6.20767E+08
 1.20000E-02	 6.20861E+08	 6.20767E+08
 1.20000E-02	 7.83368E+08	 7.83241E+08
 1.50000E-02	 7.83368E+08	 7.83241E+08
 1.50000E-02	 2.66374E+08	 2.66328E+08
 1.90000E-02	 2.66374E+08	 2.66328E+08
 1.90000E-02	 8.05573E+08	 8.05422E+08
 2.55000E-02	 8.05573E+08	 8.05422E+08
 2.55000E-02	 5.35981E+08	 5.35872E+08
 3.20000E-02	 5.35981E+08	 5.35872E+08
 3.20000E-02	 2.04840E+08	 2.04797E+08
 4.00000E-02	 2.04840E+08	 2.04797E+08
 4.00000E-02	 1.50423E+08	 1.50389E+08
 5.25000E-02	 1.50423E+08	 1.50389E+08
 5.25000E-02	 1.59108E+08	 1.59073E+08
 6.60000E-02	 1.59108E+08	 1.59073E+08
 6.60000E-02	 1.03001E+08	 1.02979E+08
 8.80000E-02	 1.03001E+08	 1.02979E+08
 8.80000E-02	 1.83293E+08	 1.83256E+08
 1.10000E-01	 1.83293E+08	 1.83256E+08
 1.10000E-01	 2.08646E+08	 2.08610E+08
 1.35000E-01	 2.08646E+08	 2.08610E+08
 1.35000E-01	 2.27354E+08	 2.27322E+08
 1.60000E-01	 2.27354E+08	 2.27322E+08
 1.60000E-01	 2.17610E+08	 2.17587E+08
 1.90000E-01	 2.17610E+08	 2.17587E+08
 1.90000E-01	 1.69690E+08	 1.69681E+08
 2.20000E-01	 1.69690E+08	 1.69681E+08
 2.20000E-01	 1.61905E+08	 1.61905E+08
 2.55000E-01	 1.61905E+08	 1.61905E+08
 2.55000E-01	 1.97763E+06	 1.97777E+06
 2.90000E-01	 1.97763E+06	 1.97777E+06
 2.90000E-01	 2.66354E+06	 2.66394E+06
 3.20000E-01	 2.66354E+06	 2.66394E+06
 3.20000E-01	 2.39385E+06	 2.39441E+06
 3.60000E-01	 2.39385E+06	 2.39441E+06
 3.60000E-01	 1.28392E+08	 1.28434E+08
 4.00000E-01	 1.28392E+08	 1.28434E+08
 4.00000E-01	 1.33706E+08	 1.33761E+08
 4.50000E-01	 1.33706E+08	 1.33761E+08
 4.50000E-01	 1.79743E+08	 1.79831E+08
 5.00000E-01	 1.79743E+08	 1.79831E+08
 5.00000E-01	 4.41303E+08	 4.41546E+08
 5.50000E-01	 4.41303E+08	 4.41546E+08
 5.50000E-01	 1.00293E+08	 1.00350E+08
 6.00000E-01	 1.00293E+08	 1.00350E+08
 6.00000E-01	 3.49852E+08	 3.50050E+08
 6.60000E-01	 3.49852E+08	 3.50050E+08
 6.60000E-01	 1.47060E+09	 1.47136E+09
 7.20000E-01	 1.47060E+09	 1.47136E+09
 7.20000E-01	 2.30678E+09	 2.30777E+09
 7.80000E-01	 2.30678E+09	 2.30777E+09
 7.80000E-01	 3.16894E+09	 3.16999E+09
 8.40000E-01	 3.16894E+09	 3.16999E+09
 8.40000E-01	 5.44537E+09	 5.44663E+09
 9.20000E-01	 5.44537E+09	 5.44663E+09
 9.20000E-01	 2.35012E+09	 2.35046E+09
 1.00000E+00	 2.35012E+09	 2.35046E+09
 1.00000E+00	 2.68297E+09	 2.68318E+09
 1.20000E+00	 2.68297E+09	 2.68318E+09
 1.20000E+00	 2.19689E+09	 2.19697E+09
 1.40000E+00	 2.19689E+09	 2.19697E+09
 1.40000E+00	 4.80843E+09	 4.80852E+09
 1.60000E+00	 4.80843E+09	 4.80852E+09
 1.60000E+00	 5.46230E+09	 5.46238E+09
 1.80000E+00	 5.46230E+09	 5.46238E+09
 1.80000E+00	 6.37322E+09	 6.37328E+09
 2.00000E+00	 6.37322E+09	 6.37328E+09
 2.00000E+00	 9.59252E+09	 9.59255E+09
 2.30000E+00	 9.59252E+09	 9.59255E+09
 2.30000E+00	 1.71463E+08	 1.71462E+08
 2.60000E+00	 1.71463E+08	 1.71462E+08
 2.60000E+00	 1.71199E+08	 1.71197E+08
 2.90000E+00	 1.71199E+08	 1.71197E+08
 2.90000E+00	 1.20962E+08	 1.20959E+08
 3.30000E+00	 1.20962E+08	 1.20959E+08
 3.30000E+00	 1.06967E+08	 1.06962E+08
 3.70000E+00	 1.06967E+08	 1.06962E+08
 3.70000E+00	 1.67555E+09	 1.67537E+09
 4.10000E+00	 1.67555E+09	 1.67537E+09
 4.10000E+00	 2.25980E+09	 2.25923E+09
 4.50000E+00	 2.25980E+09	 2.25923E+09
 4.50000E+00	 7.34922E+08	 7.34527E+08
 5.00000E+00	 7.34922E+08	 7.34527E+08
 5.00000E+00	 5.09421E+08	 5.08895E+08
 5.50000E+00	 5.09421E+08	 5.08895E+08
 5.50000E+00	 3.42585E+08	 3.41983E+08
 6.00000E+00	 3.42585E+08	 3.41983E+08
 6.00000E+00	 2.88890E+07	 2.88127E+07
 6.70000E+00	 2.88890E+07	 2.88127E+07
 6.70000E+00	 2.04132E+07	 2.03419E+07
 7.40000E+00	 2.04132E+07	 2.03419E+07
 7.40000E+00	 7.98150E+07	 7.94918E+07
 8.20000E+00	 7.98150E+07	 7.94918E+07
 8.20000E+00	 3.47571E+07	 3.46148E+07
 9.00000E+00	 3.47571E+07	 3.46148E+07
 9.00000E+00	 2.39008E+07	 2.38149E+07
 1.00000E+01	 2.39008E+07	 2.38149E+07
 1.00000E+01	 2.99134E+07	 2.98324E+07
 1.10000E+01	 2.99134E+07	 2.98324E+07
 1.10000E+01	 2.72983E+07	 2.72520E+07
 1.20000E+01	 2.72983E+07	 2.72520E+07
 1.20000E+01	 2.29628E+07	 2.29442E+07
 1.30000E+01	 2.29628E+07	 2.29442E+07
 1.30000E+01	 5.82484E+10	 5.82434E+10
 1.40000E+01	 5.82484E+10	 5.82434E+10
 1.40000E+01	 7.41638E+10	 7.41589E+10
 1.50000E+01	 7.41638E+10	 7.41589E+10
 1.50000E+01	 1.86385E+08	 1.86376E+08
 1.60000E+01	 1.86385E+08	 1.86376E+08
 1.60000E+01	 0.00000E+00	 0.00000E+00
 1.70000E+01	 0.00000E+00	 0.00000E+00
 1.70000E+01	 0.00000E+00	 0.00000E+00
 1.80000E+01	 0.00000E+00	 0.00000E+00
 1.80000E+01	 0.00000E+00	 0.00000E+00
 1.90000E+01	 0.00000E+00	 0.00000E+00
 1.90000E+01	 0.00000E+00	 0.00000E+00
 2.00000E+01	 0.00000E+00	 0.00000E+00
 2.00000E+01	 0.00000E+00	 0.00000E+00
 2.10000E+01	 0.00000E+00	 0.00000E+00
 2.10000E+01	 0.00000E+00	 0.00000E+00
 2.20000E+01	 0.00000E+00	 0.00000E+00
 2.20000E+01	 0.00000E+00	 0.00000E+00
 2.30000E+01	 0.00000E+00	 0.00000E+00
 2.30000E+01	 0.00000E+00	 0.00000E+00
 2.40000E+01	 0.00000E+00	 0.00000E+00
 2.40000E+01	 0.00000E+00	 0.00000E+00
 2.50000E+01	 0.00000E+00	 0.00000E+00
 2.50000E+01	 0.00000E+00	 0.00000E+00
 2.60000E+01	 0.00000E+00	 0.00000E+00
 2.60000E+01	 0.00000E+00	 0.00000E+00
 2.70000E+01	 0.00000E+00	 0.00000E+00
 2.70000E+01	 0.00000E+00	 0.00000E+00
 2.80000E+01	 0.00000E+00	 0.00000E+00
 2.80000E+01	 0.00000E+00	 0.00000E+00
 2.90000E+01	 0.00000E+00	 0.00000E+00
 2.90000E+01	 0.00000E+00	 0.00000E+00
 3.00000E+01	 0.00000E+00	 0.00000E+00
 3.00000E+01	 0.00000E+00	 0.00000E+00
 3.10000E+01	 0.00000E+00	 0.00000E+00
 3.10000E+01	 0.00000E+00	 0.00000E+00
 3.20000E+01	 0.00000E+00	 0.00000E+00
 3.20000E+01	 0.00000E+00	 0.00000E+00
 3.30000E+01	 0.00000E+00	 0.00000E+00
 3.30000E+01	 0.00000E+00	 0.00000E+00
 3.40000E+01	 0.00000E+00	 0.00000E+00
 3.40000E+01	 0.00000E+00	 0.00000E+00
 3.50000E+01	 0.00000E+00	 0.00000E+00
 3.50000E+01	 0.00000E+00	 0.00000E+00
 3.60000E+01	 0.00000E+00	 0.00000E+00
 3.60000E+01	 0.00000E+00	 0.00000E+00
 3.70000E+01	 0.00000E+00	 0.00000E+00
 3.70000E+01	 0.00000E+00	 0.00000E+00
 3.80000E+01	 0.00000E+00	 0.00000E+00
 3.80000E+01	 0.00000E+00	 0.00000E+00
 3.90000E+01	 0.00000E+00	 0.00000E+00
 3.90000E+01	 0.00000E+00	 0.00000E+00
 4.00000E+01	 0.00000E+00	 0.00000E+00
 4.00000E+01	 0.00000E+00	 0.00000E+00
 4.10000E+01	 0.00000E+00	 0.00000E+00
 4.10000E+01	 0.00000E+00	 0.00000E+00
 4.20000E+01	 0.00000E+00	 0.00000E+00
 4.20000E+01	 0.00000E+00	 0.00000E+00
 4.30000E+01	 0.00000E+00	 0.00000E+00
 4.30000E+01	 0.00000E+00	 0.00000E+00
 4.40000E+01	 0.00000E+00	 0.00000E+00
 4.40000E+01	 0.00000E+00	 0.00000E+00
 4.50000E+01	 0.00000E+00	 0.00000E+00
 4.50000E+01	 0.00000E+00	 0.00000E+00
 4.60000E+01	 0.00000E+00	 0.00000E+00
 4.60000E+01	 0.00000E+00	 0.00000E+00
 4.70000E+01	 0.00000E+00	 0.00000E+00
 4.70000E+01	 0.00000E+00	 0.00000E+00
 4.80000E+01	 0.00000E+00	 0.00000E+00
 4.80000E+01	 0.00000E+00	 0.00000E+00
 4.90000E+01	 0.00000E+00	 0.00000E+00
 4.90000E+01	 0.00000E+00	 0.00000E+00
 5.00000E+01	 0.00000E+00	 0.00000E+00
 5.00000E+01	 0.00000E+00	 0.00000E+00
 5.10000E+01	 0.00000E+00	 0.00000E+00
 5.10000E+01	 0.00000E+00	 0.00000E+00
 5.20000E+01	 0.00000E+00	 0.00000E+00
 5.20000E+01	 0.00000E+00	 0.00000E+00
 5.30000E+01	 0.00000E+00	 0.00000E+00
 5.30000E+01	 0.00000E+00	 0.00000E+00
 5.40000E+01	 0.00000E+00	 0.00000E+00
 5.40000E+01	 0.00000E+00	 0.00000E+00
 5.50000E+01	 0.00000E+00	 0.00000E+00
 5.50000E+01	 0.00000E+00	 0.00000E+00
 5.60000E+01	 0.00000E+00	 0.00000E+00
 5.60000E+01	 0.00000E+00	 0.00000E+00
 5.70000E+01	 0.00000E+00	 0.00000E+00
 5.70000E+01	 0.00000E+00	 0.00000E+00
 5.80000E+01	 0.00000E+00	 0.00000E+00
 5.80000E+01	 0.00000E+00	 0.00000E+00
 5.90000E+01	 0.00000E+00	 0.00000E+00
 5.90000E+01	 0.00000E+00	 0.00000E+00
 6.00000E+01	 0.00000E+00	 0.00000E+00
