   E (MeV)	Unadj. F×Eavg	Adj. F×Eavg
 1.00000E-10	 0.00000E+00	 0.00000E+00
 1.00000E-09	 0.00000E+00	 0.00000E+00
 1.00000E-09	 0.00000E+00	 0.00000E+00
 1.00000E-08	 0.00000E+00	 0.00000E+00
 1.00000E-08	 0.00000E+00	 0.00000E+00
 2.30000E-08	 0.00000E+00	 0.00000E+00
 2.30000E-08	 0.00000E+00	 0.00000E+00
 5.00000E-08	 0.00000E+00	 0.00000E+00
 5.00000E-08	 0.00000E+00	 0.00000E+00
 7.60000E-08	 0.00000E+00	 0.00000E+00
 7.60000E-08	 0.00000E+00	 0.00000E+00
 1.15000E-07	 0.00000E+00	 0.00000E+00
 1.15000E-07	 0.00000E+00	 0.00000E+00
 1.70000E-07	 0.00000E+00	 0.00000E+00
 1.70000E-07	 0.00000E+00	 0.00000E+00
 2.55000E-07	 0.00000E+00	 0.00000E+00
 2.55000E-07	 0.00000E+00	 0.00000E+00
 3.80000E-07	 0.00000E+00	 0.00000E+00
 3.80000E-07	 0.00000E+00	 0.00000E+00
 5.50000E-07	 0.00000E+00	 0.00000E+00
 5.50000E-07	 0.00000E+00	 0.00000E+00
 8.40000E-07	 0.00000E+00	 0.00000E+00
 8.40000E-07	 0.00000E+00	 0.00000E+00
 1.27500E-06	 0.00000E+00	 0.00000E+00
 1.27500E-06	 0.00000E+00	 0.00000E+00
 1.90000E-06	 0.00000E+00	 0.00000E+00
 1.90000E-06	 0.00000E+00	 0.00000E+00
 2.80000E-06	 0.00000E+00	 0.00000E+00
 2.80000E-06	 1.62108E+07	 1.62152E+07
 4.25000E-06	 1.62108E+07	 1.62152E+07
 4.25000E-06	 1.71719E+07	 1.71765E+07
 6.30000E-06	 1.71719E+07	 1.71765E+07
 6.30000E-06	 1.78444E+07	 1.78491E+07
 9.20000E-06	 1.78444E+07	 1.78491E+07
 9.20000E-06	 3.74882E+08	 3.74885E+08
 1.35000E-05	 3.74882E+08	 3.74885E+08
 1.35000E-05	 7.42818E+08	 7.42853E+08
 2.10000E-05	 7.42818E+08	 7.42853E+08
 2.10000E-05	 4.77816E+08	 4.77855E+08
 3.00000E-05	 4.77816E+08	 4.77855E+08
 3.00000E-05	 3.68762E+08	 3.68804E+08
 4.50000E-05	 3.68762E+08	 3.68804E+08
 4.50000E-05	 3.64072E+08	 3.64126E+08
 6.90000E-05	 3.64072E+08	 3.64126E+08
 6.90000E-05	 4.28151E+08	 4.28226E+08
 1.00000E-04	 4.28151E+08	 4.28226E+08
 1.00000E-04	 5.34130E+08	 5.34236E+08
 1.35000E-04	 5.34130E+08	 5.34236E+08
 1.35000E-04	 1.75027E+09	 1.75064E+09
 1.70000E-04	 1.75027E+09	 1.75064E+09
 1.70000E-04	 3.87866E+08	 3.87949E+08
 2.20000E-04	 3.87866E+08	 3.87949E+08
 2.20000E-04	 4.11454E+08	 4.11542E+08
 2.80000E-04	 4.11454E+08	 4.11542E+08
 2.80000E-04	 3.90493E+08	 3.90576E+08
 3.60000E-04	 3.90493E+08	 3.90576E+08
 3.60000E-04	 4.32506E+08	 4.32598E+08
 4.50000E-04	 4.32506E+08	 4.32598E+08
 4.50000E-04	 1.28267E+09	 1.28294E+09
 5.75000E-04	 1.28267E+09	 1.28294E+09
 5.75000E-04	 1.00981E+09	 1.01001E+09
 7.60000E-04	 1.00981E+09	 1.01001E+09
 7.60000E-04	 1.17120E+09	 1.17140E+09
 9.60000E-04	 1.17120E+09	 1.17140E+09
 9.60000E-04	 9.36907E+08	 9.37022E+08
 1.27500E-03	 9.36907E+08	 9.37022E+08
 1.27500E-03	 7.19201E+08	 7.19253E+08
 1.60000E-03	 7.19201E+08	 7.19253E+08
 1.60000E-03	 7.03364E+08	 7.03383E+08
 2.00000E-03	 7.03364E+08	 7.03383E+08
 2.00000E-03	 7.97554E+08	 7.97553E+08
 2.70000E-03	 7.97554E+08	 7.97553E+08
 2.70000E-03	 5.64763E+08	 5.64757E+08
 3.40000E-03	 5.64763E+08	 5.64757E+08
 3.40000E-03	 4.38626E+08	 4.38625E+08
 4.50000E-03	 4.38626E+08	 4.38625E+08
 4.50000E-03	 5.71102E+08	 5.71110E+08
 5.50000E-03	 5.71102E+08	 5.71110E+08
 5.50000E-03	 2.42390E+08	 2.42399E+08
 7.20000E-03	 2.42390E+08	 2.42399E+08
 7.20000E-03	 7.61690E+08	 7.61734E+08
 9.20000E-03	 7.61690E+08	 7.61734E+08
 9.20000E-03	 6.42666E+08	 6.42717E+08
 1.20000E-02	 6.42666E+08	 6.42717E+08
 1.20000E-02	 8.08061E+08	 8.08142E+08
 1.50000E-02	 8.08061E+08	 8.08142E+08
 1.50000E-02	 2.73449E+08	 2.73482E+08
 1.90000E-02	 2.73449E+08	 2.73482E+08
 1.90000E-02	 8.21876E+08	 8.21995E+08
 2.55000E-02	 8.21876E+08	 8.21995E+08
 2.55000E-02	 5.42839E+08	 5.42933E+08
 3.20000E-02	 5.42839E+08	 5.42933E+08
 3.20000E-02	 2.05745E+08	 2.05788E+08
 4.00000E-02	 2.05745E+08	 2.05788E+08
 4.00000E-02	 1.49680E+08	 1.49717E+08
 5.25000E-02	 1.49680E+08	 1.49717E+08
 5.25000E-02	 1.56762E+08	 1.56807E+08
 6.60000E-02	 1.56762E+08	 1.56807E+08
 6.60000E-02	 1.00468E+08	 1.00502E+08
 8.80000E-02	 1.00468E+08	 1.00502E+08
 8.80000E-02	 1.76991E+08	 1.77060E+08
 1.10000E-01	 1.76991E+08	 1.77060E+08
 1.10000E-01	 1.99631E+08	 1.99722E+08
 1.35000E-01	 1.99631E+08	 1.99722E+08
 1.35000E-01	 2.15826E+08	 2.15941E+08
 1.60000E-01	 2.15826E+08	 2.15941E+08
 1.60000E-01	 2.05187E+08	 2.05317E+08
 1.90000E-01	 2.05187E+08	 2.05317E+08
 1.90000E-01	 1.59278E+08	 1.59399E+08
 2.20000E-01	 1.59278E+08	 1.59399E+08
 2.20000E-01	 1.51540E+08	 1.51679E+08
 2.55000E-01	 1.51540E+08	 1.51679E+08
 2.55000E-01	 1.84972E+06	 1.85179E+06
 2.90000E-01	 1.84972E+06	 1.85179E+06
 2.90000E-01	 2.49417E+06	 2.49754E+06
 3.20000E-01	 2.49417E+06	 2.49754E+06
 3.20000E-01	 2.24752E+06	 2.25118E+06
 3.60000E-01	 2.24752E+06	 2.25118E+06
 3.60000E-01	 1.20971E+08	 1.21204E+08
 4.00000E-01	 1.20971E+08	 1.21204E+08
 4.00000E-01	 1.26390E+08	 1.26671E+08
 4.50000E-01	 1.26390E+08	 1.26671E+08
 4.50000E-01	 1.70211E+08	 1.70635E+08
 5.00000E-01	 1.70211E+08	 1.70635E+08
 5.00000E-01	 4.17167E+08	 4.18289E+08
 5.50000E-01	 4.17167E+08	 4.18289E+08
 5.50000E-01	 9.42206E+07	 9.44821E+07
 6.00000E-01	 9.42206E+07	 9.44821E+07
 6.00000E-01	 3.24636E+08	 3.25520E+08
 6.60000E-01	 3.24636E+08	 3.25520E+08
 6.60000E-01	 1.33745E+09	 1.34083E+09
 7.20000E-01	 1.33745E+09	 1.34083E+09
 7.20000E-01	 2.04427E+09	 2.04879E+09
 7.80000E-01	 2.04427E+09	 2.04879E+09
 7.80000E-01	 2.70790E+09	 2.71286E+09
 8.40000E-01	 2.70790E+09	 2.71286E+09
 8.40000E-01	 4.46380E+09	 4.47022E+09
 9.20000E-01	 4.46380E+09	 4.47022E+09
 9.20000E-01	 1.84180E+09	 1.84380E+09
 1.00000E+00	 1.84180E+09	 1.84380E+09
 1.00000E+00	 2.01089E+09	 2.01252E+09
 1.20000E+00	 2.01089E+09	 2.01252E+09
 1.20000E+00	 1.58209E+09	 1.58306E+09
 1.40000E+00	 1.58209E+09	 1.58306E+09
 1.40000E+00	 3.36197E+09	 3.36365E+09
 1.60000E+00	 3.36197E+09	 3.36365E+09
 1.60000E+00	 3.76910E+09	 3.77076E+09
 1.80000E+00	 3.76910E+09	 3.77076E+09
 1.80000E+00	 4.44011E+09	 4.44193E+09
 2.00000E+00	 4.44011E+09	 4.44193E+09
 2.00000E+00	 6.94374E+09	 6.94645E+09
 2.30000E+00	 6.94374E+09	 6.94645E+09
 2.30000E+00	 1.33649E+08	 1.33698E+08
 2.60000E+00	 1.33649E+08	 1.33698E+08
 2.60000E+00	 1.49675E+08	 1.49726E+08
 2.90000E+00	 1.49675E+08	 1.49726E+08
 2.90000E+00	 1.23955E+08	 1.23994E+08
 3.30000E+00	 1.23955E+08	 1.23994E+08
 3.30000E+00	 1.34228E+08	 1.34264E+08
 3.70000E+00	 1.34228E+08	 1.34264E+08
 3.70000E+00	 2.67942E+09	 2.68002E+09
 4.10000E+00	 2.67942E+09	 2.68002E+09
 4.10000E+00	 4.74638E+09	 4.74708E+09
 4.50000E+00	 4.74638E+09	 4.74708E+09
 4.50000E+00	 2.05906E+09	 2.05904E+09
 5.00000E+00	 2.05906E+09	 2.05904E+09
 5.00000E+00	 1.89094E+09	 1.89028E+09
 5.50000E+00	 1.89094E+09	 1.89028E+09
 5.50000E+00	 1.62766E+09	 1.62609E+09
 6.00000E+00	 1.62766E+09	 1.62609E+09
 6.00000E+00	 1.64092E+08	 1.63781E+08
 6.70000E+00	 1.64092E+08	 1.63781E+08
 6.70000E+00	 1.25176E+08	 1.24798E+08
 7.40000E+00	 1.25176E+08	 1.24798E+08
 7.40000E+00	 4.64352E+08	 4.62472E+08
 8.20000E+00	 4.64352E+08	 4.62472E+08
 8.20000E+00	 1.67585E+08	 1.66814E+08
 9.00000E+00	 1.67585E+08	 1.66814E+08
 9.00000E+00	 8.74553E+07	 8.70690E+07
 1.00000E+01	 8.74553E+07	 8.70690E+07
 1.00000E+01	 8.64946E+07	 8.61910E+07
 1.10000E+01	 8.64946E+07	 8.61910E+07
 1.10000E+01	 7.31792E+07	 7.30188E+07
 1.20000E+01	 7.31792E+07	 7.30188E+07
 1.20000E+01	 6.24493E+07	 6.23943E+07
 1.30000E+01	 6.24493E+07	 6.23943E+07
 1.30000E+01	 6.11769E+10	 6.11868E+10
 1.40000E+01	 6.11769E+10	 6.11868E+10
 1.40000E+01	 7.16162E+10	 7.16304E+10
 1.50000E+01	 7.16162E+10	 7.16304E+10
 1.50000E+01	 1.54428E+08	 1.54464E+08
 1.60000E+01	 1.54428E+08	 1.54464E+08
 1.60000E+01	 0.00000E+00	 0.00000E+00
 1.70000E+01	 0.00000E+00	 0.00000E+00
 1.70000E+01	 0.00000E+00	 0.00000E+00
 1.80000E+01	 0.00000E+00	 0.00000E+00
 1.80000E+01	 0.00000E+00	 0.00000E+00
 1.90000E+01	 0.00000E+00	 0.00000E+00
 1.90000E+01	 0.00000E+00	 0.00000E+00
 2.00000E+01	 0.00000E+00	 0.00000E+00
 2.00000E+01	 0.00000E+00	 0.00000E+00
 2.10000E+01	 0.00000E+00	 0.00000E+00
 2.10000E+01	 0.00000E+00	 0.00000E+00
 2.20000E+01	 0.00000E+00	 0.00000E+00
 2.20000E+01	 0.00000E+00	 0.00000E+00
 2.30000E+01	 0.00000E+00	 0.00000E+00
 2.30000E+01	 0.00000E+00	 0.00000E+00
 2.40000E+01	 0.00000E+00	 0.00000E+00
 2.40000E+01	 0.00000E+00	 0.00000E+00
 2.50000E+01	 0.00000E+00	 0.00000E+00
 2.50000E+01	 0.00000E+00	 0.00000E+00
 2.60000E+01	 0.00000E+00	 0.00000E+00
 2.60000E+01	 0.00000E+00	 0.00000E+00
 2.70000E+01	 0.00000E+00	 0.00000E+00
 2.70000E+01	 0.00000E+00	 0.00000E+00
 2.80000E+01	 0.00000E+00	 0.00000E+00
 2.80000E+01	 0.00000E+00	 0.00000E+00
 2.90000E+01	 0.00000E+00	 0.00000E+00
 2.90000E+01	 0.00000E+00	 0.00000E+00
 3.00000E+01	 0.00000E+00	 0.00000E+00
 3.00000E+01	 0.00000E+00	 0.00000E+00
 3.10000E+01	 0.00000E+00	 0.00000E+00
 3.10000E+01	 0.00000E+00	 0.00000E+00
 3.20000E+01	 0.00000E+00	 0.00000E+00
 3.20000E+01	 0.00000E+00	 0.00000E+00
 3.30000E+01	 0.00000E+00	 0.00000E+00
 3.30000E+01	 0.00000E+00	 0.00000E+00
 3.40000E+01	 0.00000E+00	 0.00000E+00
 3.40000E+01	 0.00000E+00	 0.00000E+00
 3.50000E+01	 0.00000E+00	 0.00000E+00
 3.50000E+01	 0.00000E+00	 0.00000E+00
 3.60000E+01	 0.00000E+00	 0.00000E+00
 3.60000E+01	 0.00000E+00	 0.00000E+00
 3.70000E+01	 0.00000E+00	 0.00000E+00
 3.70000E+01	 0.00000E+00	 0.00000E+00
 3.80000E+01	 0.00000E+00	 0.00000E+00
 3.80000E+01	 0.00000E+00	 0.00000E+00
 3.90000E+01	 0.00000E+00	 0.00000E+00
 3.90000E+01	 0.00000E+00	 0.00000E+00
 4.00000E+01	 0.00000E+00	 0.00000E+00
 4.00000E+01	 0.00000E+00	 0.00000E+00
 4.10000E+01	 0.00000E+00	 0.00000E+00
 4.10000E+01	 0.00000E+00	 0.00000E+00
 4.20000E+01	 0.00000E+00	 0.00000E+00
 4.20000E+01	 0.00000E+00	 0.00000E+00
 4.30000E+01	 0.00000E+00	 0.00000E+00
 4.30000E+01	 0.00000E+00	 0.00000E+00
 4.40000E+01	 0.00000E+00	 0.00000E+00
 4.40000E+01	 0.00000E+00	 0.00000E+00
 4.50000E+01	 0.00000E+00	 0.00000E+00
 4.50000E+01	 0.00000E+00	 0.00000E+00
 4.60000E+01	 0.00000E+00	 0.00000E+00
 4.60000E+01	 0.00000E+00	 0.00000E+00
 4.70000E+01	 0.00000E+00	 0.00000E+00
 4.70000E+01	 0.00000E+00	 0.00000E+00
 4.80000E+01	 0.00000E+00	 0.00000E+00
 4.80000E+01	 0.00000E+00	 0.00000E+00
 4.90000E+01	 0.00000E+00	 0.00000E+00
 4.90000E+01	 0.00000E+00	 0.00000E+00
 5.00000E+01	 0.00000E+00	 0.00000E+00
 5.00000E+01	 0.00000E+00	 0.00000E+00
 5.10000E+01	 0.00000E+00	 0.00000E+00
 5.10000E+01	 0.00000E+00	 0.00000E+00
 5.20000E+01	 0.00000E+00	 0.00000E+00
 5.20000E+01	 0.00000E+00	 0.00000E+00
 5.30000E+01	 0.00000E+00	 0.00000E+00
 5.30000E+01	 0.00000E+00	 0.00000E+00
 5.40000E+01	 0.00000E+00	 0.00000E+00
 5.40000E+01	 0.00000E+00	 0.00000E+00
 5.50000E+01	 0.00000E+00	 0.00000E+00
 5.50000E+01	 0.00000E+00	 0.00000E+00
 5.60000E+01	 0.00000E+00	 0.00000E+00
 5.60000E+01	 0.00000E+00	 0.00000E+00
 5.70000E+01	 0.00000E+00	 0.00000E+00
 5.70000E+01	 0.00000E+00	 0.00000E+00
 5.80000E+01	 0.00000E+00	 0.00000E+00
 5.80000E+01	 0.00000E+00	 0.00000E+00
 5.90000E+01	 0.00000E+00	 0.00000E+00
 5.90000E+01	 0.00000E+00	 0.00000E+00
 6.00000E+01	 0.00000E+00	 0.00000E+00
