NIF_RUN Passive 18x snout on TANDM 90-348 Pinhole
  140    6    1    0    1  <-- KG    KA    IPNT  IACT  KQT  (5I5)
0.005  9.0  0.03  0.001       <-- ACVX  FCHN  FCVX  FS         (free format)
0.0   0   0  1 1.0  <-- AK1   NORML ILOG  TIME  ACNM (free fmt: R,I,I,R,R)
ZR902    4.147E-14 0.011                       IFX
IN115N   1.039E-14 0.012                       IFX
AU197G   2.386E-14 0.012            AUNG 3.937 IFX
IN115G   3.612E-14 0.028            INNG 39.37 IFX
AU1972   2.606E-13 0.012                       IFX
Al27A    1.501E-14 0.012                       IFX
Flux Uncertainty 
 140                          <-- NGP  (I4)
 0.0000e+00
 0.0000e+00
 0.0000e+00
 0.0000e+00
 0.0000e+00
 0.0000e+00
 0.0000e+00
 0.0000e+00
 0.0000e+00
 0.0000e+00
 0.0000e+00
 0.0000e+00
 0.0000e+00
 0.0000e+00
 8.5680e-01
 8.5640e-01
 8.5610e-01
 8.5580e-01
 8.5540e-01
 8.5480e-01
 8.5370e-01
 8.5200e-01
 8.4920e-01
 8.4470e-01
 8.4130e-01
 8.3630e-01
 8.1910e-01
 7.9380e-01
 7.5040e-01
 6.7730e-01
 5.7000e-01
 4.2070e-01
 2.5020e-01
 1.0910e-01
 5.3600e-02
 4.2300e-02
 3.4100e-02
 2.7900e-02
 2.3300e-02
 1.9900e-02
 1.7300e-02
 1.5400e-02
 1.3900e-02
 1.2800e-02
 1.2100e-02
 1.1600e-02
 1.1400e-02
 1.1400e-02
 1.1500e-02
 1.1900e-02
 1.2400e-02
 1.3200e-02
 1.4300e-02
 1.5700e-02
 1.7400e-02
 1.9500e-02
 2.2100e-02
 2.5200e-02
 2.8900e-02
 3.3400e-02
 3.8700e-02
 4.4900e-02
 5.2300e-02
 6.0900e-02
 7.1000e-02
 8.2900e-02
 1.0080e-01
 1.2480e-01
 1.5460e-01
 1.9400e-01
 2.3470e-01
 2.6880e-01
 2.9030e-01
 2.9410e-01
 2.7940e-01
 2.4870e-01
 2.0640e-01
 1.5880e-01
 1.1390e-01
 7.6800e-02
 5.7600e-02
 4.3900e-02
 3.4200e-02
 2.7100e-02
 2.2000e-02
 1.8200e-02
 1.5400e-02
 1.3300e-02
 1.1700e-02
 1.0600e-02
 9.8000e-03
 9.2000e-03
 8.9000e-03
 8.8000e-03
 8.9000e-03
 9.3000e-03
 0.00
 0.00
 0.00
 0.00
 0.00
 0.00
 0.00
 0.00
 0.00
 0.00
 0.00
 0.00
 0.00
 0.00
 0.00
 0.00
 0.00
 0.00
 0.00
 0.00
 0.00
 0.00
 0.00
 0.00
 0.00
 0.00
 0.00
 0.00
 0.00
 0.00
 0.00
 0.00
 0.00
 0.00
 0.00
 0.00
 0.00
 0.00
 0.00
 0.00
 0.00
 0.00
 0.00
 0.00
Input Flux Spectrum
 140 0 1.000E+00 0.000E+00 0.000E+00   <-- NGP, ITHERM, TNORM, TMPR, ETE  (2I4, 3F10.4)
 0.0000e+00
 0.0000e+00
 0.0000e+00
 0.0000e+00
 0.0000e+00
 0.0000e+00
 0.0000e+00
 0.0000e+00
 0.0000e+00
 0.0000e+00
 0.0000e+00
 0.0000e+00
 0.0000e+00
 0.0000e+00
 5.2155e+02
 4.9192e+02
 4.7801e+02
 4.7769e+02
 4.8693e+02
 5.0551e+02
 5.3027e+02
 5.5860e+02
 5.9573e+02
 6.4704e+02
 7.3273e+02
 8.8770e+02
 1.2263e+03
 2.0098e+03
 4.1955e+03
 1.1502e+04
 3.9623e+04
 1.4212e+05
 3.7324e+05
 5.0921e+05
 3.8332e+05
 2.5820e+05
 1.9238e+05
 1.6870e+05
 3.1175e+07
 3.4314e+07
 2.2844e+08
 1.3558e+08
 2.8449e+08
 1.5608e+09
 6.4392e+09
 8.7250e+09
 1.1591e+09
 4.6212e+09
 7.0936e+09
 5.6406e+09
 3.1394e+09
 4.8993e+09
 8.3945e+08
 1.2145e+09
 8.6886e+08
 1.0646e+09
 1.2760e+09
 5.5239e+08
 9.2764e+08
 9.9464e+08
 5.7710e+08
 3.9109e+08
 2.5233e+08
 2.2079e+08
 2.6305e+08
 1.3295e+08
 9.0384e+07
 2.8085e+07
 2.0525e+07
 6.5649e+06
 2.7300e+06
 2.2444e+05
 2.5780e+04
 2.2674e+03
 5.8398e+02
 2.6766e+02
 1.4220e+02
 2.1345e+02
 3.3918e+02
 7.6356e+02
 2.6578e+03
 1.2834e+04
 4.1772e+05
 1.8086e+06
 1.1668e+07
 5.0959e+07
 3.3437e+08
 2.0362e+09
 4.2220e+09
 6.8577e+09
 6.5788e+09
 7.8126e+09
 1.1061e+10
 4.4476e+10
 3.6926e+10
 5.5300e+07
 0.00E+00
 0.00E+00
 0.00E+00
 0.00E+00
 0.00E+00
 0.00E+00
 0.00E+00
 0.00E+00
 0.00E+00
 0.00E+00
 0.00E+00
 0.00E+00
 0.00E+00
 0.00E+00
 0.00E+00
 0.00E+00
 0.00E+00
 0.00E+00
 0.00E+00
 0.00E+00
 0.00E+00
 0.00E+00
 0.00E+00
 0.00E+00
 0.00E+00
 0.00E+00
 0.00E+00
 0.00E+00
 0.00E+00
 0.00E+00
 0.00E+00
 0.00E+00
 0.00E+00
 0.00E+00
 0.00E+00
 0.00E+00
 0.00E+00
 0.00E+00
 0.00E+00
 0.00E+00
 0.00E+00
 0.00E+00
 0.00E+00
 0.00E+00
  10  13  28  11  8  5  8  7 10 40
