   E (MeV)	Unadj. F×Eavg	Adj. F×Eavg
 1.00000E-10	 0.00000E+00	 0.00000E+00
 1.00000E-09	 0.00000E+00	 0.00000E+00
 1.00000E-09	 0.00000E+00	 0.00000E+00
 1.00000E-08	 0.00000E+00	 0.00000E+00
 1.00000E-08	 0.00000E+00	 0.00000E+00
 2.30000E-08	 0.00000E+00	 0.00000E+00
 2.30000E-08	 0.00000E+00	 0.00000E+00
 5.00000E-08	 0.00000E+00	 0.00000E+00
 5.00000E-08	 0.00000E+00	 0.00000E+00
 7.60000E-08	 0.00000E+00	 0.00000E+00
 7.60000E-08	 0.00000E+00	 0.00000E+00
 1.15000E-07	 0.00000E+00	 0.00000E+00
 1.15000E-07	 0.00000E+00	 0.00000E+00
 1.70000E-07	 0.00000E+00	 0.00000E+00
 1.70000E-07	 0.00000E+00	 0.00000E+00
 2.55000E-07	 0.00000E+00	 0.00000E+00
 2.55000E-07	 0.00000E+00	 0.00000E+00
 3.80000E-07	 0.00000E+00	 0.00000E+00
 3.80000E-07	 0.00000E+00	 0.00000E+00
 5.50000E-07	 0.00000E+00	 0.00000E+00
 5.50000E-07	 0.00000E+00	 0.00000E+00
 8.40000E-07	 0.00000E+00	 0.00000E+00
 8.40000E-07	 0.00000E+00	 0.00000E+00
 1.27500E-06	 0.00000E+00	 0.00000E+00
 1.27500E-06	 0.00000E+00	 0.00000E+00
 1.90000E-06	 0.00000E+00	 0.00000E+00
 1.90000E-06	 0.00000E+00	 0.00000E+00
 2.80000E-06	 0.00000E+00	 0.00000E+00
 2.80000E-06	 1.81902E+08	 2.81439E+07
 4.25000E-06	 1.81902E+08	 2.81439E+07
 4.25000E-06	 1.92538E+08	 3.47379E+07
 6.30000E-06	 1.92538E+08	 3.47379E+07
 6.30000E-06	 1.99964E+08	 6.37357E+07
 9.20000E-06	 1.99964E+08	 6.37357E+07
 9.20000E-06	 1.97504E+08	 1.13959E+08
 1.35000E-05	 1.97504E+08	 1.13959E+08
 1.35000E-05	 1.72098E+08	 1.49881E+08
 2.10000E-05	 1.72098E+08	 1.49881E+08
 2.10000E-05	 2.12005E+08	 2.51311E+08
 3.00000E-05	 2.12005E+08	 2.51311E+08
 3.00000E-05	 1.87063E+08	 2.81409E+08
 4.50000E-05	 1.87063E+08	 2.81409E+08
 4.50000E-05	 1.77710E+08	 3.22041E+08
 6.90000E-05	 1.77710E+08	 3.22041E+08
 6.90000E-05	 2.03959E+08	 4.27345E+08
 1.00000E-04	 2.03959E+08	 4.27345E+08
 1.00000E-04	 2.51199E+08	 5.88577E+08
 1.35000E-04	 2.51199E+08	 5.88577E+08
 1.35000E-04	 3.26024E+08	 8.30988E+08
 1.70000E-04	 3.26024E+08	 8.30988E+08
 1.70000E-04	 2.91818E+08	 7.90728E+08
 2.20000E-04	 2.91818E+08	 7.90728E+08
 2.20000E-04	 3.11771E+08	 8.81087E+08
 2.80000E-04	 3.11771E+08	 8.81087E+08
 2.80000E-04	 2.99300E+08	 8.68426E+08
 3.60000E-04	 2.99300E+08	 8.68426E+08
 3.60000E-04	 3.36713E+08	 9.90424E+08
 4.50000E-04	 3.36713E+08	 9.90424E+08
 4.50000E-04	 3.06783E+08	 9.05727E+08
 5.75000E-04	 3.06783E+08	 9.05727E+08
 5.75000E-04	 2.69977E+08	 7.93966E+08
 7.60000E-04	 2.69977E+08	 7.93966E+08
 7.60000E-04	 3.21748E+08	 9.37311E+08
 9.60000E-04	 3.21748E+08	 9.37311E+08
 9.60000E-04	 2.65451E+08	 7.63021E+08
 1.27500E-03	 2.65451E+08	 7.63021E+08
 1.27500E-03	 3.30957E+08	 9.36107E+08
 1.60000E-03	 3.30957E+08	 9.36107E+08
 1.60000E-03	 3.36713E+08	 9.35350E+08
 2.00000E-03	 3.36713E+08	 9.35350E+08
 2.00000E-03	 2.51199E+08	 6.84265E+08
 2.70000E-03	 2.51199E+08	 6.84265E+08
 2.70000E-03	 3.26024E+08	 8.69594E+08
 3.40000E-03	 3.26024E+08	 8.69594E+08
 3.40000E-03	 2.68690E+08	 7.00616E+08
 4.50000E-03	 2.68690E+08	 7.00616E+08
 4.50000E-03	 3.74126E+08	 9.51893E+08
 5.50000E-03	 3.74126E+08	 9.51893E+08
 5.50000E-03	 2.79494E+08	 6.92360E+08
 7.20000E-03	 2.79494E+08	 6.92360E+08
 7.20000E-03	 3.06783E+08	 7.38098E+08
 9.20000E-03	 3.06783E+08	 7.38098E+08
 9.20000E-03	 2.83267E+08	 6.60193E+08
 1.20000E-02	 2.83267E+08	 6.60193E+08
 1.20000E-02	 3.36713E+08	 7.58175E+08
 1.50000E-02	 3.36713E+08	 7.58175E+08
 1.50000E-02	 3.18007E+08	 6.90280E+08
 1.90000E-02	 3.18007E+08	 6.90280E+08
 1.90000E-02	 2.56132E+08	 5.34611E+08
 2.55000E-02	 2.56132E+08	 5.34611E+08
 2.55000E-02	 3.30957E+08	 6.63125E+08
 3.20000E-02	 3.30957E+08	 6.63125E+08
 3.20000E-02	 3.36713E+08	 6.46821E+08
 4.00000E-02	 3.36713E+08	 6.46821E+08
 4.00000E-02	 2.76853E+08	 5.09467E+08
 5.25000E-02	 2.76853E+08	 5.09467E+08
 5.25000E-02	 3.28399E+08	 5.78713E+08
 6.60000E-02	 3.28399E+08	 5.78713E+08
 6.60000E-02	 2.61888E+08	 4.41974E+08
 8.80000E-02	 2.61888E+08	 4.41974E+08
 8.80000E-02	 3.36713E+08	 5.44301E+08
 1.10000E-01	 3.36713E+08	 5.44301E+08
 1.10000E-01	 3.66643E+08	 5.67812E+08
 1.35000E-01	 3.66643E+08	 5.67812E+08
 1.35000E-01	 4.41468E+08	 6.54885E+08
 1.60000E-01	 4.41468E+08	 6.54885E+08
 1.60000E-01	 4.36480E+08	 6.19608E+08
 1.90000E-01	 4.36480E+08	 6.19608E+08
 1.90000E-01	 5.11305E+08	 6.93041E+08
 2.20000E-01	 5.11305E+08	 6.93041E+08
 2.20000E-01	 5.07742E+08	 6.54407E+08
 2.55000E-01	 5.07742E+08	 6.54407E+08
 2.55000E-01	 5.82567E+08	 7.09047E+08
 2.90000E-01	 5.82567E+08	 7.09047E+08
 2.90000E-01	 7.60722E+08	 8.64931E+08
 3.20000E-01	 7.60722E+08	 8.64931E+08
 3.20000E-01	 6.36014E+08	 6.64513E+08
 3.60000E-01	 6.36014E+08	 6.64513E+08
 3.60000E-01	 7.10839E+08	 6.65659E+08
 4.00000E-01	 7.10839E+08	 6.65659E+08
 4.00000E-01	 6.36014E+08	 5.13588E+08
 4.50000E-01	 6.36014E+08	 5.13588E+08
 4.50000E-01	 7.10839E+08	 4.64509E+08
 5.00000E-01	 7.10839E+08	 4.64509E+08
 5.00000E-01	 7.85664E+08	 3.69123E+08
 5.50000E-01	 7.85664E+08	 3.69123E+08
 5.50000E-01	 8.60489E+08	 2.17250E+08
 6.00000E-01	 8.60489E+08	 2.17250E+08
 6.00000E-01	 7.85664E+08	 1.26915E+08
 6.60000E-01	 7.85664E+08	 1.26915E+08
 6.60000E-01	 8.60489E+08	 1.03613E+08
 7.20000E-01	 8.60489E+08	 1.03613E+08
 7.20000E-01	 9.35314E+08	 8.07163E+07
 7.80000E-01	 9.35314E+08	 8.07163E+07
 7.80000E-01	 1.01014E+09	 6.01662E+07
 8.40000E-01	 1.01014E+09	 6.01662E+07
 8.40000E-01	 8.23076E+08	 3.26026E+07
 9.20000E-01	 8.23076E+08	 3.26026E+07
 9.20000E-01	 8.97901E+08	 2.29486E+07
 1.00000E+00	 8.97901E+08	 2.29486E+07
 1.00000E+00	 4.11538E+08	 6.63930E+06
 1.20000E+00	 4.11538E+08	 6.63930E+06
 1.20000E+00	 4.86363E+08	 4.90019E+06
 1.40000E+00	 4.86363E+08	 4.90019E+06
 1.40000E+00	 5.61188E+08	 3.54457E+06
 1.60000E+00	 5.61188E+08	 3.54457E+06
 1.60000E+00	 6.36014E+08	 2.57461E+06
 1.80000E+00	 6.36014E+08	 2.57461E+06
 1.80000E+00	 7.10839E+08	 1.92829E+06
 2.00000E+00	 7.10839E+08	 1.92829E+06
 2.00000E+00	 5.36247E+08	 1.04767E+06
 2.30000E+00	 5.36247E+08	 1.04767E+06
 2.30000E+00	 6.11072E+08	 9.55235E+05
 2.60000E+00	 6.11072E+08	 9.55235E+05
 2.60000E+00	 6.85897E+08	 9.91313E+05
 2.90000E+00	 6.85897E+08	 9.91313E+05
 2.90000E+00	 5.79895E+08	 9.37089E+05
 3.30000E+00	 5.79895E+08	 9.37089E+05
 3.30000E+00	 6.54720E+08	 1.50515E+06
 3.70000E+00	 6.54720E+08	 1.50515E+06
 3.70000E+00	 7.29545E+08	 3.20388E+06
 4.10000E+00	 7.29545E+08	 3.20388E+06
 4.10000E+00	 8.04370E+08	 9.55495E+06
 4.50000E+00	 8.04370E+08	 9.55495E+06
 4.50000E+00	 7.10839E+08	 3.38816E+07
 5.00000E+00	 7.10839E+08	 3.38816E+07
 5.00000E+00	 7.85664E+08	 4.66743E+08
 5.50000E+00	 7.85664E+08	 4.66743E+08
 5.50000E+00	 8.60489E+08	 2.45159E+09
 6.00000E+00	 8.60489E+08	 2.45159E+09
 6.00000E+00	 6.78771E+08	 3.74938E+09
 6.70000E+00	 6.78771E+08	 3.74938E+09
 6.70000E+00	 7.53596E+08	 6.45354E+09
 7.40000E+00	 7.53596E+08	 6.45354E+09
 7.40000E+00	 7.29545E+08	 8.66340E+09
 8.20000E+00	 7.29545E+08	 8.66340E+09
 8.20000E+00	 8.04370E+08	 1.23283E+10
 9.00000E+00	 8.04370E+08	 1.23283E+10
 9.00000E+00	 7.10839E+08	 1.33325E+10
 1.00000E+01	 7.10839E+08	 1.33325E+10
 1.00000E+01	 7.85664E+08	 1.72700E+10
 1.10000E+01	 7.85664E+08	 1.72700E+10
 1.10000E+01	 8.60489E+08	 2.13553E+10
 1.20000E+01	 8.60489E+08	 2.13553E+10
 1.20000E+01	 9.35314E+08	 2.53423E+10
 1.30000E+01	 9.35314E+08	 2.53423E+10
 1.30000E+01	 1.01014E+09	 2.89672E+10
 1.40000E+01	 1.01014E+09	 2.89672E+10
 1.40000E+01	 1.08496E+09	 3.19774E+10
 1.50000E+01	 1.08496E+09	 3.19774E+10
 1.50000E+01	 0.00000E+00	 0.00000E+00
 1.60000E+01	 0.00000E+00	 0.00000E+00
 1.60000E+01	 0.00000E+00	 0.00000E+00
 1.70000E+01	 0.00000E+00	 0.00000E+00
 1.70000E+01	 0.00000E+00	 0.00000E+00
 1.80000E+01	 0.00000E+00	 0.00000E+00
 1.80000E+01	 0.00000E+00	 0.00000E+00
 1.90000E+01	 0.00000E+00	 0.00000E+00
 1.90000E+01	 0.00000E+00	 0.00000E+00
 2.00000E+01	 0.00000E+00	 0.00000E+00
 2.00000E+01	 0.00000E+00	 0.00000E+00
 2.10000E+01	 0.00000E+00	 0.00000E+00
 2.10000E+01	 0.00000E+00	 0.00000E+00
 2.20000E+01	 0.00000E+00	 0.00000E+00
 2.20000E+01	 0.00000E+00	 0.00000E+00
 2.30000E+01	 0.00000E+00	 0.00000E+00
 2.30000E+01	 0.00000E+00	 0.00000E+00
 2.40000E+01	 0.00000E+00	 0.00000E+00
 2.40000E+01	 0.00000E+00	 0.00000E+00
 2.50000E+01	 0.00000E+00	 0.00000E+00
 2.50000E+01	 0.00000E+00	 0.00000E+00
 2.60000E+01	 0.00000E+00	 0.00000E+00
 2.60000E+01	 0.00000E+00	 0.00000E+00
 2.70000E+01	 0.00000E+00	 0.00000E+00
 2.70000E+01	 0.00000E+00	 0.00000E+00
 2.80000E+01	 0.00000E+00	 0.00000E+00
 2.80000E+01	 0.00000E+00	 0.00000E+00
 2.90000E+01	 0.00000E+00	 0.00000E+00
 2.90000E+01	 0.00000E+00	 0.00000E+00
 3.00000E+01	 0.00000E+00	 0.00000E+00
 3.00000E+01	 0.00000E+00	 0.00000E+00
 3.10000E+01	 0.00000E+00	 0.00000E+00
 3.10000E+01	 0.00000E+00	 0.00000E+00
 3.20000E+01	 0.00000E+00	 0.00000E+00
 3.20000E+01	 0.00000E+00	 0.00000E+00
 3.30000E+01	 0.00000E+00	 0.00000E+00
 3.30000E+01	 0.00000E+00	 0.00000E+00
 3.40000E+01	 0.00000E+00	 0.00000E+00
 3.40000E+01	 0.00000E+00	 0.00000E+00
 3.50000E+01	 0.00000E+00	 0.00000E+00
 3.50000E+01	 0.00000E+00	 0.00000E+00
 3.60000E+01	 0.00000E+00	 0.00000E+00
 3.60000E+01	 0.00000E+00	 0.00000E+00
 3.70000E+01	 0.00000E+00	 0.00000E+00
 3.70000E+01	 0.00000E+00	 0.00000E+00
 3.80000E+01	 0.00000E+00	 0.00000E+00
 3.80000E+01	 0.00000E+00	 0.00000E+00
 3.90000E+01	 0.00000E+00	 0.00000E+00
 3.90000E+01	 0.00000E+00	 0.00000E+00
 4.00000E+01	 0.00000E+00	 0.00000E+00
 4.00000E+01	 0.00000E+00	 0.00000E+00
 4.10000E+01	 0.00000E+00	 0.00000E+00
 4.10000E+01	 0.00000E+00	 0.00000E+00
 4.20000E+01	 0.00000E+00	 0.00000E+00
 4.20000E+01	 0.00000E+00	 0.00000E+00
 4.30000E+01	 0.00000E+00	 0.00000E+00
 4.30000E+01	 0.00000E+00	 0.00000E+00
 4.40000E+01	 0.00000E+00	 0.00000E+00
 4.40000E+01	 0.00000E+00	 0.00000E+00
 4.50000E+01	 0.00000E+00	 0.00000E+00
 4.50000E+01	 0.00000E+00	 0.00000E+00
 4.60000E+01	 0.00000E+00	 0.00000E+00
 4.60000E+01	 0.00000E+00	 0.00000E+00
 4.70000E+01	 0.00000E+00	 0.00000E+00
 4.70000E+01	 0.00000E+00	 0.00000E+00
 4.80000E+01	 0.00000E+00	 0.00000E+00
 4.80000E+01	 0.00000E+00	 0.00000E+00
 4.90000E+01	 0.00000E+00	 0.00000E+00
 4.90000E+01	 0.00000E+00	 0.00000E+00
 5.00000E+01	 0.00000E+00	 0.00000E+00
 5.00000E+01	 0.00000E+00	 0.00000E+00
 5.10000E+01	 0.00000E+00	 0.00000E+00
 5.10000E+01	 0.00000E+00	 0.00000E+00
 5.20000E+01	 0.00000E+00	 0.00000E+00
 5.20000E+01	 0.00000E+00	 0.00000E+00
 5.30000E+01	 0.00000E+00	 0.00000E+00
 5.30000E+01	 0.00000E+00	 0.00000E+00
 5.40000E+01	 0.00000E+00	 0.00000E+00
 5.40000E+01	 0.00000E+00	 0.00000E+00
 5.50000E+01	 0.00000E+00	 0.00000E+00
 5.50000E+01	 0.00000E+00	 0.00000E+00
 5.60000E+01	 0.00000E+00	 0.00000E+00
 5.60000E+01	 0.00000E+00	 0.00000E+00
 5.70000E+01	 0.00000E+00	 0.00000E+00
 5.70000E+01	 0.00000E+00	 0.00000E+00
 5.80000E+01	 0.00000E+00	 0.00000E+00
 5.80000E+01	 0.00000E+00	 0.00000E+00
 5.90000E+01	 0.00000E+00	 0.00000E+00
 5.90000E+01	 0.00000E+00	 0.00000E+00
 6.00000E+01	 0.00000E+00	 0.00000E+00
