   E (MeV)	Unadj. F×Eavg	Adj. F×Eavg
 1.00000E-10	 0.00000E+00	 0.00000E+00
 1.00000E-09	 0.00000E+00	 0.00000E+00
 1.00000E-09	 0.00000E+00	 0.00000E+00
 1.00000E-08	 0.00000E+00	 0.00000E+00
 1.00000E-08	 0.00000E+00	 0.00000E+00
 2.30000E-08	 0.00000E+00	 0.00000E+00
 2.30000E-08	 0.00000E+00	 0.00000E+00
 5.00000E-08	 0.00000E+00	 0.00000E+00
 5.00000E-08	 0.00000E+00	 0.00000E+00
 7.60000E-08	 0.00000E+00	 0.00000E+00
 7.60000E-08	 0.00000E+00	 0.00000E+00
 1.15000E-07	 0.00000E+00	 0.00000E+00
 1.15000E-07	 0.00000E+00	 0.00000E+00
 1.70000E-07	 0.00000E+00	 0.00000E+00
 1.70000E-07	 0.00000E+00	 0.00000E+00
 2.55000E-07	 0.00000E+00	 0.00000E+00
 2.55000E-07	 0.00000E+00	 0.00000E+00
 3.80000E-07	 0.00000E+00	 0.00000E+00
 3.80000E-07	 0.00000E+00	 0.00000E+00
 5.50000E-07	 0.00000E+00	 0.00000E+00
 5.50000E-07	 0.00000E+00	 0.00000E+00
 8.40000E-07	 0.00000E+00	 0.00000E+00
 8.40000E-07	 0.00000E+00	 0.00000E+00
 1.27500E-06	 0.00000E+00	 0.00000E+00
 1.27500E-06	 0.00000E+00	 0.00000E+00
 1.90000E-06	 0.00000E+00	 0.00000E+00
 1.90000E-06	 0.00000E+00	 0.00000E+00
 2.80000E-06	 0.00000E+00	 0.00000E+00
 2.80000E-06	 2.47461E+03	 1.02535E+04
 4.25000E-06	 2.47461E+03	 1.02535E+04
 4.25000E-06	 3.92222E+03	 1.94787E+04
 6.30000E-06	 3.92222E+03	 1.94787E+04
 6.30000E-06	 3.19463E+04	 1.89289E+05
 9.20000E-06	 3.19463E+04	 1.89289E+05
 9.20000E-06	 3.92693E+04	 2.75614E+05
 1.35000E-05	 3.92693E+04	 2.75614E+05
 1.35000E-05	 1.10458E+05	 9.09837E+05
 2.10000E-05	 1.10458E+05	 9.09837E+05
 2.10000E-05	 1.43614E+05	 1.37344E+06
 3.00000E-05	 1.43614E+05	 1.37344E+06
 3.00000E-05	 2.98852E+05	 3.27926E+06
 4.50000E-05	 2.98852E+05	 3.27926E+06
 4.50000E-05	 7.24031E+05	 9.00213E+06
 6.90000E-05	 7.24031E+05	 9.00213E+06
 6.90000E-05	 1.46559E+06	 2.03823E+07
 1.00000E-04	 1.46559E+06	 2.03823E+07
 1.00000E-04	 2.05039E+06	 3.14805E+07
 1.35000E-04	 2.05039E+06	 3.14805E+07
 1.35000E-04	 2.79761E+06	 4.68039E+07
 1.70000E-04	 2.79761E+06	 4.68039E+07
 1.70000E-04	 3.25736E+06	 5.86227E+07
 2.20000E-04	 3.25736E+06	 5.86227E+07
 2.20000E-04	 4.08910E+06	 7.81824E+07
 2.80000E-04	 4.08910E+06	 7.81824E+07
 2.80000E-04	 4.65635E+06	 9.34548E+07
 3.60000E-04	 4.65635E+06	 9.34548E+07
 3.60000E-04	 4.76858E+06	 9.93320E+07
 4.50000E-04	 4.76858E+06	 9.93320E+07
 4.50000E-04	 5.22221E+06	 1.11711E+08
 5.75000E-04	 5.22221E+06	 1.11711E+08
 5.75000E-04	 5.42441E+06	 1.18008E+08
 7.60000E-04	 5.42441E+06	 1.18008E+08
 7.60000E-04	 5.25249E+06	 1.15194E+08
 9.60000E-04	 5.25249E+06	 1.15194E+08
 9.60000E-04	 6.05572E+06	 1.32857E+08
 1.27500E-03	 6.05572E+06	 1.32857E+08
 1.27500E-03	 6.41874E+06	 1.39942E+08
 1.60000E-03	 6.41874E+06	 1.39942E+08
 1.60000E-03	 6.71830E+06	 1.44760E+08
 2.00000E-03	 6.71830E+06	 1.44760E+08
 2.00000E-03	 7.43047E+06	 1.57540E+08
 2.70000E-03	 7.43047E+06	 1.57540E+08
 2.70000E-03	 7.91520E+06	 1.64583E+08
 3.40000E-03	 7.91520E+06	 1.64583E+08
 3.40000E-03	 9.35375E+06	 1.90302E+08
 4.50000E-03	 9.35375E+06	 1.90302E+08
 4.50000E-03	 1.02836E+07	 2.04407E+08
 5.50000E-03	 1.02836E+07	 2.04407E+08
 5.50000E-03	 1.10363E+07	 2.14153E+08
 7.20000E-03	 1.10363E+07	 2.14153E+08
 7.20000E-03	 1.18998E+07	 2.25364E+08
 9.20000E-03	 1.18998E+07	 2.25364E+08
 9.20000E-03	 1.37938E+07	 2.54981E+08
 1.20000E-02	 1.37938E+07	 2.54981E+08
 1.20000E-02	 1.55038E+07	 2.79799E+08
 1.50000E-02	 1.55038E+07	 2.79799E+08
 1.50000E-02	 1.72825E+07	 3.04588E+08
 1.90000E-02	 1.72825E+07	 3.04588E+08
 1.90000E-02	 1.92984E+07	 3.32183E+08
 2.55000E-02	 1.92984E+07	 3.32183E+08
 2.55000E-02	 2.18422E+07	 3.67172E+08
 3.20000E-02	 2.18422E+07	 3.67172E+08
 3.20000E-02	 2.51349E+07	 4.12499E+08
 4.00000E-02	 2.51349E+07	 4.12499E+08
 4.00000E-02	 2.83922E+07	 4.54640E+08
 5.25000E-02	 2.83922E+07	 4.54640E+08
 5.25000E-02	 3.39076E+07	 5.29361E+08
 6.60000E-02	 3.39076E+07	 5.29361E+08
 6.60000E-02	 3.85506E+07	 5.86266E+08
 8.80000E-02	 3.85506E+07	 5.86266E+08
 8.80000E-02	 4.51019E+07	 6.67575E+08
 1.10000E-01	 4.51019E+07	 6.67575E+08
 1.10000E-01	 5.14130E+07	 7.40177E+08
 1.35000E-01	 5.14130E+07	 7.40177E+08
 1.35000E-01	 5.85176E+07	 8.19164E+08
 1.60000E-01	 5.85176E+07	 8.19164E+08
 1.60000E-01	 6.45555E+07	 8.78900E+08
 1.90000E-01	 6.45555E+07	 8.78900E+08
 1.90000E-01	 7.38386E+07	 9.78615E+08
 2.20000E-01	 7.38386E+07	 9.78615E+08
 2.20000E-01	 8.11170E+07	 1.04840E+09
 2.55000E-01	 8.11170E+07	 1.04840E+09
 2.55000E-01	 8.86004E+07	 1.11973E+09
 2.90000E-01	 8.86004E+07	 1.11973E+09
 2.90000E-01	 9.60590E+07	 1.19143E+09
 3.20000E-01	 9.60590E+07	 1.19143E+09
 3.20000E-01	 1.05603E+08	 1.29135E+09
 3.60000E-01	 1.05603E+08	 1.29135E+09
 3.60000E-01	 1.12076E+08	 1.35836E+09
 4.00000E-01	 1.12076E+08	 1.35836E+09
 4.00000E-01	 1.21577E+08	 1.46887E+09
 4.50000E-01	 1.21577E+08	 1.46887E+09
 4.50000E-01	 1.30425E+08	 1.57994E+09
 5.00000E-01	 1.30425E+08	 1.57994E+09
 5.00000E-01	 1.40865E+08	 1.72012E+09
 5.50000E-01	 1.40865E+08	 1.72012E+09
 5.50000E-01	 1.48878E+08	 1.84074E+09
 6.00000E-01	 1.48878E+08	 1.84074E+09
 6.00000E-01	 1.58953E+08	 1.99597E+09
 6.60000E-01	 1.58953E+08	 1.99597E+09
 6.60000E-01	 1.66287E+08	 2.12319E+09
 7.20000E-01	 1.66287E+08	 2.12319E+09
 7.20000E-01	 1.71612E+08	 2.22603E+09
 7.80000E-01	 1.71612E+08	 2.22603E+09
 7.80000E-01	 1.78998E+08	 2.35089E+09
 8.40000E-01	 1.78998E+08	 2.35089E+09
 8.40000E-01	 1.90639E+08	 2.52065E+09
 9.20000E-01	 1.90639E+08	 2.52065E+09
 9.20000E-01	 1.81660E+08	 2.39837E+09
 1.00000E+00	 1.81660E+08	 2.39837E+09
 1.00000E+00	 2.08727E+08	 2.72245E+09
 1.20000E+00	 2.08727E+08	 2.72245E+09
 1.20000E+00	 2.39212E+08	 3.04232E+09
 1.40000E+00	 2.39212E+08	 3.04232E+09
 1.40000E+00	 3.01854E+08	 3.68555E+09
 1.60000E+00	 3.01854E+08	 3.68555E+09
 1.60000E+00	 3.62068E+08	 4.16781E+09
 1.80000E+00	 3.62068E+08	 4.16781E+09
 1.80000E+00	 3.62511E+08	 3.85255E+09
 2.00000E+00	 3.62511E+08	 3.85255E+09
 2.00000E+00	 3.85332E+08	 3.69000E+09
 2.30000E+00	 3.85332E+08	 3.69000E+09
 2.30000E+00	 6.77833E+08	 5.68507E+09
 2.60000E+00	 6.77833E+08	 5.68507E+09
 2.60000E+00	 3.88073E+08	 2.75539E+09
 2.90000E+00	 3.88073E+08	 2.75539E+09
 2.90000E+00	 4.24787E+08	 2.44806E+09
 3.30000E+00	 4.24787E+08	 2.44806E+09
 3.30000E+00	 5.52681E+08	 2.44710E+09
 3.70000E+00	 5.52681E+08	 2.44710E+09
 3.70000E+00	 5.95486E+08	 1.87405E+09
 4.10000E+00	 5.95486E+08	 1.87405E+09
 4.10000E+00	 5.66775E+08	 1.11718E+09
 4.50000E+00	 5.66775E+08	 1.11718E+09
 4.50000E+00	 5.75258E+08	 5.42626E+08
 5.00000E+00	 5.75258E+08	 5.42626E+08
 5.00000E+00	 5.91962E+08	 1.05624E+08
 5.50000E+00	 5.91962E+08	 1.05624E+08
 5.50000E+00	 6.12320E+08	 5.75043E+07
 6.00000E+00	 6.12320E+08	 5.75043E+07
 6.00000E+00	 7.38722E+08	 4.51669E+07
 6.70000E+00	 7.38722E+08	 4.51669E+07
 6.70000E+00	 8.30671E+08	 4.06992E+07
 7.40000E+00	 8.30671E+08	 4.06992E+07
 7.40000E+00	 9.72117E+08	 4.61507E+07
 8.20000E+00	 9.72117E+08	 4.61507E+07
 8.20000E+00	 1.30751E+09	 7.06732E+07
 9.00000E+00	 1.30751E+09	 7.06732E+07
 9.00000E+00	 1.77536E+09	 1.23772E+08
 1.00000E+01	 1.77536E+09	 1.23772E+08
 1.00000E+01	 2.30207E+09	 2.25110E+08
 1.10000E+01	 2.30207E+09	 2.25110E+08
 1.10000E+01	 3.36176E+09	 4.81101E+08
 1.20000E+01	 3.36176E+09	 4.81101E+08
 1.20000E+01	 4.69811E+09	 1.23103E+09
 1.30000E+01	 4.69811E+09	 1.23103E+09
 1.30000E+01	 6.47635E+10	 4.01360E+10
 1.40000E+01	 6.47635E+10	 4.01360E+10
 1.40000E+01	 7.72056E+10	 7.15304E+10
 1.50000E+01	 7.72056E+10	 7.15304E+10
 1.50000E+01	 0.00000E+00	 0.00000E+00
 1.60000E+01	 0.00000E+00	 0.00000E+00
 1.60000E+01	 0.00000E+00	 0.00000E+00
 1.70000E+01	 0.00000E+00	 0.00000E+00
 1.70000E+01	 0.00000E+00	 0.00000E+00
 1.80000E+01	 0.00000E+00	 0.00000E+00
 1.80000E+01	 0.00000E+00	 0.00000E+00
 1.90000E+01	 0.00000E+00	 0.00000E+00
 1.90000E+01	 0.00000E+00	 0.00000E+00
 2.00000E+01	 0.00000E+00	 0.00000E+00
 2.00000E+01	 0.00000E+00	 0.00000E+00
 2.10000E+01	 0.00000E+00	 0.00000E+00
 2.10000E+01	 0.00000E+00	 0.00000E+00
 2.20000E+01	 0.00000E+00	 0.00000E+00
 2.20000E+01	 0.00000E+00	 0.00000E+00
 2.30000E+01	 0.00000E+00	 0.00000E+00
 2.30000E+01	 0.00000E+00	 0.00000E+00
 2.40000E+01	 0.00000E+00	 0.00000E+00
 2.40000E+01	 0.00000E+00	 0.00000E+00
 2.50000E+01	 0.00000E+00	 0.00000E+00
 2.50000E+01	 0.00000E+00	 0.00000E+00
 2.60000E+01	 0.00000E+00	 0.00000E+00
 2.60000E+01	 0.00000E+00	 0.00000E+00
 2.70000E+01	 0.00000E+00	 0.00000E+00
 2.70000E+01	 0.00000E+00	 0.00000E+00
 2.80000E+01	 0.00000E+00	 0.00000E+00
 2.80000E+01	 0.00000E+00	 0.00000E+00
 2.90000E+01	 0.00000E+00	 0.00000E+00
 2.90000E+01	 0.00000E+00	 0.00000E+00
 3.00000E+01	 0.00000E+00	 0.00000E+00
 3.00000E+01	 0.00000E+00	 0.00000E+00
 3.10000E+01	 0.00000E+00	 0.00000E+00
 3.10000E+01	 0.00000E+00	 0.00000E+00
 3.20000E+01	 0.00000E+00	 0.00000E+00
 3.20000E+01	 0.00000E+00	 0.00000E+00
 3.30000E+01	 0.00000E+00	 0.00000E+00
 3.30000E+01	 0.00000E+00	 0.00000E+00
 3.40000E+01	 0.00000E+00	 0.00000E+00
 3.40000E+01	 0.00000E+00	 0.00000E+00
 3.50000E+01	 0.00000E+00	 0.00000E+00
 3.50000E+01	 0.00000E+00	 0.00000E+00
 3.60000E+01	 0.00000E+00	 0.00000E+00
 3.60000E+01	 0.00000E+00	 0.00000E+00
 3.70000E+01	 0.00000E+00	 0.00000E+00
 3.70000E+01	 0.00000E+00	 0.00000E+00
 3.80000E+01	 0.00000E+00	 0.00000E+00
 3.80000E+01	 0.00000E+00	 0.00000E+00
 3.90000E+01	 0.00000E+00	 0.00000E+00
 3.90000E+01	 0.00000E+00	 0.00000E+00
 4.00000E+01	 0.00000E+00	 0.00000E+00
 4.00000E+01	 0.00000E+00	 0.00000E+00
 4.10000E+01	 0.00000E+00	 0.00000E+00
 4.10000E+01	 0.00000E+00	 0.00000E+00
 4.20000E+01	 0.00000E+00	 0.00000E+00
 4.20000E+01	 0.00000E+00	 0.00000E+00
 4.30000E+01	 0.00000E+00	 0.00000E+00
 4.30000E+01	 0.00000E+00	 0.00000E+00
 4.40000E+01	 0.00000E+00	 0.00000E+00
 4.40000E+01	 0.00000E+00	 0.00000E+00
 4.50000E+01	 0.00000E+00	 0.00000E+00
 4.50000E+01	 0.00000E+00	 0.00000E+00
 4.60000E+01	 0.00000E+00	 0.00000E+00
 4.60000E+01	 0.00000E+00	 0.00000E+00
 4.70000E+01	 0.00000E+00	 0.00000E+00
 4.70000E+01	 0.00000E+00	 0.00000E+00
 4.80000E+01	 0.00000E+00	 0.00000E+00
 4.80000E+01	 0.00000E+00	 0.00000E+00
 4.90000E+01	 0.00000E+00	 0.00000E+00
 4.90000E+01	 0.00000E+00	 0.00000E+00
 5.00000E+01	 0.00000E+00	 0.00000E+00
 5.00000E+01	 0.00000E+00	 0.00000E+00
 5.10000E+01	 0.00000E+00	 0.00000E+00
 5.10000E+01	 0.00000E+00	 0.00000E+00
 5.20000E+01	 0.00000E+00	 0.00000E+00
 5.20000E+01	 0.00000E+00	 0.00000E+00
 5.30000E+01	 0.00000E+00	 0.00000E+00
 5.30000E+01	 0.00000E+00	 0.00000E+00
 5.40000E+01	 0.00000E+00	 0.00000E+00
 5.40000E+01	 0.00000E+00	 0.00000E+00
 5.50000E+01	 0.00000E+00	 0.00000E+00
 5.50000E+01	 0.00000E+00	 0.00000E+00
 5.60000E+01	 0.00000E+00	 0.00000E+00
 5.60000E+01	 0.00000E+00	 0.00000E+00
 5.70000E+01	 0.00000E+00	 0.00000E+00
 5.70000E+01	 0.00000E+00	 0.00000E+00
 5.80000E+01	 0.00000E+00	 0.00000E+00
 5.80000E+01	 0.00000E+00	 0.00000E+00
 5.90000E+01	 0.00000E+00	 0.00000E+00
 5.90000E+01	 0.00000E+00	 0.00000E+00
 6.00000E+01	 0.00000E+00	 0.00000E+00
