$SPEC_ID:
Pulser
$SPEC_REM:
DET# 2
DETDESC# DETECTOR 2
AP# GammaVision Version 7.01.03
$DATE_MEA:
04/26/2017 01:29:54
$MEAS_TIM:
40 48
$DATA:
0 8191
       0
       0
       0
       0
       0
       0
       0
       0
       0
       0
       0
       0
       0
       0
       0
       0
       0
       0
       0
       0
       0
       0
       0
      20
     826
     879
     553
     500
     456
     428
     414
     448
     433
     436
     477
     447
     487
     489
     485
     527
     521
     519
     538
     499
     530
     509
     523
     509
     531
     539
     513
     532
     545
     536
     532
     530
     557
     536
     529
     532
     599
     576
     549
     562
     583
     534
     560
     566
     517
     518
     585
     554
     558
     532
     555
     554
     541
     560
     528
     513
     540
     513
     504
     539
     501
     535
     502
     486
     548
     546
     533
     492
     590
     571
     498
     516
     512
     500
     493
     510
     522
     536
     538
     510
     506
     519
     525
     508
     555
     523
     515
     519
     504
     491
     540
     498
     539
     562
     528
     538
     495
     514
     469
     528
     555
     532
     517
     548
     535
     549
     564
     566
     496
     539
     509
     512
     541
     563
     560
     615
     548
     552
     575
     554
     532
     543
     564
     599
     580
     609
     577
     595
     618
     627
     631
     592
     624
     598
     626
     575
     621
     592
     576
     590
     638
     659
     591
     607
     652
     603
     594
     610
     621
     635
     595
     655
     707
     632
     684
     734
     834
    1139
    1389
    1605
    1640
    1466
    1583
    1963
    2394
    2319
    2048
    1504
    1088
     847
     713
     623
     547
     555
     518
     604
     556
     583
     534
     558
     574
     569
     551
     574
     599
     602
     680
     867
    1021
    1296
    1266
    1120
     967
     794
     734
     794
     808
     755
     661
     599
     580
     578
     563
     488
     521
     525
     535
     537
     552
     500
     549
     530
     539
     560
     568
     532
     564
     518
     546
     499
     501
     538
     530
     547
     552
     545
     547
     506
     522
     526
     539
     562
     536
     568
     565
     550
     544
     516
     579
     533
     564
     571
     536
     543
     562
     565
     588
     591
     527
     544
     527
     542
     578
     568
     571
     534
     509
     571
     537
     581
     550
     601
     563
     527
     574
     560
     549
     576
     554
     594
     581
     602
     579
     559
     582
     546
     586
     579
     574
     525
     563
     581
     581
     555
     595
     544
     601
     561
     583
     580
     592
     567
     546
     526
     572
     577
     588
     578
     597
     583
     575
     551
     580
     610
     573
     625
     609
     609
     540
     612
     637
     612
     567
     574
     574
     597
     591
     568
     556
     555
     568
     605
     589
     578
     664
     610
     606
     596
     576
     597
     617
     607
     594
     549
     586
     539
     565
     531
     628
     594
     600
     578
     554
     552
     560
     540
     558
     581
     566
     568
     591
     568
     571
     588
     538
     593
     581
     588
     585
     526
     605
     531
     586
     574
     568
     522
     570
     563
     527
     549
     597
     610
     551
     606
     535
     513
     520
     501
     561
     558
     543
     577
     563
     515
     541
     571
     543
     548
     579
     567
     550
     581
     556
     535
     516
     555
     502
     566
     596
     566
     559
     575
     561
     648
     736
     818
     869
     882
     816
     644
     640
     580
     557
     537
     542
     573
     538
     530
     597
     539
     551
     574
     543
     576
     533
     528
     555
     544
     559
     554
     516
     536
     543
     539
     522
     507
     520
     521
     533
     528
     538
     533
     499
     507
     517
     525
     530
     503
     511
     547
     504
     493
     571
     568
     483
     504
     499
     517
     501
     532
     486
     475
     522
     512
     527
     545
     492
     499
     521
     492
     477
     522
     504
     572
     543
     540
     512
     526
     551
     497
     504
     540
     599
     564
     548
     550
     574
     582
     534
     571
     555
     558
     569
     563
     548
     541
     550
     560
     548
     591
     546
     587
     534
     559
     559
     561
     534
     547
     584
     521
     584
     568
     563
     583
     604
     604
     595
     590
     608
     590
     547
     545
     607
     557
     589
     573
     589
     605
     585
     630
     610
     583
     568
     589
     598
     619
     582
     608
     599
     615
     574
     591
     622
     612
     594
     594
     594
     615
     584
     625
     609
     669
     593
     606
     608
     578
     594
     604
     620
     571
     615
     615
     618
     606
     603
     661
     574
     591
     599
     593
     654
     604
     603
     630
     641
     618
     680
     582
     642
     614
     622
     622
     605
     618
     611
     652
     598
     627
     560
     550
     612
     610
     638
     555
     551
     585
     573
     576
     633
     583
     553
     541
     611
     565
     567
     619
     552
     535
     543
     550
     552
     589
     579
     573
     545
     579
     513
     545
     553
     565
     558
     497
     536
     540
     573
     524
     507
     530
     538
     507
     524
     531
     519
     530
     502
     497
     528
     518
     535
     525
     493
     555
     482
     513
     511
     457
     492
     482
     507
     496
     489
     499
     488
     490
     484
     469
     484
     463
     486
     496
     479
     477
     481
     434
     474
     461
     433
     418
     466
     442
     433
     412
     449
     439
     418
     423
     431
     419
     445
     454
     459
     435
     442
     480
     446
     402
     444
     438
     431
     410
     421
     444
     403
     421
     409
     394
     456
     373
     393
     421
     413
     395
     428
     389
     421
     381
     420
     397
     365
     414
     378
     362
     387
     358
     379
     376
     410
     365
     413
     370
     401
     409
     390
     332
     387
     367
     350
     335
     379
     376
     380
     382
     377
     378
     362
     353
     364
     333
     383
     339
     347
     351
     333
     375
     345
     376
     364
     346
     349
     373
     358
     329
     327
     344
     335
     323
     363
     354
     359
     333
     342
     352
     295
     324
     349
     320
     345
     357
     312
     331
     295
     312
     324
     314
     327
     313
     338
     320
     313
     294
     313
     283
     298
     310
     327
     309
     310
     353
     319
     326
     297
     337
     283
     312
     340
     306
     309
     306
     306
     313
     287
     295
     271
     287
     285
     317
     270
     297
     308
     306
     298
     317
     293
     289
     297
     295
     316
     295
     287
     250
     295
     330
     282
     299
     350
     277
     260
     275
     290
     281
     291
     318
     282
     281
     288
     276
     273
     241
     307
     263
     293
     251
     258
     266
     266
     263
     291
     285
     290
     315
     270
     294
     272
     291
     262
     252
     280
     260
     242
     221
     285
     226
     234
     251
     277
     244
     252
     253
     240
     238
     278
     287
     264
     257
     227
     266
     287
     245
     228
     242
     253
     259
     231
     236
     254
     249
     249
     239
     249
     211
     230
     240
     261
     227
     235
     229
     257
     229
     255
     259
     207
     252
     210
     261
     246
     252
     223
     252
     238
     272
     224
     215
     239
     234
     217
     252
     228
     240
     213
     243
     211
     238
     233
     242
     229
     220
     226
     227
     250
     223
     248
     280
     239
     238
     252
     222
     208
     239
     217
     232
     242
     246
     234
     235
     202
     218
     210
     236
     218
     211
     232
     217
     228
     217
     229
     238
     227
     224
     219
     199
     239
     196
     187
     226
     222
     228
     228
     234
     213
     226
     200
     210
     235
     221
     212
     245
     210
     226
     206
     225
     229
     228
     191
     211
     244
     227
     205
     202
     191
     217
     239
     218
     247
     202
     213
     226
     219
     221
     206
     211
     199
     213
     211
     197
     219
     204
     201
     195
     235
     208
     208
     219
     214
     238
     207
     199
     214
     200
     228
     186
     180
     178
     204
     213
     209
     194
     188
     229
     219
     183
     206
     184
     229
     224
     208
     220
     200
     166
     185
     192
     222
     227
     178
     215
     200
     219
     176
     207
     219
     206
     176
     216
     195
     213
     201
     203
     198
     213
     196
     204
     213
     209
     214
     176
     186
     233
     205
     198
     186
     182
     206
     210
     182
     207
     194
     183
     182
     181
     189
     171
     185
     218
     228
     194
     198
     207
     199
     197
     188
     201
     190
     178
     204
     193
     203
     180
     193
     206
     175
     200
     195
     194
     207
     196
     180
     200
     199
     182
     193
     172
     174
     171
     170
     209
     189
     169
     188
     172
     182
     172
     176
     171
     199
     185
     173
     170
     188
     190
     193
     180
     199
     176
     187
     175
     177
     197
     190
     188
     189
     178
     204
     187
     198
     205
     177
     179
     185
     185
     186
     203
     203
     162
     203
     173
     187
     214
     171
     172
     160
     194
     180
     181
     194
     192
     187
     215
     196
     166
     201
     194
     172
     165
     175
     174
     172
     169
     163
     182
     201
     158
     150
     201
     170
     174
     183
     188
     174
     183
     185
     204
     163
     189
     173
     174
     187
     175
     188
     158
     191
     189
     207
     207
     192
     168
     189
     185
     166
     178
     191
     186
     195
     177
     170
     189
     166
     194
     162
     146
     196
     174
     214
     164
     177
     188
     200
     186
     171
     178
     193
     185
     172
     165
     178
     190
     159
     187
     150
     191
     187
     176
     188
     200
     200
     172
     165
     142
     174
     202
     185
     204
     190
     210
     216
     238
     253
     345
     372
     473
     556
     654
     798
     864
     929
     987
     938
     864
     812
     653
     505
     406
     333
     309
     234
     235
     213
     210
     194
     178
     165
     171
     167
     165
     184
     157
     178
     205
     188
     187
     179
     169
     169
     155
     192
     166
     181
     181
     195
     161
     166
     169
     173
     195
     152
     183
     186
     163
     182
     153
     176
     175
     174
     169
     171
     188
     166
     172
     156
     177
     177
     186
     186
     181
     178
     171
     179
     177
     186
     187
     182
     182
     172
     185
     179
     166
     192
     177
     160
     172
     198
     190
     195
     164
     172
     202
     187
     164
     175
     190
     180
     200
     186
     211
     148
     170
     180
     168
     169
     179
     152
     154
     167
     179
     165
     186
     174
     174
     171
     188
     126
     167
     166
     160
     150
     179
     184
     176
     159
     169
     195
     169
     167
     205
     186
     167
     187
     185
     173
     163
     179
     199
     173
     173
     179
     205
     164
     155
     162
     196
     205
     165
     193
     187
     188
     163
     176
     193
     186
     173
     164
     169
     166
     172
     197
     183
     182
     172
     188
     180
     193
     191
     184
     194
     190
     168
     194
     178
     204
     172
     186
     190
     170
     191
     170
     190
     192
     195
     202
     196
     195
     178
     170
     166
     180
     191
     150
     191
     194
     200
     193
     200
     170
     164
     194
     210
     183
     171
     180
     171
     217
     199
     178
     205
     179
     189
     180
     184
     223
     197
     205
     195
     199
     204
     207
     182
     201
     194
     199
     204
     204
     208
     187
     186
     201
     187
     186
     205
     191
     181
     203
     212
     183
     192
     202
     210
     208
     223
     215
     184
     186
     206
     180
     202
     193
     206
     216
     197
     203
     200
     214
     195
     193
     186
     220
     204
     205
     223
     208
     225
     210
     197
     192
     200
     222
     221
     219
     195
     197
     235
     215
     202
     189
     192
     195
     219
     214
     236
     197
     237
     208
     186
     213
     223
     201
     211
     234
     232
     209
     220
     214
     207
     224
     204
     214
     225
     205
     205
     217
     210
     228
     213
     227
     194
     232
     182
     214
     208
     216
     199
     213
     212
     232
     230
     219
     227
     184
     200
     225
     210
     213
     210
     194
     204
     214
     212
     235
     205
     208
     234
     234
     214
     214
     211
     205
     186
     206
     213
     221
     217
     176
     185
     205
     223
     206
     202
     191
     209
     180
     180
     219
     190
     166
     191
     186
     185
     149
     156
     159
     189
     177
     181
     178
     176
     201
     169
     154
     152
     170
     168
     158
     165
     172
     168
     184
     175
     157
     157
     168
     159
     156
     152
     154
     147
     164
     137
     171
     158
     144
     143
     144
     138
     153
     162
     164
     153
     143
     153
     142
     168
     152
     136
     154
     156
     139
     124
     151
     152
     154
     141
     134
     149
     138
     138
     146
     147
     141
     140
     140
     135
     131
     137
     165
     150
     141
     158
     137
     135
     138
     140
     145
     118
     155
     148
     129
     134
     134
     137
     135
     141
     124
     147
     155
     126
     140
     137
     120
     132
     151
     143
     123
     126
     148
     147
     158
     134
     148
     130
     130
     140
     144
     129
     141
     141
     127
     136
     137
     135
     136
     141
     135
     129
     142
     122
     125
     142
     108
     113
     138
     114
     140
     133
     128
     128
     133
     127
     123
     136
     134
     144
     123
     111
     134
     145
     128
     109
     120
     158
     125
     143
     116
     127
     126
     129
     141
     125
     125
     133
     130
     134
     133
     119
     105
     131
     131
     128
     126
     122
     125
     122
     105
     124
     109
     127
     126
     113
     128
     125
     125
     115
     131
     119
     111
     108
     116
      99
     102
     118
     110
     107
     111
     149
     125
     114
     118
     129
     112
     120
     121
     125
     132
     106
     125
     128
     113
     110
     114
     115
     126
     119
     101
     100
      99
     106
     109
     104
     109
     103
     107
     117
     111
     107
     117
     114
     131
      94
     121
     104
     118
     120
     116
     110
     109
     119
     109
     111
     104
     117
     113
     106
     101
     109
     123
     108
      97
     118
      97
     108
     117
     129
     117
      93
     108
     110
     111
     127
     102
      73
     105
     104
      98
     120
     117
     116
     113
     119
     110
     130
      90
     113
     103
     117
     125
     101
     112
     103
     120
     117
     120
     120
      92
     104
     128
     111
     114
      98
     100
     116
     103
     116
     110
     116
     112
     116
      97
     120
     125
      89
     114
     101
     105
     125
      87
     120
     112
     107
     105
     111
     114
      99
     124
      80
     104
     107
     118
     104
     105
      94
      97
     116
     104
      91
     115
     108
     101
     119
     117
     102
     101
     100
     109
     125
     100
     104
     106
     117
     102
     127
     111
      96
     105
     113
     114
     108
     106
     121
     117
     105
     123
     109
      98
     111
     123
     125
     105
     133
     109
     145
     113
     116
     109
     118
      96
     109
     105
     122
     109
     103
     126
      96
     107
     111
     105
     129
     109
     121
     125
     113
     121
     108
     115
     109
     119
     130
     123
     117
     115
      96
     114
      92
     111
     111
      95
     111
     114
     114
     108
     111
     117
     118
     103
     104
      95
     108
      94
     105
     106
     117
      98
     103
      96
     107
     119
     111
      81
      97
     116
      97
      88
      79
     106
     112
     103
      99
     102
      90
      97
      84
      87
      99
      99
     103
      98
     109
      88
      85
     104
      98
      86
     116
      88
     102
      85
      88
     100
      88
      81
      97
     114
      81
     114
     103
      98
     117
      84
      84
      96
      86
     100
      86
      98
     105
      82
      90
     101
     101
      97
      97
      96
      85
      93
     108
     106
      66
      82
      91
      97
     104
     122
     169
     184
     288
     356
     540
     686
     945
    1359
    1851
    2513
    3167
    3703
    4226
    4444
    4540
    4247
    3668
    2939
    2215
    1503
    1000
     675
     460
     300
     213
     166
     164
      90
     100
     116
     110
      98
     105
     101
     108
     110
     100
     102
      92
      93
     110
     106
     108
     100
     107
      98
      99
      94
     109
     111
     113
      89
     100
     106
     100
      93
      90
     104
      91
     100
      91
      84
      97
     104
      63
      90
      74
      72
      99
      76
      82
      86
      89
      87
      74
      81
     104
     102
      90
      82
      92
      95
      65
      86
      82
      66
      84
      80
      73
      86
      92
      74
      92
      70
      95
      85
      80
      76
      67
      78
      92
      80
      93
      79
     101
      79
      62
      94
     101
      68
      75
      75
      78
      90
      87
     103
      92
      81
      73
      77
      64
      85
      70
      88
      80
      80
      76
      78
      85
      77
      83
      98
      74
      62
      92
      72
      80
      92
      90
      80
      86
      94
      80
      81
      70
      76
      84
      85
      78
      74
      77
      77
      60
      76
      86
      85
      79
      52
      76
      83
      74
      84
      86
      85
      83
      78
      75
      64
      59
      85
      78
      79
      78
      79
      68
      81
      85
      81
      73
      57
      71
      63
      76
      73
      77
      94
      72
      85
      65
      86
      76
      86
      86
      65
      59
      69
      72
      72
      76
      82
      83
      79
      79
      61
      79
      65
      76
      81
      72
      82
      82
      72
      74
      84
      54
      71
      74
      71
      77
      81
      69
      69
      65
      71
      78
      59
      76
      69
      70
      61
      70
      73
      79
      52
      73
      65
      83
      74
      84
      96
      93
      86
      68
      65
      72
      67
      78
      78
      78
      69
      77
      68
      78
      84
      78
      81
      79
      75
      75
      81
      74
      86
      74
      66
      80
      71
      59
      84
      74
      71
      76
      87
      74
      56
      78
      91
      64
      77
      81
      67
      70
      75
      68
      91
      83
      77
      73
      78
      73
      79
      87
      79
      80
      71
      57
      61
      63
      70
      79
      62
      76
      66
      74
      79
      71
      55
      70
      69
      69
      70
      66
      69
      59
      83
      86
      79
      69
      78
      70
      71
      79
      95
      58
      68
      56
      95
      80
      66
      60
      91
      81
      72
      75
      79
      71
      85
      66
      65
      73
      73
      75
      79
      82
      76
      72
      83
      67
      77
      62
      57
      67
      79
      70
      90
      78
      69
      73
      98
      76
      75
      54
      64
      81
      85
      85
      69
      89
      75
      78
      86
      81
      85
      80
      72
      67
      71
      92
      61
      72
      81
      81
      85
      81
      65
      75
      62
      83
      86
      69
      77
      75
      77
      64
      66
      53
      77
      67
      85
      86
      63
      85
      67
      75
      66
      67
      79
      80
      72
      80
      95
      98
      81
      84
      76
      79
      84
      85
      95
      94
      71
      79
      85
      71
      79
      93
      81
      77
      75
      98
     115
     153
     173
     219
     252
     325
     385
     477
     647
     796
     909
    1120
    1234
    1436
    1369
    1472
    1284
    1178
     890
     708
     533
     397
     281
     205
     166
     142
     110
     109
      98
      95
     108
      69
      79
      89
      71
      83
      71
      92
      90
      80
      93
      91
      76
      88
      83
      76
      80
      90
      79
      87
      86
      79
      73
      69
      87
      90
      92
      68
      85
      97
      86
      89
     101
      99
      83
      91
      88
      87
      75
      81
      83
      94
      92
      89
      87
      84
      95
     119
      89
     102
      85
      94
      94
      86
      92
      98
     106
      85
      93
      76
      86
     104
      84
      93
      80
      92
      90
      93
      82
      85
      95
      74
      92
      88
      93
      83
      77
      90
      69
      97
     100
      81
      69
      93
     104
      81
      91
      88
      85
      90
      89
      94
      98
      86
      92
      93
      72
      94
      90
      85
      99
      83
      70
      86
      97
      90
     101
      87
      87
     103
      91
      92
      92
      95
      85
      90
      83
      88
     104
     104
     112
      89
      89
      99
     103
     103
      87
      85
      90
     100
     105
      96
     107
      92
     101
     101
      96
      91
     122
      83
      96
      83
      95
      91
      87
      94
      99
      88
      90
      90
     118
     120
      92
     113
     109
     101
      96
      95
      92
      85
     102
      99
     102
      91
      90
     109
      86
      97
      96
      91
     113
      94
     108
     110
      92
      95
     112
     101
     115
     106
      99
     113
     102
      85
     113
     121
     117
     100
     104
     107
     134
     111
     109
     110
     101
     112
     106
      93
      97
     106
     100
     109
     104
     103
     108
     107
      96
     109
     108
     104
      95
     102
     121
     114
     104
      88
      95
     110
     126
     117
     106
      95
     112
     105
     104
      92
     109
     112
     119
     103
      94
     129
     127
     113
     120
     103
     102
     119
      98
      98
     112
     108
     138
     118
     111
     122
     112
     137
     116
     114
     119
     107
     109
     116
     124
      97
     144
     118
     107
     113
     135
     131
     127
     121
     118
     112
     113
     111
     133
     108
     105
     138
     132
     119
     128
     125
     120
     115
     118
     100
      94
     115
     110
     143
     119
     125
     128
     139
     122
     143
     120
     101
     106
     106
     104
     120
     119
     108
     122
     133
     113
     117
      97
     105
     109
     125
     106
     122
     128
     123
     130
     133
     115
     130
     118
     122
     128
     129
     114
      95
     105
     125
     122
     115
     129
     118
      99
     101
      99
      90
     114
      94
      92
     103
     102
     100
      94
     105
     101
     107
      89
      87
      91
      72
     106
      88
     100
      86
      73
      76
      80
     100
      80
      70
      90
      78
      79
      81
      87
      81
      84
      81
      82
      75
      59
      73
      89
      77
      92
      69
      85
      69
      86
      79
      72
      73
      72
      69
      72
      62
      83
      66
      77
      76
      75
      70
      78
      75
      70
      69
      77
      72
      64
      68
      67
      71
      92
      70
      64
      72
      66
      78
      77
      72
      66
      68
      71
      77
      67
      86
      70
      68
      81
      69
      76
      67
      63
      67
      65
      56
      62
      64
      70
      75
      68
      71
      50
      72
      55
      60
      59
      56
      62
      72
      66
      75
      65
      60
      69
      57
      55
      70
      78
      55
      66
      69
      64
      51
      63
      63
      61
      61
      94
      71
      63
      65
      59
      69
      67
      64
      64
      57
      67
      70
      71
      63
      60
      58
      66
      48
      54
      71
      59
      61
      60
      60
      66
      67
      49
      50
      68
      52
      55
      63
      54
      54
      50
      46
      58
      65
      45
      66
      50
      54
      44
      54
      53
      62
      35
      65
      42
      63
      59
      60
      57
      56
      49
      45
      56
      69
      43
      53
      47
      37
      38
      69
      65
      56
      66
      43
      53
      49
      57
      60
      62
      52
      45
      46
      52
      51
      51
      49
      39
      49
      56
      50
      37
      47
      49
      41
      48
      36
      53
      45
      54
      47
      48
      45
      40
      39
      34
      48
      41
      35
      46
      35
      42
      49
      38
      39
      45
      35
      30
      52
      34
      37
      44
      42
      39
      41
      41
      35
      40
      40
      38
      33
      39
      35
      43
      48
      46
      33
      33
      39
      35
      32
      33
      34
      35
      28
      30
      33
      37
      34
      31
      35
      28
      30
      29
      47
      35
      28
      29
      32
      25
      29
      33
      32
      29
      34
      29
      33
      25
      36
      20
      28
      32
      35
      28
      17
      34
      34
      25
      19
      28
      22
      31
      26
      24
      36
      25
      19
      23
      32
      29
      23
      30
      34
      29
      26
      33
      32
      29
      25
      25
      33
      29
      29
      35
      14
      24
      25
      31
      32
      42
      30
      26
      28
      24
      15
      27
      28
      17
      20
      25
      29
      21
      16
      17
      20
      25
      28
      20
      18
      24
      18
      24
      33
      26
      21
      31
      27
      22
      29
      22
      15
      30
      18
      22
      32
      33
      31
      30
      27
      18
      32
      26
      28
      24
      24
      24
      25
      33
      40
      31
      30
      20
      26
      22
      24
      27
      19
      13
      27
      25
      17
      26
      26
      16
      33
      19
      28
      21
      26
      25
      26
      21
      22
      29
      27
      19
      29
      27
      15
      32
      32
      33
      27
      27
      29
      17
      33
      26
      28
      30
      17
      21
      27
      22
      17
      24
      20
      26
      22
      21
      28
      26
      24
      32
      23
      24
      26
      25
      24
      23
      36
      31
      29
      18
      17
      23
      17
      25
      22
      28
      17
      27
      26
      29
      25
      20
      18
      27
      25
      34
      20
      16
      22
      32
      21
      24
      21
      26
      23
      32
      26
      23
      18
      14
      20
      31
      25
      23
      27
      20
      26
      36
      25
      26
      24
      25
      26
      29
      12
      17
      17
      23
      19
      29
      26
      19
      21
      18
      26
      24
      31
      14
      14
      20
      24
      20
      21
      20
      20
      29
      22
      26
      20
      27
      20
      27
      20
      26
      28
      29
      31
      32
      30
      30
      27
      24
      38
      38
      48
      47
      61
      92
      93
     132
     123
     180
     230
     267
     327
     427
     536
     665
     865
    1109
    1394
    1687
    1859
    2074
    2174
    2301
    2432
    2436
    2510
    2432
    2136
    1889
    1510
    1169
     867
     536
     443
     292
     223
     146
     108
      75
      57
      50
      45
      38
      29
      43
      31
      28
      33
      31
      34
      22
      25
      24
      32
      19
      22
      21
      19
      28
      30
      18
      24
      26
      23
      25
      21
      26
      17
      25
      26
      29
      25
      29
      32
      20
      22
      25
      29
      29
      26
      26
      26
      31
      23
      25
      12
      26
      22
      31
      26
      26
      30
      29
      26
      29
      23
      24
      21
      22
      26
      22
      30
      24
      26
      25
      21
      22
      10
      15
      24
      26
      19
      21
      25
      22
      19
      20
      26
      25
      17
      25
      15
      23
      34
      29
      21
      20
      25
      23
      23
      25
      16
      22
      24
      16
      18
      20
      20
      28
      21
      12
      19
       9
      18
      18
      26
      17
      19
      17
      19
      20
      26
      20
      21
      29
      27
      21
      24
      22
      22
      22
      21
      30
      19
      29
      24
      28
      27
      23
      21
      24
      21
      23
      18
      23
      30
      23
      18
      18
      23
      26
      20
      34
      23
      32
      20
      22
      22
      18
      18
      18
      27
      17
      28
      23
      16
      27
      23
      22
      23
      20
      24
      19
      31
      27
      27
      25
      22
      15
      28
      22
      26
      27
      25
      21
      21
      19
      17
      17
      28
      16
      15
      23
      16
      15
      26
      17
      30
      19
      21
      21
      16
      30
      31
      22
      23
      26
      19
      19
      21
      10
      14
      25
      15
      18
      14
      20
      25
      17
      18
      22
      19
      17
      21
      11
      25
      19
      20
      28
      28
      22
      23
      20
      21
      20
      21
      14
      25
      19
      30
      19
      15
      30
      28
      15
      18
      22
      14
      20
      14
      27
      18
      17
      17
      22
      11
      23
      25
      25
      15
      17
      22
      22
      16
      24
      10
      10
      23
      19
      17
      20
      20
      18
      24
      25
      20
      14
      15
      19
      15
      18
      12
      15
      19
      14
      15
      18
      18
      21
      18
      19
      15
      18
      20
      19
      18
      17
      21
      18
      18
      23
      22
      11
      16
      19
      24
      22
      22
      30
      19
      15
      19
      19
      28
      17
       8
      13
      14
      24
      19
      22
      15
      26
      27
      22
      16
      17
      19
      20
      16
      18
      22
      15
      20
      25
      20
      18
      20
      17
      22
      24
      20
      22
      21
      26
      27
      12
      21
      29
      18
      21
      17
      19
      28
      20
      20
      11
      23
      12
      16
      18
      17
      27
      16
      12
      18
      21
      39
      23
      22
      18
      19
      19
      17
      16
      16
      24
      13
      12
       6
      26
      20
      16
      21
      17
      12
      23
      17
       9
      17
      30
      23
      24
      17
      19
      17
      18
      16
      17
      18
      15
      21
      20
      20
      16
      20
      13
      17
      20
      22
      15
      26
      17
      12
      19
      17
      16
      20
      17
      19
      29
      16
      20
      18
      23
      16
      24
      15
      17
      18
      13
      21
      23
      24
      28
      19
      21
      15
      11
      15
      18
      17
      21
      16
      10
      17
      19
      24
      15
      15
      18
      15
      19
      19
      20
      12
      16
      22
      21
      10
      13
      19
      25
      28
      21
      16
      19
      16
      20
      16
      19
      22
      17
      18
      17
      23
      18
      11
      15
      16
      26
      12
      17
      19
      23
      22
      27
      17
      13
      23
      17
      21
      14
      16
      25
      18
      17
      20
      23
      21
      18
      19
      18
      16
      15
      16
      18
      17
      23
      18
      18
      18
      20
      22
      14
      19
      14
      25
      16
      25
      22
      15
      17
      18
      21
      14
      20
      19
      20
      14
      17
      15
      22
      19
      17
      15
      17
      15
      17
      19
      22
      20
      20
      10
      18
      21
      23
      23
      15
      17
      19
      21
      27
      20
      18
      24
      12
      19
      16
      15
      16
      18
      22
      15
      22
      13
      20
       9
      18
      22
      21
      17
      17
      21
      17
      23
      19
      18
      18
      16
      18
      22
      16
      13
      15
      17
      25
      17
      20
      14
      16
      10
      12
      18
      16
      19
      19
      16
      19
      23
      12
      21
      16
      19
      14
      10
      13
      22
      16
      15
      21
      16
      22
      18
      19
      21
      14
      18
      23
      25
      21
      22
      12
      19
      17
      21
      10
      18
      15
      12
      18
      24
      16
      17
      19
      19
      28
      23
      30
      18
      13
      15
      22
      23
      21
      24
      25
      15
      20
      18
      25
      18
      26
      20
      20
      13
      19
      14
      14
      16
      13
      19
      21
      19
      13
      11
      28
      15
      14
      16
      14
      13
      24
      20
      21
      15
      18
      19
      24
      15
      19
      24
      24
      20
      18
      18
      17
      19
      17
      20
      15
      25
      21
      25
      32
      14
      15
      16
      18
      20
      16
      18
      17
      12
      13
      20
      19
      15
      26
      17
      16
       8
      18
      16
      22
      19
      21
      15
      18
      16
      25
      13
      16
      17
      14
      15
      11
      13
      24
      23
      13
      15
      12
       6
      15
      26
      20
      23
      19
      14
      13
      20
      19
      13
      19
      17
      14
      24
      14
      19
      25
      15
      17
      18
      20
      13
      15
      16
      23
      16
      16
      19
      29
      16
      20
      20
      20
      27
      22
      19
      13
      24
      15
      21
      12
      29
      24
      18
      19
      22
      16
      19
      18
      26
      29
      17
      17
      26
       8
      14
      26
      25
      17
      16
      13
      13
      28
      15
      19
      21
      20
      27
      20
      21
      15
      21
      23
      22
      24
      14
      19
      23
      15
      18
      25
      20
      13
      16
      10
      23
      16
      10
      13
      15
      16
      19
      22
      19
      13
      11
      14
      18
      20
      23
      16
      24
      17
      16
      20
      19
      11
      11
      18
      23
      15
      14
      15
      20
      16
      14
      19
      24
       9
      23
      18
      17
      16
      20
      19
      13
      31
      14
      23
      16
      21
      18
      13
      14
      17
      17
      16
      14
      18
      22
      21
      23
      17
      23
      15
      20
      13
      19
      17
      25
      22
      21
      33
      37
      43
      42
      45
      57
      40
      55
      62
      51
      68
      60
      71
      78
     100
      87
     110
      95
     108
     106
     105
     102
      94
      90
      98
      84
      92
      82
      95
      65
      51
      49
      47
      43
      42
      47
      38
      37
      26
      39
      29
      28
      26
      30
      22
      16
      25
      31
      21
      26
      29
      17
      28
      27
      22
      15
      23
      18
      22
      19
      26
      28
      19
      22
      21
      21
      19
      31
      19
      23
      22
      15
      20
      28
      13
      18
      18
      23
      20
      21
      25
      15
      20
      22
      22
      22
      22
      23
      22
      19
      30
      24
      15
      21
      18
      22
      21
      16
      14
      26
      18
      20
      26
      24
      22
      19
      23
      22
      20
      14
      25
      30
      11
      22
      31
      20
      19
      23
      18
      22
      21
      23
      29
      24
      19
      23
      21
      29
      23
      24
      33
      21
      17
      20
      21
      17
      23
      16
      24
      23
      23
      20
      25
      24
      26
      15
      23
      19
      20
      17
      15
      19
      16
      28
      13
      25
      23
      24
      18
      24
      19
      17
      19
      19
      20
      20
      18
      20
      17
      25
      28
      20
      28
      20
      17
      34
      25
      21
      28
      23
      22
      22
      25
      25
      18
      18
      18
      33
      20
      16
      20
      20
      18
      19
      24
      20
      25
      35
      25
      19
      25
      24
      17
      31
      29
      29
      24
      28
      21
      28
      26
      11
      25
      17
      17
      31
      25
      21
      23
      25
      21
      22
      20
      20
      34
      30
      16
      15
      19
      38
      20
      26
      33
      24
      31
      19
      19
      20
      30
      27
      25
      19
      22
      23
      25
      25
      20
      25
      28
      19
      26
      22
      27
      30
      20
      26
      31
      28
      22
      32
      21
      23
      22
      21
      15
      22
      24
      29
      24
      32
      18
      22
      31
      24
      27
      15
      31
      20
      25
      15
      22
      34
      28
      41
      25
      22
      35
      22
      17
      25
      20
      17
      17
      31
      20
      19
      15
      31
      27
      24
      18
      27
      23
      18
      18
      21
      26
      28
      23
      18
      22
      31
      23
      23
      28
      16
      36
      22
      21
      22
      27
      28
      21
      23
      19
      29
      28
      23
      18
      25
      20
      18
      22
      25
      27
      25
      30
      31
      31
      18
      26
      29
      26
      35
      21
      31
      27
      12
      26
      22
      27
      29
      26
      26
      22
      27
      26
      21
      27
      27
      21
      27
      27
      17
      17
      28
      22
      21
      27
      27
      31
      22
      25
      18
      23
      29
      23
      28
      22
      22
      19
      27
      22
      27
      18
      32
      26
      27
      28
      30
      19
      22
      26
      27
      17
      23
      33
      16
      21
      35
      28
      18
      28
      25
      23
      32
      27
      28
      18
      22
      31
      28
      36
      36
      16
      20
      20
      26
      22
      23
      19
      18
      22
      26
      27
      31
      30
      23
      24
      20
      25
      31
      27
      18
      25
      22
      31
      33
      25
      21
      15
      28
      25
      24
      30
      23
      32
      17
      18
      22
      23
      27
      32
      23
      29
      29
      16
      19
      33
      25
      12
      21
      24
      33
      20
      21
      21
      23
      27
      20
      35
      23
      17
      18
      19
      24
      25
      17
      19
      25
      26
      28
      33
      29
      22
      29
      28
      30
      19
      30
      28
      20
      32
      30
      28
      31
      22
      29
      18
      20
      20
      23
      11
      25
      27
      35
      23
      12
      17
      23
      18
      28
      24
      24
      28
      34
      19
      25
      28
      19
      14
      32
      29
      24
      27
      27
      22
      19
      26
      19
      21
      25
      17
      24
      26
      27
      29
      34
      19
      25
      21
      28
      37
      23
      18
      30
      25
      18
      35
      26
      26
      24
      29
      24
      17
      22
      30
      17
      28
      25
      35
      21
      23
      31
      20
      29
      27
      25
      29
      30
      21
      33
      25
      19
      19
      20
      26
      12
      24
      29
      31
      23
      28
      16
      26
      26
      27
      26
      26
      23
      34
      28
      23
      25
      35
      26
      31
      24
      35
      26
      32
      28
      18
      15
      29
      33
      23
      15
      22
      24
      23
      24
      18
      34
      27
      26
      38
      28
      24
      32
      32
      19
      24
      35
      31
      30
      26
      23
      30
      21
      29
      20
      33
      30
      35
      30
      22
      31
      32
      31
      22
      24
      27
      32
      26
      25
      20
      23
      24
      27
      33
      22
      31
      22
      21
      26
      24
      30
      29
      27
      26
      25
      32
      21
      26
      23
      28
      22
      32
      27
      32
      25
      31
      25
      22
      24
      19
      39
      23
      28
      30
      24
      29
      18
      30
      21
      24
      16
      14
      18
      31
      32
      36
      19
      23
      35
      23
      27
      20
      24
      28
      26
      15
      32
      25
      27
      19
      22
      30
      31
      26
      35
      24
      21
      29
      22
      18
      30
      26
      29
      27
      26
      31
      32
      33
      29
      33
      39
      32
      30
      21
      28
      26
      30
      22
      30
      25
      41
      20
      25
      29
      27
      30
      26
      24
      26
      33
      28
      37
      28
      21
      30
      25
      24
      26
      32
      31
      46
      33
      30
      24
      29
      28
      32
      30
      23
      32
      25
      27
      26
      32
      29
      35
      17
      26
      25
      32
      19
      31
      37
      25
      28
      22
      16
      17
      31
      26
      38
      36
      22
      29
      28
      29
      20
      22
      27
      23
      29
      27
      24
      20
      28
      33
      26
      24
      18
      27
      28
      27
      34
      21
      36
      27
      26
      24
      31
      22
      38
      21
      31
      25
      24
      38
      29
      23
      27
      32
      42
      21
      31
      28
      32
      23
      34
      27
      34
      32
      25
      25
      30
      21
      31
      35
      26
      17
      28
      34
      22
      29
      28
      34
      33
      19
      27
      27
      36
      30
      29
      27
      28
      32
      24
      25
      25
      28
      22
      32
      30
      30
      27
      31
      34
      25
      34
      33
      23
      23
      34
      23
      18
      26
      32
      27
      31
      29
      23
      30
      32
      29
      29
      23
      24
      21
      30
      30
      36
      24
      29
      22
      26
      30
      29
      29
      32
      29
      22
      26
      21
      27
      28
      18
      21
      33
      35
      36
      20
      23
      24
      31
      22
      25
      27
      27
      22
      23
      16
      27
      31
      27
      27
      35
      22
      24
      20
      38
      31
      24
      22
      21
      36
      26
      37
      17
      34
      18
      30
      18
      29
      32
      40
      34
      28
      19
      28
      20
      18
      41
      29
      32
      24
      27
      25
      33
      29
      29
      29
      31
      22
      27
      22
      28
      17
      35
      20
      30
      29
      29
      24
      25
      23
      27
      31
      30
      24
      32
      29
      26
      23
      29
      25
      19
      33
      33
      28
      25
      32
      25
      29
      28
      26
      20
      25
      29
      32
      24
      33
      21
      27
      18
      29
      19
      24
      23
      45
      19
      28
      21
      24
      23
      36
      23
      20
      25
      34
      30
      23
      28
      26
      27
      22
      26
      29
      28
      32
      16
      32
      34
      27
      25
      32
      37
      24
      29
      34
      25
      21
      33
      23
      27
      34
      30
      31
      29
      29
      28
      34
      23
      34
      27
      28
      30
      27
      19
      24
      22
      32
      25
      25
      26
      23
      26
      30
      24
      29
      18
      23
      35
      27
      27
      32
      30
      25
      24
      25
      30
      17
      22
      18
      23
      24
      24
      19
      25
      25
      19
      23
      28
      30
      29
      30
      18
      35
      25
      29
      34
      26
      24
      28
      31
      32
      20
      21
      27
      34
      35
      28
      23
      30
      24
      23
      25
      33
      32
      30
      30
      27
      21
      23
      29
      24
      27
      31
      43
      30
      25
      27
      30
      26
      23
      27
      31
      26
      33
      19
      25
      25
      36
      26
      28
      25
      33
      30
      31
      20
      32
      25
      15
      27
      34
      25
      20
      29
      29
      29
      27
      38
      17
      21
      20
      33
      17
      30
      38
      26
      32
      26
      23
      32
      28
      39
      32
      38
      26
      36
      22
      26
      34
      30
      21
      22
      27
      26
      26
      30
      29
      26
      26
      27
      34
      24
      39
      27
      19
      28
      19
      27
      25
      26
      23
      27
      20
      29
      29
      37
      34
      26
      28
      18
      22
      19
      34
      19
      25
      35
      35
      24
      31
      25
      28
      33
      41
      32
      30
      26
      31
      33
      23
      29
      32
      25
      30
      31
      26
      32
      32
      30
      33
      27
      30
      29
      28
      17
      31
      27
      30
      32
      18
      23
      24
      27
      24
      36
      32
      22
      26
      29
      32
      35
      26
      22
      32
      32
      31
      39
      31
      35
      19
      25
      35
      31
      44
      42
      42
      37
      43
      41
      39
      50
      60
      41
      63
      68
      72
      73
      85
      88
     103
     110
     107
     127
     118
     115
     162
     131
     157
     142
     138
     143
     143
     160
     140
     151
     150
     142
     135
     134
      95
     113
      95
      90
      87
      84
      58
      49
      52
      52
      50
      44
      35
      33
      47
      36
      28
      32
      32
      23
      27
      40
      39
      21
      33
      42
      37
      35
      33
      33
      17
      37
      36
      30
      36
      28
      30
      32
      36
      34
      31
      34
      40
      29
      38
      43
      44
      28
      43
      23
      33
      32
      26
      36
      31
      44
      28
      29
      33
      30
      35
      30
      31
      32
      39
      28
      42
      20
      37
      39
      37
      46
      37
      41
      33
      34
      31
      25
      25
      27
      40
      38
      34
      28
      32
      35
      35
      38
      33
      40
      34
      47
      27
      36
      38
      39
      40
      39
      39
      35
      27
      21
      38
      28
      38
      26
      34
      24
      32
      31
      30
      34
      33
      32
      37
      31
      29
      39
      32
      32
      38
      37
      32
      34
      30
      43
      35
      37
      32
      34
      38
      38
      30
      30
      36
      40
      35
      26
      26
      34
      35
      33
      37
      35
      31
      35
      38
      31
      41
      42
      40
      28
      37
      34
      41
      33
      39
      29
      30
      38
      37
      42
      28
      40
      44
      28
      28
      28
      40
      33
      40
      32
      50
      27
      29
      31
      36
      47
      39
      27
      43
      29
      32
      31
      35
      38
      35
      27
      32
      28
      36
      31
      34
      39
      38
      39
      29
      30
      29
      38
      36
      49
      42
      35
      26
      35
      39
      33
      38
      43
      41
      44
      41
      35
      35
      28
      34
      26
      30
      28
      32
      29
      32
      36
      29
      28
      40
      33
      40
      41
      43
      33
      45
      44
      38
      37
      34
      37
      40
      33
      45
      32
      48
      45
      40
      25
      35
      36
      42
      41
      42
      30
      46
      37
      27
      42
      31
      48
      39
      35
      34
      39
      24
      37
      35
      36
      27
      44
      39
      37
      39
      31
      35
      30
      51
      49
      39
      40
      35
      33
      37
      27
      35
      50
      43
      34
      30
      34
      20
      30
      39
      29
      32
      36
      34
      43
      39
      32
      33
      41
      30
      40
      40
      38
      48
      49
      27
      40
      40
      33
      32
      35
      38
      28
      38
      40
      34
      38
      47
      44
      34
      38
      29
      34
      36
      46
      37
      35
      39
      52
      35
      40
      34
      35
      37
      30
      50
      42
      43
      37
      27
      34
      41
      33
      43
      35
      45
      44
      43
      30
      34
      41
      45
      42
      35
      44
      46
      55
      38
      48
      31
      40
      32
      44
      28
      28
      47
      38
      38
      47
      42
      41
      40
      33
      44
      45
      40
      45
      41
      36
      37
      43
      45
      36
      48
      36
      39
      30
      45
      39
      41
      44
      44
      40
      43
      33
      40
      46
      42
      43
      47
      54
      43
      33
      31
      34
      39
      34
      36
      45
      43
      46
      49
      36
      45
      36
      48
      47
      43
      41
      44
      36
      46
      44
      42
      35
      36
      39
      50
      50
      37
      40
      47
      45
      44
      38
      38
      43
      49
      50
      35
      40
      35
      45
      43
      43
      43
      44
      44
      49
      35
      44
      53
      38
      37
      55
      41
      28
      42
      37
      63
      37
      39
      50
      44
      46
      58
      51
      40
      51
      47
      59
      55
      48
      44
      53
      38
      50
      53
      36
      50
      49
      50
      38
      36
      51
      54
      45
      45
      41
      45
      43
      49
      50
      32
      37
      41
      47
      59
      52
      46
      45
      63
      62
      56
      49
      34
      46
      45
      48
      49
      47
      55
      47
      48
      43
      53
      52
      43
      46
      38
      59
      50
      45
      50
      56
      44
      53
      47
      41
      49
      41
      55
      47
      50
      58
      46
      45
      48
      40
      36
      53
      38
      51
      46
      40
      50
      50
      49
      40
      57
      49
      43
      39
      44
      43
      45
      58
      42
      49
      43
      51
      43
      51
      46
      54
      55
      52
      56
      64
      48
      56
      49
      60
      55
      52
      55
      45
      48
      51
      51
      57
      59
      56
      51
      47
      49
      58
      64
      70
      56
      69
      57
      39
      52
      48
      55
      46
      45
      51
      58
      46
      58
      40
      51
      51
      54
      52
      58
      57
      62
      52
      55
      63
      65
      45
      52
      54
      54
      51
      48
      54
      57
      54
      46
      61
      58
      56
      44
      50
      55
      53
      65
      58
      65
      57
      58
      55
      57
      60
      56
      60
      51
      53
      67
      75
      63
      62
      48
      51
      50
      54
      47
      53
      57
      43
      35
      56
      45
      55
      42
      48
      56
      51
      48
      57
      55
      43
      57
      55
      48
      44
      46
      57
      51
      52
      47
      49
      58
      58
      55
      45
      42
      50
      46
      43
      50
      60
      43
      48
      42
      48
      51
      44
      37
      49
      40
      42
      43
      48
      50
      38
      44
      37
      35
      39
      42
      39
      49
      43
      34
      47
      48
      37
      36
      45
      48
      40
      44
      35
      34
      31
      32
      44
      43
      52
      41
      43
      35
      50
      43
      30
      43
      44
      41
      35
      42
      43
      32
      44
      38
      40
      35
      28
      48
      37
      39
      32
      38
      31
      35
      30
      37
      35
      32
      40
      40
      44
      30
      38
      36
      44
      30
      31
      38
      26
      29
      35
      29
      31
      33
      22
      31
      38
      32
      26
      39
      35
      34
      41
      23
      30
      32
      32
      41
      31
      35
      33
      26
      32
      25
      26
      29
      24
      32
      23
      32
      36
      42
      27
      34
      39
      33
      36
      35
      35
      31
      33
      38
      34
      33
      34
      41
      29
      39
      23
      24
      26
      29
      38
      28
      23
      32
      34
      28
      35
      39
      42
      25
      35
      31
      37
      29
      37
      34
      35
      28
      31
      33
      32
      39
      31
      30
      34
      36
      41
      29
      24
      36
      30
      30
      26
      32
      23
      34
      30
      26
      33
      36
      31
      27
      30
      28
      28
      33
      26
      31
      17
      29
      19
      31
      28
      24
      40
      32
      31
      20
      26
      22
      23
      33
      23
      27
      37
      24
      12
      28
      33
      32
      22
      29
      16
      26
      19
      37
      29
      32
      24
      15
      22
      28
      16
      22
      24
      25
      23
      23
      24
      27
      24
      20
      21
      13
      15
      20
      19
      26
      25
      18
      26
      24
      19
      29
      15
      27
      19
      24
      25
      23
      20
      24
      28
      10
      17
      24
      15
      21
      28
      12
      17
      14
      16
      14
      11
      21
      12
      18
      20
      12
      11
      15
      21
      20
      15
      13
      15
      21
      13
      15
      19
      18
      22
      17
      15
      13
      25
      12
      15
      19
      14
      10
      14
      18
      14
      10
      15
      12
      14
      15
      19
      22
      16
      21
      14
      18
      13
       9
       6
      13
      18
      23
      15
      16
      11
       8
      10
      10
      15
      13
       6
       7
      10
      19
       4
       7
      13
      10
      14
      12
      15
      14
       9
       7
      13
       4
      11
      13
      11
       8
       9
      11
       5
      15
       7
      14
      12
       7
      14
       5
      12
      11
       7
       6
       7
       8
       5
      11
       8
      10
       9
       7
      11
       7
       8
      13
      12
       5
       6
      11
       7
       9
       5
       5
       6
      10
       9
       4
       5
       8
      10
       6
       7
       4
      12
      11
       6
       7
       5
       4
       5
       4
      11
       5
       6
      11
       4
      11
       8
       7
       6
       7
      10
       8
       5
       8
      13
       9
       5
       5
       7
       7
       8
       8
       4
       2
       6
       4
       5
       6
       5
      10
       2
       7
       2
       2
       6
       7
       2
       2
       4
       5
       5
       3
       4
       2
       4
       6
       7
       8
       7
       7
       7
      11
       6
       6
       8
       8
       3
       2
       4
       6
       8
       7
       7
      10
       9
      11
       3
       6
       9
       5
       6
       9
       7
       6
       3
       8
       3
       9
      11
       8
       7
       7
       3
      11
       6
       3
       5
       8
       6
       2
       6
       5
       4
       6
       4
       5
       7
       8
       6
       7
       3
       7
       2
       6
       3
       6
       3
       2
       1
       5
       7
       6
       5
       4
       6
       1
       5
       2
       7
       7
       6
       4
       6
       7
       4
       5
       9
       7
       8
      10
       8
       7
      11
       7
       2
       9
       7
       5
       4
       7
       8
       5
       5
       6
       2
       9
       6
       4
       7
       4
       7
       9
       8
       8
       8
       8
       6
       8
       9
       7
      13
       7
      15
      10
       9
      17
      19
      15
      18
      21
      23
      20
      22
      31
      35
      51
      42
      45
      54
      52
      64
      58
      73
      98
      85
      91
     121
     139
     181
     188
     207
     224
     266
     298
     353
     407
     452
     493
     544
     530
     538
     570
     635
     559
     637
     671
     685
     702
     748
     746
     800
     743
     761
     746
     691
     638
     569
     500
     394
     336
     253
     190
     166
     136
     111
      76
      63
      57
      52
      53
      43
      37
      29
      34
      19
      14
      10
      12
      10
      14
      10
      11
       7
       7
       8
       5
       8
       4
      10
       5
       6
       4
      10
       6
       7
       4
      11
      11
      10
       7
       5
       5
       6
       8
       7
       4
       5
      12
       3
       4
       4
       5
      11
       5
       6
       5
       5
       4
       2
       8
       7
       7
       3
       5
       7
       4
       5
      10
       9
       4
       4
       2
       5
       6
       3
       3
       5
       3
       4
       6
       6
       5
       4
       2
       5
       6
       9
       5
       8
       7
      10
       5
       2
       1
       6
       3
       7
       6
       6
       2
       4
       3
       4
       5
       2
       3
       4
       2
       6
       4
       5
       1
       9
       1
       6
       2
       0
       3
       3
       3
       3
       5
       3
       4
       5
       6
       3
       6
       6
       5
       4
       7
       7
       5
       4
       4
       3
       3
       5
       2
       2
       4
       6
       3
       6
       4
       4
       5
       4
       0
       2
       6
       7
       4
       7
       7
       3
       3
       3
       3
       6
       3
       3
       3
       4
       6
       3
       2
       4
       3
       3
       5
       5
       4
       3
       0
       4
       2
       5
       4
       6
       2
       4
       3
       3
       3
       1
       8
       4
       3
       5
       2
       1
       5
       3
       3
       2
       5
       4
       2
       4
       4
       4
       4
       2
       1
       2
       5
       2
       5
       1
       4
       3
       5
       6
       5
       1
       3
       3
       4
       1
       4
       7
       1
       5
       4
       3
       0
       7
       2
       5
       0
       5
       6
       5
       4
       4
       3
       4
       5
       3
       2
       4
       6
       6
       4
       2
       4
       1
       4
       4
       4
       4
       2
       1
       3
       1
       5
       5
       0
       1
       2
       5
       3
       2
       3
       1
       7
       2
       2
       2
       2
       1
       3
       5
       1
       0
       2
       2
       7
       1
       6
       0
       1
       3
       1
       4
       5
       1
       2
       2
       2
       2
       2
       6
       2
       1
       4
       2
       1
       1
       1
       0
       4
       3
       2
       2
       2
       0
       2
       1
       6
       1
       3
       3
       4
       5
       2
       1
       4
       4
       2
       2
       1
       4
       4
       0
       5
       1
       3
       1
       3
       4
       2
       3
       3
       4
       0
       1
       2
       3
       2
       3
       1
       5
       4
       2
       1
       2
       2
       2
       4
       3
       0
       3
       2
       3
       4
       4
       4
       0
       3
       3
       0
       2
       1
       1
       5
       3
       3
       3
       5
       4
       2
       2
       0
       1
       5
       1
       2
       1
       2
       3
       0
       2
       4
       0
       1
       2
       2
       0
       2
       2
       2
       3
       1
       2
       2
       0
       2
       1
       3
       2
       3
       1
       2
       0
       4
       0
       3
       4
       2
       5
       1
       6
       3
       2
       0
       3
       4
       1
       1
       6
       1
       1
       2
       0
       1
       3
       6
       1
       4
       1
       3
       3
       3
       0
       0
       2
       5
       3
       5
       0
       2
       1
       1
       1
       1
       5
       3
       0
       1
       2
       0
       2
       3
       2
       1
       2
       3
       2
       3
       3
       1
       1
       2
       1
       3
       0
       1
       4
       1
       4
       1
       1
       0
       1
       0
       2
       2
       0
       2
       4
       2
       1
       0
       1
       3
       4
       3
       0
       1
       0
       3
       2
       1
       4
       2
       2
       1
       3
       0
       1
       3
       0
       2
       2
       1
       1
       4
       0
       1
       1
       5
       1
       1
       1
       3
       1
       1
       2
       3
       2
       0
       5
       6
       3
       2
       5
       1
       2
       1
       7
       0
       2
       2
       1
       0
       2
       2
       1
       3
       0
       1
       1
       3
       0
       1
       1
       0
       1
       2
       3
       3
       1
       1
       2
       4
       0
       2
       3
       1
       2
       0
       2
       1
       3
       2
       2
       1
       0
       1
       2
       1
       3
       2
       0
       3
       1
       4
       1
       2
       6
       0
       1
       4
       1
       5
       3
       1
       1
       1
       0
       4
       2
       1
       2
       3
       3
       0
       2
       2
       0
       0
       2
       1
       1
       3
       1
       1
       3
       3
       1
       2
       2
       4
       0
       0
       1
       2
       0
       2
       2
       2
       3
       0
       1
       1
       0
       2
       0
       1
       3
       3
       0
       3
       1
       2
       2
       1
       2
       1
       1
       1
       2
       1
       0
       2
       3
       4
       1
       2
       2
       0
       0
       1
       1
       3
       2
       2
       5
       2
       1
       2
       2
       5
       1
       4
       4
       1
       1
       1
       2
       1
       4
       1
       4
       0
       1
       2
       2
       1
       1
       3
       1
       4
       1
       1
       0
       2
       4
       3
       0
       0
       0
       5
       4
       3
       1
       0
       2
       2
       2
       1
       2
       1
       2
       2
       0
       1
       2
       2
       0
       2
       3
       3
       1
       5
       1
       0
       0
       2
       0
       1
       3
       1
       1
       1
       2
       6
       2
       2
       0
       1
       3
       1
       0
       2
       3
       3
       3
       1
       2
       4
       0
       3
       4
       2
       1
       0
       1
       0
       0
       0
       2
       1
       3
       3
       4
       1
       0
       0
       1
       4
       3
       0
       1
       0
       0
       1
       1
       0
       0
       2
       1
       4
       1
       2
       0
       2
       3
       2
       6
       1
       1
       3
       2
       0
       1
       1
       2
       3
       3
       3
       3
       2
       1
       0
       1
       4
       3
       2
       1
       3
       3
       0
       1
       1
       1
       1
       0
       1
       0
       2
       1
       5
       2
       1
       1
       2
       1
       2
       2
       2
       3
       2
       1
       4
       1
       3
       1
       3
       2
       1
       2
       2
       2
       4
       0
       3
       1
       2
       5
       1
       1
       1
       2
       0
       1
       3
       1
       1
       2
       1
       2
       1
       4
       0
       1
       1
       4
       2
       2
       2
       1
       2
       0
       3
       1
       1
       0
       0
       1
       3
       2
       1
       2
       0
       2
       1
       1
       3
       1
       0
       0
       1
       1
       1
       1
       3
       1
       2
       0
       3
       0
       0
       1
       1
       0
       0
       3
       0
       1
       0
       1
       0
       1
       1
       0
       1
       1
       1
       1
       0
       2
       1
       2
       1
       1
       0
       1
       1
       2
       1
       3
       1
       1
       1
       2
       3
       0
       2
       0
       1
       4
       0
       3
       1
       0
       0
       0
       1
       1
       2
       2
       2
       2
       2
       0
       3
       2
       1
       0
       2
       2
       1
       6
       1
       1
       0
       2
       0
       0
       2
       1
       1
       2
       2
       0
       2
       1
       1
       0
       0
       1
       1
       0
       3
       0
       0
       2
       2
       0
       1
       2
       1
       0
       0
       2
       1
       0
       2
       0
       0
       1
       1
       2
       1
       1
       2
       1
       1
       2
       1
       2
       1
       1
       2
       1
       1
       2
       2
       0
       0
       2
       2
       2
       1
       2
       2
       1
       1
       0
       1
       1
       1
       1
       1
       1
       0
       1
       0
       2
       0
       0
       2
       1
       0
       1
       0
       2
       1
       1
       0
       1
       1
       0
       0
       2
       2
       0
       1
       0
       0
       3
       0
       0
       0
       1
       1
       2
       1
       0
       1
       0
       2
       1
       0
       0
       1
       1
       0
       0
       0
       1
       0
       2
       0
       0
       1
       2
       1
       0
       1
       0
       0
       3
       2
       0
       0
       2
       0
       0
       0
       0
       0
       1
       0
       0
       0
       0
       1
       0
       0
       0
       0
       0
       0
       0
       0
       0
       0
       0
       0
       0
       0
       0
       0
       0
       0
       0
       0
       0
       0
       0
       0
       0
       0
       0
       0
       0
       0
       0
       0
       0
       0
       0
       0
       0
       0
       0
       0
       0
       0
       0
       0
       0
       0
       0
       0
       0
       0
       0
       0
       0
       0
       0
       0
       0
       0
       0
       0
       0
       0
       0
       0
       0
       0
       0
       0
       0
       0
       0
       0
       0
       0
       0
       0
       0
       0
       0
       0
       0
       0
       0
       0
       0
       0
       0
       0
       0
       0
       0
       0
       0
       0
       0
       0
       0
       0
       0
       0
       0
       0
       0
       0
       0
       0
       0
       0
       0
       0
       0
       0
       0
       0
       0
       0
       0
       0
       0
       0
       0
       0
       0
       0
       0
       0
       0
       0
       0
       0
       0
       0
       0
       0
       0
       0
       0
       0
       0
       0
       0
       0
       0
       0
       0
$ROI:
24
43 57
143 159
196 212
298 314
354 370
455 478
509 527
607 627
687 707
750 770
857 879
886 908
981 1003
1652 1680
1940 1984
2242 2276
2410 2444
2500 2534
2714 2752
2779 2839
2910 2975
3330 3374
3517 3563
4577 4648
$PRESETS:
None
0
0
$ENER_FIT:
-0.400801 0.397322
$MCA_CAL:
3
-4.008010E-001 3.973216E-001 -1.307090E-010 keV
$SHAPE_CAL:
3
2.969388E+000 2.442717E-003 8.917358E-008
