$SPEC_ID:
Pulser
$SPEC_REM:
DET# 2
DETDESC# DETECTOR 2
AP# GammaVision Version 7.01.03
$DATE_MEA:
04/28/2017 14:12:12
$MEAS_TIM:
62 68
$DATA:
0 8191
       0
       0
       0
       0
       0
       0
       0
       0
       0
       0
       0
       0
       0
       0
       0
       0
       0
       0
       0
       0
       0
       0
       0
       7
     315
     378
     221
     195
     170
     140
     180
     185
     189
     178
     208
     195
     220
     205
     223
     217
     215
     217
     216
     203
     240
     223
     188
     239
     238
     226
     221
     243
     228
     236
     225
     228
     258
     272
     256
     225
     210
     275
     233
     228
     229
     245
     260
     239
     248
     208
     278
     193
     250
     212
     253
     206
     234
     205
     222
     248
     239
     225
     210
     232
     229
     221
     212
     211
     231
     207
     225
     216
     208
     182
     198
     193
     220
     185
     200
     215
     205
     212
     190
     215
     175
     216
     210
     219
     199
     208
     201
     185
     205
     207
     203
     181
     183
     183
     173
     209
     209
     203
     204
     182
     195
     194
     171
     190
     176
     204
     206
     181
     169
     185
     173
     162
     174
     194
     189
     174
     185
     223
     174
     182
     192
     197
     186
     167
     177
     174
     195
     170
     167
     165
     176
     161
     126
     173
     177
     187
     193
     174
     179
     183
     172
     189
     159
     177
     171
     148
     163
     174
     194
     181
     167
     176
     174
     161
     168
     184
     203
     194
     191
     204
     196
     238
     216
     233
     242
     263
     269
     209
     194
     202
     169
     170
     153
     152
     152
     153
     168
     158
     144
     132
     173
     161
     144
     165
     155
     151
     176
     218
     183
     198
     187
     188
     174
     178
     154
     175
     144
     173
     172
     146
     139
     150
     160
     148
     158
     158
     146
     153
     137
     147
     178
     133
     156
     129
     157
     140
     160
     160
     153
     141
     167
     141
     154
     121
     144
     153
     144
     144
     135
     134
     140
     162
     146
     148
     138
     123
     153
     141
     138
     154
     132
     183
     143
     147
     160
     148
     133
     150
     146
     143
     157
     146
     137
     131
     151
     164
     152
     149
     112
     157
     125
     144
     158
     160
     156
     139
     124
     151
     133
     131
     133
     130
     123
     129
     165
     127
     138
     141
     149
     138
     139
     134
     139
     132
     156
     129
     110
     141
     144
     137
     131
     176
     129
     139
     152
     133
     126
     135
     160
     138
     134
     126
     146
     126
     149
     132
     146
     121
     123
     150
     147
     123
     121
     157
     124
     119
     149
     151
     135
     126
     146
     118
     133
     146
     156
     147
     144
     145
     128
     129
     134
     163
     164
     128
     122
     147
     160
     137
     151
     138
     141
     103
     132
     126
     132
     132
     138
     140
     127
     126
     142
     157
     118
     140
     124
     147
     126
     122
     148
     136
     138
     153
     132
     139
     125
     129
     143
     140
     134
     108
     125
     116
     140
     127
     119
     143
     140
     138
     127
     154
     150
     124
     141
     145
     127
     119
     132
     146
     136
     120
     104
     133
     129
     141
     109
     125
     131
     143
     134
     149
     133
     120
     135
     100
     129
     145
     123
     130
     145
     116
     155
     127
     133
     133
     127
     129
     128
     141
     146
     104
     148
     137
     133
     125
     124
     113
     107
     144
     131
     117
     142
     136
     150
     122
     117
     131
     149
     128
      98
     132
     123
     128
     143
     115
     142
     114
     134
     153
     116
     131
     136
     117
     130
     118
     113
     123
     139
     139
     108
     100
     138
     113
     117
     121
     144
     123
     109
     122
     120
     133
     131
     123
     150
     137
     150
     128
     130
     103
     147
     116
     127
     111
     114
     108
     116
     123
     117
     123
     131
     152
     121
     143
     121
     138
     130
     126
     130
     124
     125
     124
     118
     118
     123
     147
     142
     147
     134
     128
     134
     132
     147
     148
     150
     116
     117
     134
     150
     145
     189
     150
     147
     160
     170
     186
     182
     159
     136
     170
     164
     189
     168
     179
     179
     177
     145
     143
     157
     159
     169
     146
     158
     152
     143
     152
     158
     161
     151
     165
     141
     180
     126
     160
     151
     180
     154
     138
     149
     145
     151
     169
     167
     157
     181
     155
     154
     146
     198
     166
     143
     154
     170
     169
     170
     180
     166
     152
     157
     164
     178
     174
     169
     171
     165
     157
     177
     156
     160
     169
     171
     168
     178
     162
     144
     134
     148
     180
     169
     145
     166
     155
     160
     152
     171
     166
     163
     150
     179
     152
     130
     156
     131
     149
     133
     128
     168
     139
     162
     141
     164
     151
     141
     147
     123
     136
     162
     140
     130
     151
     140
     136
     146
     118
     147
     145
     129
     143
     144
     135
     125
     160
     133
     136
     147
     142
     148
     152
     141
     165
     145
     129
     139
     137
     132
     135
     139
     120
     131
     145
     131
     129
     143
     122
     118
     122
     137
     124
     147
     149
     120
     130
     131
     132
     145
     141
     132
     119
     139
     113
     156
     137
     160
     120
     144
     129
     128
     131
     144
     138
     117
     126
     138
     131
     131
     129
     135
     125
     124
     117
     145
     126
     132
     138
     139
     117
     128
     132
     112
     121
     148
     135
     117
     130
     136
     125
     133
     146
     117
     128
     119
     108
     116
     116
     140
     104
     140
     120
     120
     133
     129
     120
     125
     124
     118
     135
     126
     132
     116
     139
     129
     130
     122
     125
     124
     127
     112
     136
     124
     144
     131
     110
     139
     116
     133
     109
     125
     124
     117
     114
     119
     128
     110
     128
     131
     126
     120
     119
     134
     122
     115
     121
     124
     133
     127
     123
     107
     146
     109
     140
     133
     144
     125
     148
     130
     115
     128
     116
     127
     117
     115
     124
     122
     111
     132
     126
     139
     133
     109
     116
     115
     147
     117
     115
     108
     105
     110
     115
     112
     128
     103
     121
     127
     130
     118
     129
     127
      99
     111
     120
     128
     112
     110
     115
     125
     117
     121
     130
     104
      93
     104
     119
     137
      98
     102
     100
      99
     119
      94
     102
      98
     106
     132
     137
     111
     115
     109
     140
     137
     136
     131
     139
     136
     127
     144
     127
     125
     125
     113
     116
     132
     122
     120
      97
     106
     106
     123
     112
     129
     111
     105
     107
     109
     141
     109
     102
      87
     107
     100
      90
     117
     128
     105
     114
     111
     105
      92
     110
     105
     112
     115
     131
      89
     108
     117
     106
     104
     116
     125
      89
     104
     108
     111
     118
     117
     106
     111
     112
     100
     102
     112
      91
     108
     107
     100
     102
     115
     115
     104
      93
     117
     102
     121
     110
     105
      94
     113
     117
     104
     106
     100
     116
     104
     118
     109
     111
      98
     118
     100
      94
     106
      97
     101
     120
     120
     100
     106
      99
     123
      98
     102
      93
     118
     113
     103
     128
      99
      97
     120
     109
     108
      95
     119
     111
     124
      99
     112
     118
      90
      93
     116
     114
     104
     104
     116
     109
      97
      98
      96
      95
      88
      92
      98
     116
     101
     112
     108
     103
      98
     116
     106
     112
     102
     101
      97
     100
      98
      85
     107
     101
      94
     107
     112
      89
     112
     105
     102
     131
     116
     122
      98
      97
     116
     100
      85
      99
     113
     114
     120
     114
     104
     112
      94
     105
     107
     111
     102
      93
     105
      92
      94
      90
      96
      92
     102
     106
      89
      96
      97
     116
     107
     107
     115
     104
     102
     108
     103
     102
      94
     111
     104
     110
     103
     103
     105
      88
     103
     104
     102
     100
     114
      72
     103
     103
      88
     103
     119
     102
     103
     120
     104
     105
      97
      90
      86
     101
     112
     120
      93
      94
      97
     113
      94
     103
     103
      92
     120
     122
     100
     103
      98
     111
     110
     101
     124
      99
     101
      97
      96
     106
      89
     113
     102
     108
      92
      93
     120
     103
     128
     103
      91
      86
     107
      97
     100
      88
     104
      88
     104
      93
     116
      98
      94
      92
     107
     104
      91
      90
     100
     104
      99
      86
     108
      89
      89
      91
     112
     102
      84
     100
      90
     111
      91
      90
      84
      90
     101
     100
      91
     102
      98
     105
     101
      79
     112
      92
      99
      99
      97
     105
      94
      94
      89
      93
      99
      78
     102
     107
      91
      99
     104
     100
     108
     102
      81
      97
      95
      78
      99
      87
      86
      97
      85
      76
      86
      92
      78
      91
      85
      97
      92
      84
     119
     103
      79
     105
     106
      94
     100
     109
      99
      80
      97
      90
     104
      84
      93
      90
      88
      91
      83
      87
      93
      66
     118
      74
      94
      81
      95
      98
     120
      94
     114
      86
     113
     101
     105
      83
      97
     116
     107
      96
      90
      93
      80
     104
     104
      98
      87
      97
      91
      59
      88
      86
     105
     105
     106
      88
     113
      94
      94
     100
      92
      96
      98
      86
      91
     128
     122
     123
     126
     145
     198
     193
     247
     267
     259
     249
     216
     218
     190
     161
     157
     139
      97
     110
      99
      97
     103
      87
      97
     112
      86
      92
      99
      90
      84
      81
      93
      91
      93
      77
      79
     103
      86
     109
     106
      97
      86
      99
      91
     107
      95
     105
      90
      99
      77
      96
     108
      95
      84
      91
      82
     101
      89
      90
      94
      94
      97
     100
      97
     108
      95
      93
     109
      91
      90
      83
      83
      80
      98
     100
     107
     119
      87
     116
      86
      96
      84
      97
      87
      79
      76
      94
      75
     115
      96
      91
      94
     102
      99
      93
      87
     113
      82
      93
     101
      84
      96
      71
      78
      91
      98
     108
     125
      96
     103
      98
      96
      85
      97
     101
      72
      79
      90
      95
     102
      80
      98
      94
     106
      92
      97
      87
      92
      98
      92
     111
      94
      90
      78
     104
      83
     107
      82
      81
      87
     102
     102
     102
      86
      78
     102
      88
      87
      79
     100
      99
      99
      85
      91
      71
      99
      69
      81
     105
      85
      96
      89
      90
      76
      88
      84
     103
      93
      89
     106
      99
      82
      84
      96
      96
      78
      93
      69
     100
      83
      98
      82
      91
      96
      83
      93
     103
      93
      90
     102
     105
      96
      80
     103
      96
     100
     103
      75
      95
      73
      98
     110
      93
      92
      91
      95
     108
     102
      74
      83
      66
      88
      93
      98
      91
      94
      89
      89
      88
      85
      92
      94
     101
      87
     108
      98
      94
      77
      80
      85
     108
      90
      94
     110
      90
      93
     103
      90
      87
      90
      88
      94
      96
      94
      86
      93
      84
      94
      93
      92
     106
      88
      92
      91
      89
      81
     106
      99
      99
      95
      88
      97
      79
      83
      77
      97
      92
      84
      92
      75
      75
      83
     104
      92
     100
      88
      80
      87
      86
      88
      81
      83
      87
      90
      78
     107
     100
      94
      92
      86
      80
     103
     115
     106
      80
     106
      83
      94
      60
      85
      86
      99
     103
      93
      96
      87
     104
      89
      76
      79
      86
      86
      94
      97
      90
      90
     114
      84
      88
      80
      99
      84
     102
      98
      87
      81
     107
     112
     109
      85
      77
      80
      93
      92
      94
      79
      92
     100
     105
      96
      96
     101
      91
      87
      90
      86
      94
     101
      73
      74
      90
      80
      95
      88
      96
      91
      87
      89
      91
      90
      84
      91
      89
      88
      93
      96
      87
      84
      92
      95
      88
      92
      95
      72
     103
      98
      90
     100
      92
      74
      77
      90
      90
      91
     102
     103
      95
      91
      86
      87
     108
     107
      91
      69
     100
     103
      84
     102
      99
      90
      92
      94
     105
      69
      93
     117
      91
      92
      98
     110
      91
      88
      74
     100
      90
      82
      98
      95
      87
      98
      97
      98
      71
      76
      97
     108
      75
      96
      91
     102
     108
      81
      93
      96
      99
      94
      91
      82
     108
      85
      84
      76
     108
      67
      98
     113
      95
      85
     107
     102
      98
      76
      97
     100
     106
      77
      89
      88
      75
      88
      82
      84
      97
      90
      93
      96
      92
      90
      81
      94
      85
      90
     102
     105
      89
      99
      84
      92
     110
      82
      86
      99
      95
     101
     101
     100
      70
      88
      84
      82
      77
      89
     106
     100
     100
      80
     101
      96
      90
      94
     104
      95
      66
     103
      95
      88
      83
      78
      91
      87
      93
      96
      82
      92
      83
     101
     101
      88
      74
     106
      71
      89
      77
     108
      89
     108
      86
      81
      81
      82
      98
      82
      77
      81
      85
      90
      78
      78
      81
      95
      73
      87
      87
      89
      78
      93
      80
     100
      94
      82
      83
     100
      79
      89
     105
      93
      93
     107
     101
     116
      85
      97
      98
      78
      82
      84
      97
     103
      94
      96
      96
      83
      94
      73
     105
     104
      95
      91
      83
     114
      89
      94
      99
     118
     104
     103
      92
      97
      83
      87
      92
      84
      98
     104
      91
      97
      90
      90
     102
      87
      92
     105
      96
     113
      99
     106
      84
      87
      87
     103
      98
      74
      90
      94
      98
     109
      92
      88
     101
      94
      87
      89
      97
      93
      80
      85
      95
      82
      84
     106
      98
      90
      79
      91
      96
      95
      85
      98
      91
      93
      89
      94
      89
     111
      90
     111
      99
      92
      87
      94
      88
      84
      89
      91
      82
      99
      91
      83
      97
     120
     113
     102
     109
      94
      93
      95
      91
      99
      94
      88
     100
      84
     108
      93
      76
      89
      87
      84
      86
      74
      87
      97
      94
      95
      90
      92
      95
      97
      96
      93
     103
     102
      82
      93
     103
      88
      93
      89
      91
      91
     107
      96
      80
      95
     102
     110
      83
      80
     106
      95
      96
     105
     100
     117
     124
     111
     116
     105
      80
     102
      87
      95
     105
     100
     121
      93
     103
      96
      83
      91
      97
     105
      97
      65
      88
      86
     103
     100
      84
      95
     119
      94
      93
      89
     101
      91
      76
     102
     103
      98
      96
      95
     103
     107
     108
     115
      95
      98
     111
     111
      86
      89
      95
     115
      97
     108
      96
     109
     112
     114
      98
     116
     100
      86
      72
     117
      79
     100
      87
      92
     105
      85
      92
      94
      97
     127
      82
     108
     103
     108
     115
     107
     109
      85
      89
      88
      93
     106
      87
      98
      93
      88
      97
     102
     103
     106
     122
     106
      95
      98
      99
     108
     106
     116
      99
     100
     101
     116
     108
     106
     111
     114
      89
      94
     105
     118
     101
      75
     106
      91
      94
     102
     104
      99
     108
     104
     112
      95
     110
     105
     101
     105
     102
      86
      91
      87
     100
     105
     101
     100
      88
      87
     100
      98
      96
     102
     103
      85
      97
     102
      97
     109
      95
     100
      98
     110
     111
      98
      96
     107
     113
     102
     101
      96
     126
     107
     108
     122
     123
     114
     134
     124
     133
     142
     137
     131
     115
     123
     120
      98
      93
      86
     116
     106
     103
     101
     106
     109
      96
     103
     115
      97
     103
     113
     107
     100
      88
      84
      95
     126
     104
     107
     104
     106
      92
     108
     109
     107
      82
      93
      86
     101
      96
     108
      79
     110
     101
     101
      91
     108
     106
     107
     106
     116
      91
     127
     111
      98
     103
     109
     113
     104
     110
      92
     103
      94
     105
     109
     119
     119
     110
      95
      86
      90
     100
      96
      89
     103
     106
      96
     110
     113
     110
      99
     118
     120
     102
     106
     107
      95
     114
     107
     124
      90
     133
      96
     117
     115
      96
     115
     105
     116
     107
     104
     116
      87
     102
      93
     111
     130
      92
     124
      86
      94
     113
      92
      97
      98
     114
     117
     104
     110
     103
     108
      98
      95
     123
      99
     122
     102
     121
     114
     114
     123
      98
     107
     118
     104
     112
      99
     105
     101
     111
     108
     101
     107
     105
     103
     114
     112
     113
     101
     100
     116
     102
     109
     113
     103
      88
     103
     111
     108
     127
     115
     116
     107
     127
     117
      96
     103
     113
     105
     121
     101
     123
     120
     114
     121
     108
     107
     118
     108
     102
     112
     115
      95
     104
     122
     101
      98
     102
     106
     110
     120
     117
     126
     115
     116
     122
     109
     105
     108
      98
     115
     125
     112
     107
     105
     123
     107
     117
     109
     126
     112
     116
      99
     123
     123
     107
     119
     115
     130
     122
     110
     111
     134
      98
     111
     119
     117
     122
     111
     133
     120
      90
     119
     109
     119
     114
     123
     126
     118
     128
     127
     107
     116
     124
     125
     108
     133
     126
     126
     131
     119
     129
     103
     107
     121
     108
     112
     102
     114
     127
     111
     116
     116
     129
     125
     122
     105
     120
     108
     113
     122
     103
     123
     117
     125
     129
     123
     136
     115
     125
     102
     110
     117
     114
     127
     115
     111
     122
     126
     119
     112
     115
     119
     131
     122
     124
     108
     133
     120
     107
     114
     120
     123
     138
     115
     132
     118
     122
     130
     114
     103
     130
     107
     156
     145
     153
     153
     120
     132
     110
     120
     133
     103
     116
     128
     104
     136
     107
     146
     114
     134
     149
     113
     112
     148
     126
     123
     133
     145
     118
     148
     134
     109
     125
     113
     136
     131
     132
     111
     131
     138
     126
     144
     142
     122
     107
     141
     135
     133
     116
     125
     140
     114
     147
     120
     127
     130
     134
     124
     151
     134
     135
     133
     128
     120
     129
     118
     150
     134
     146
     157
     123
     136
     128
     136
     128
     151
     126
     119
     145
     136
     121
     153
     130
     147
     144
     149
     139
     131
     135
     119
     148
     110
     126
     135
     121
     124
     138
     148
     136
     155
     132
     156
     134
     135
     126
     123
     135
     121
     115
     138
     150
     150
     148
     139
     135
     149
     141
     133
     130
     139
     124
     135
     169
     162
     144
     128
     163
     146
     143
     152
     154
     143
     141
     162
     140
     135
     135
     143
     136
     122
     128
     151
     150
     134
     140
     132
     174
     140
     154
     166
     152
     149
     134
     140
     133
     150
     143
     162
     150
     161
     150
     148
     124
     140
     150
     138
     166
     144
     134
     137
     164
     121
     143
     149
     148
     147
     154
     173
     150
     138
     142
     156
     170
     154
     152
     165
     143
     157
     178
     130
     130
     153
     134
     147
     129
     161
     147
     162
     163
     165
     177
     142
     132
     156
     150
     169
     153
     165
     167
     161
     170
     146
     140
     161
     159
     123
     152
     165
     150
     163
     152
     173
     154
     141
     159
     158
     158
     174
     154
     145
     162
     181
     135
     166
     141
     169
     158
     156
     170
     161
     162
     169
     150
     156
     157
     160
     169
     150
     180
     188
     184
     157
     156
     151
     158
     157
     172
     167
     147
     172
     145
     160
     141
     159
     137
     175
     168
     166
     167
     160
     158
     187
     190
     166
     172
     209
     177
     185
     173
     184
     208
     177
     180
     193
     202
     179
     147
     164
     192
     168
     143
     178
     172
     167
     167
     192
     172
     140
     174
     157
     192
     172
     186
     199
     186
     186
     187
     174
     183
     192
     185
     205
     194
     188
     198
     184
     188
     166
     188
     187
     168
     186
     146
     181
     157
     166
     159
     177
     177
     205
     191
     189
     201
     177
     199
     176
     188
     173
     181
     151
     190
     195
     186
     191
     177
     186
     189
     182
     183
     202
     197
     205
     222
     200
     182
     183
     177
     201
     199
     216
     195
     196
     201
     210
     217
     201
     177
     207
     214
     191
     199
     183
     208
     185
     223
     179
     213
     199
     220
     187
     214
     205
     191
     225
     231
     210
     237
     196
     212
     181
     212
     218
     225
     207
     207
     206
     218
     223
     220
     202
     206
     214
     235
     223
     199
     191
     194
     190
     196
     214
     212
     189
     207
     207
     250
     216
     198
     220
     197
     228
     183
     197
     215
     213
     205
     194
     184
     192
     185
     177
     187
     174
     185
     183
     160
     170
     160
     160
     169
     191
     167
     181
     177
     158
     174
     140
     160
     164
     125
     149
     171
     135
     139
     122
     124
     131
     160
     150
     163
     143
     133
     135
     113
     131
     131
     149
     139
     141
     146
     131
     125
     167
     136
     141
     121
     126
     126
     126
     134
     140
     138
     129
     130
     124
     109
     126
     136
     157
     136
     144
     121
     147
     121
     109
     129
     133
     136
     117
     129
     135
     107
     129
     140
     122
     119
     126
     123
     131
     107
     131
     111
     126
     129
     120
     113
     121
     130
     113
     121
     124
     108
     126
     134
     103
     111
     114
     113
     110
     136
     110
     108
     130
     112
     122
     127
     113
     100
     129
     103
     100
     103
     117
      94
     108
      97
     116
     116
     125
     120
     100
     127
      97
     101
     124
      96
     102
     107
     104
      91
     116
     120
      93
     117
     109
      97
     112
     117
      99
      83
     110
     121
      99
     113
      98
      81
     106
     101
      92
      95
      92
     108
      89
     106
     102
      95
     106
      91
     108
     102
      81
      89
      98
      96
      92
     107
      90
     100
      87
     113
      76
     109
      84
      95
      95
      81
     100
      95
      92
     103
     107
      84
      91
      88
      85
     100
      96
     101
      87
      82
      68
      88
      81
      85
      88
      84
      78
      73
      73
      80
      78
      78
      92
      81
      87
      84
      81
      74
      74
      83
      86
      92
      84
      78
      84
      81
      90
      81
      72
      71
      80
      82
      79
      60
      72
      65
      60
      66
      55
      68
      81
      78
      73
      61
      61
      80
      74
      63
      76
      58
      62
      61
      56
      69
      68
      76
      60
      53
      58
      72
      64
      62
      59
      46
      77
      58
      51
      71
      49
      55
      68
      58
      68
      67
      62
      61
      56
      51
      61
      60
      47
      46
      51
      69
      46
      68
      60
      57
      59
      83
      63
      54
      54
      58
      67
      47
      59
      43
      51
      42
      65
      55
      49
      57
      46
      48
      48
      55
      54
      40
      46
      44
      60
      49
      44
      53
      50
      51
      55
      43
      60
      34
      57
      47
      48
      46
      46
      39
      44
      43
      48
      42
      43
      45
      38
      40
      36
      43
      44
      52
      47
      40
      45
      42
      49
      41
      40
      42
      38
      42
      45
      51
      52
      50
      43
      46
      37
      52
      43
      46
      34
      46
      34
      35
      44
      42
      33
      52
      48
      29
      38
      44
      49
      38
      58
      29
      41
      46
      42
      40
      44
      48
      46
      40
      31
      45
      42
      35
      41
      51
      50
      46
      34
      34
      31
      42
      34
      44
      46
      44
      38
      43
      32
      60
      34
      41
      42
      44
      36
      40
      37
      33
      32
      40
      52
      39
      46
      46
      43
      47
      50
      37
      41
      42
      51
      30
      33
      31
      45
      41
      43
      39
      35
      35
      37
      33
      33
      42
      36
      43
      47
      44
      44
      30
      41
      44
      41
      36
      46
      37
      41
      48
      50
      34
      49
      52
      35
      45
      39
      38
      27
      46
      43
      35
      38
      45
      50
      43
      39
      38
      46
      60
      39
      31
      35
      35
      28
      36
      40
      33
      45
      41
      35
      39
      34
      52
      38
      30
      32
      34
      34
      46
      41
      43
      38
      45
      32
      40
      42
      46
      39
      36
      46
      39
      37
      38
      57
      44
      44
      39
      31
      49
      34
      47
      30
      41
      42
      31
      50
      46
      48
      34
      50
      33
      48
      36
      49
      36
      46
      45
      52
      44
      49
      57
      67
      96
     124
     190
     185
     230
     308
     373
     460
     612
     737
     864
    1066
    1284
    1558
    1828
    2149
    2621
    2926
    3301
    3603
    3685
    3883
    4089
    4045
    4053
    3901
    3400
    2899
    2486
    1932
    1486
    1170
     913
     665
     468
     407
     276
     181
     126
      87
      67
      55
      55
      39
      40
      40
      35
      30
      40
      35
      40
      35
      30
      40
      36
      45
      34
      28
      24
      39
      39
      34
      26
      32
      32
      48
      39
      52
      29
      38
      42
      30
      43
      36
      30
      40
      43
      30
      36
      36
      38
      40
      22
      30
      36
      33
      26
      27
      34
      45
      33
      31
      31
      37
      27
      42
      39
      45
      37
      38
      37
      29
      37
      39
      47
      37
      46
      36
      42
      31
      47
      45
      24
      37
      40
      32
      27
      32
      29
      31
      30
      34
      35
      42
      39
      26
      35
      31
      26
      30
      36
      42
      33
      30
      37
      28
      35
      38
      32
      37
      33
      32
      38
      39
      33
      31
      31
      32
      37
      29
      40
      29
      32
      25
      40
      34
      38
      35
      34
      43
      30
      26
      32
      27
      33
      30
      25
      35
      44
      34
      30
      25
      34
      30
      27
      34
      25
      35
      34
      38
      44
      36
      26
      30
      45
      33
      37
      31
      36
      34
      42
      38
      28
      38
      27
      28
      34
      39
      30
      32
      30
      30
      35
      24
      37
      37
      27
      23
      26
      34
      28
      33
      25
      28
      30
      33
      35
      43
      32
      25
      29
      23
      31
      33
      24
      31
      24
      44
      29
      37
      37
      34
      46
      42
      25
      45
      37
      27
      48
      31
      32
      29
      31
      30
      38
      35
      29
      25
      35
      25
      35
      31
      35
      34
      28
      18
      29
      19
      27
      37
      25
      38
      40
      27
      36
      37
      19
      26
      27
      30
      35
      30
      28
      31
      23
      23
      30
      26
      25
      39
      22
      37
      28
      22
      35
      36
      35
      34
      27
      30
      30
      26
      32
      38
      40
      37
      29
      29
      38
      25
      26
      38
      37
      32
      38
      26
      32
      29
      20
      32
      27
      35
      27
      35
      26
      28
      32
      36
      38
      28
      32
      31
      22
      27
      26
      32
      40
      33
      30
      34
      32
      34
      35
      28
      42
      30
      29
      28
      42
      33
      33
      20
      36
      24
      42
      33
      38
      30
      30
      29
      31
      25
      33
      28
      26
      36
      31
      29
      34
      33
      31
      31
      40
      36
      25
      34
      36
      26
      27
      29
      39
      30
      20
      22
      30
      21
      27
      34
      35
      24
      31
      28
      34
      30
      23
      31
      32
      30
      25
      26
      32
      29
      33
      27
      33
      31
      29
      23
      33
      23
      31
      41
      34
      28
      35
      27
      37
      30
      29
      28
      36
      33
      28
      30
      36
      29
      26
      39
      26
      35
      28
      30
      38
      36
      31
      41
      32
      28
      23
      38
      28
      29
      29
      36
      33
      27
      28
      35
      34
      36
      37
      33
      26
      38
      29
      25
      28
      37
      26
      34
      28
      40
      36
      33
      37
      45
      27
      39
      32
      36
      47
      26
      38
      26
      40
      29
      28
      29
      26
      22
      31
      21
      34
      37
      25
      24
      42
      40
      25
      37
      27
      35
      31
      34
      32
      30
      32
      35
      34
      28
      32
      33
      26
      30
      43
      30
      37
      31
      43
      26
      26
      28
      27
      26
      34
      24
      39
      26
      28
      29
      29
      25
      29
      32
      28
      37
      25
      31
      29
      25
      26
      25
      30
      18
      19
      22
      33
      29
      33
      30
      31
      34
      31
      40
      31
      35
      28
      26
      28
      32
      33
      32
      28
      33
      26
      28
      34
      28
      43
      22
      34
      29
      37
      28
      31
      22
      33
      31
      37
      47
      31
      30
      35
      24
      30
      30
      31
      24
      20
      42
      44
      26
      26
      34
      36
      32
      31
      23
      33
      24
      35
      30
      34
      25
      25
      31
      28
      36
      37
      21
      28
      30
      31
      37
      19
      45
      23
      28
      32
      25
      29
      35
      31
      30
      25
      41
      29
      30
      38
      32
      31
      37
      30
      29
      26
      47
      40
      23
      26
      25
      35
      24
      32
      36
      38
      38
      24
      24
      44
      30
      43
      34
      41
      43
      29
      31
      38
      35
      44
      29
      33
      42
      38
      32
      32
      28
      33
      29
      41
      28
      25
      27
      37
      32
      33
      32
      38
      31
      23
      25
      31
      28
      29
      29
      46
      38
      28
      30
      25
      30
      30
      37
      32
      29
      36
      28
      33
      37
      28
      45
      42
      33
      28
      33
      41
      28
      29
      31
      34
      31
      29
      25
      30
      28
      27
      26
      31
      23
      24
      35
      28
      33
      23
      32
      39
      29
      34
      38
      27
      27
      18
      26
      39
      39
      24
      23
      22
      20
      44
      28
      41
      22
      31
      31
      33
      30
      38
      33
      38
      33
      33
      34
      24
      33
      27
      36
      40
      35
      31
      36
      43
      25
      30
      26
      30
      33
      27
      33
      31
      34
      27
      21
      35
      26
      22
      37
      29
      30
      27
      32
      34
      43
      31
      31
      35
      26
      38
      27
      38
      26
      33
      43
      31
      35
      33
      39
      27
      38
      31
      37
      43
      31
      40
      28
      33
      30
      23
      33
      39
      28
      33
      24
      24
      28
      31
      25
      44
      29
      37
      38
      34
      30
      37
      32
      34
      31
      36
      36
      20
      36
      34
      29
      34
      39
      29
      27
      30
      29
      30
      27
      32
      25
      39
      25
      24
      36
      31
      35
      23
      24
      28
      29
      26
      34
      37
      36
      31
      43
      29
      28
      26
      22
      30
      33
      32
      45
      28
      29
      36
      37
      26
      31
      44
      28
      39
      34
      26
      37
      35
      33
      29
      32
      42
      29
      29
      24
      34
      29
      33
      34
      33
      33
      46
      39
      30
      34
      33
      35
      41
      27
      32
      27
      34
      26
      33
      31
      29
      31
      26
      31
      43
      31
      25
      28
      40
      39
      25
      31
      37
      20
      40
      28
      33
      34
      43
      37
      30
      29
      30
      26
      34
      42
      43
      44
      40
      54
      56
      72
      71
      90
      82
      95
      97
     108
     137
     118
     132
     145
     145
     164
     170
     182
     198
     147
     160
     153
     148
     165
     140
     162
     156
     164
     150
     129
     130
     111
     110
      94
     108
      89
      92
      93
      77
      63
      73
      63
      48
      53
      52
      49
      29
      43
      41
      44
      47
      27
      44
      52
      37
      44
      39
      35
      35
      35
      41
      39
      37
      39
      46
      40
      49
      46
      43
      36
      37
      51
      40
      38
      42
      40
      37
      39
      41
      38
      54
      46
      38
      50
      42
      48
      46
      39
      43
      40
      30
      44
      33
      32
      22
      35
      33
      41
      35
      44
      33
      45
      38
      43
      50
      33
      41
      41
      42
      43
      34
      31
      43
      40
      39
      42
      36
      41
      47
      49
      49
      38
      52
      49
      36
      31
      40
      52
      42
      41
      43
      35
      37
      43
      46
      43
      36
      33
      41
      45
      45
      46
      40
      41
      50
      36
      45
      44
      36
      39
      51
      42
      41
      40
      50
      37
      32
      39
      39
      44
      35
      43
      56
      44
      50
      27
      28
      40
      37
      41
      35
      48
      45
      43
      49
      37
      35
      45
      42
      34
      43
      30
      42
      40
      49
      28
      41
      36
      39
      47
      39
      33
      37
      41
      44
      55
      43
      40
      54
      52
      39
      40
      41
      56
      39
      35
      37
      56
      47
      33
      37
      33
      47
      49
      50
      45
      35
      53
      39
      30
      45
      41
      43
      42
      40
      42
      33
      41
      39
      53
      35
      38
      41
      33
      40
      41
      47
      47
      44
      44
      52
      49
      36
      36
      42
      27
      51
      41
      39
      46
      50
      53
      54
      43
      54
      50
      36
      42
      40
      43
      42
      59
      36
      34
      48
      39
      44
      50
      33
      32
      35
      45
      40
      34
      52
      41
      46
      42
      35
      38
      46
      47
      44
      33
      43
      42
      44
      40
      37
      34
      38
      33
      29
      39
      35
      41
      39
      47
      45
      40
      52
      46
      36
      43
      43
      44
      44
      42
      39
      33
      40
      32
      31
      43
      45
      49
      35
      41
      37
      37
      37
      51
      37
      37
      42
      44
      52
      47
      41
      45
      34
      39
      45
      43
      44
      51
      38
      38
      51
      38
      42
      40
      38
      46
      40
      48
      40
      40
      38
      48
      42
      37
      37
      39
      54
      56
      39
      39
      37
      43
      43
      40
      41
      56
      35
      38
      47
      31
      40
      48
      42
      38
      48
      44
      34
      43
      36
      50
      48
      44
      39
      40
      35
      49
      48
      41
      54
      47
      52
      37
      50
      45
      29
      32
      45
      39
      37
      41
      47
      61
      35
      42
      32
      46
      48
      38
      43
      39
      55
      51
      45
      41
      42
      40
      44
      44
      50
      43
      44
      45
      42
      43
      39
      51
      34
      38
      32
      40
      39
      39
      53
      46
      51
      42
      42
      50
      45
      43
      41
      49
      51
      47
      32
      44
      36
      36
      46
      43
      45
      43
      42
      46
      56
      53
      45
      45
      53
      41
      44
      41
      53
      47
      40
      45
      50
      52
      48
      45
      40
      47
      51
      52
      48
      51
      47
      37
      56
      49
      61
      42
      48
      43
      52
      43
      46
      40
      59
      39
      48
      45
      57
      38
      48
      50
      48
      45
      57
      55
      45
      35
      42
      44
      41
      44
      47
      50
      44
      44
      52
      40
      40
      53
      42
      41
      46
      54
      59
      41
      36
      52
      35
      48
      38
      52
      42
      48
      44
      44
      43
      40
      44
      44
      37
      50
      43
      42
      42
      46
      43
      42
      46
      47
      44
      43
      56
      58
      52
      43
      52
      54
      45
      54
      40
      47
      45
      49
      39
      42
      48
      47
      51
      51
      54
      53
      45
      46
      51
      48
      40
      51
      43
      54
      55
      48
      57
      52
      42
      69
      52
      39
      44
      58
      50
      35
      51
      52
      40
      38
      49
      50
      53
      48
      40
      56
      58
      58
      43
      49
      44
      48
      54
      43
      59
      52
      54
      40
      50
      49
      53
      36
      50
      53
      44
      48
      47
      50
      58
      43
      53
      53
      51
      45
      47
      48
      52
      32
      54
      43
      50
      36
      47
      43
      49
      50
      46
      44
      39
      38
      37
      51
      52
      51
      51
      48
      54
      41
      54
      45
      56
      37
      51
      33
      45
      53
      46
      40
      56
      44
      54
      38
      48
      54
      46
      46
      50
      48
      42
      53
      42
      59
      45
      55
      48
      37
      51
      60
      51
      53
      41
      47
      54
      56
      60
      63
      42
      46
      45
      62
      59
      63
      61
      52
      41
      39
      48
      49
      54
      46
      42
      48
      43
      49
      43
      54
      42
      55
      55
      55
      50
      36
      61
      57
      42
      46
      55
      53
      55
      60
      38
      46
      55
      48
      37
      34
      44
      42
      54
      44
      49
      46
      52
      52
      46
      61
      50
      42
      41
      43
      54
      66
      53
      39
      49
      39
      40
      54
      42
      45
      45
      44
      50
      48
      44
      58
      41
      54
      49
      52
      50
      46
      56
      46
      61
      49
      52
      56
      51
      52
      54
      54
      50
      48
      49
      52
      57
      66
      50
      55
      54
      43
      43
      48
      39
      54
      45
      55
      43
      57
      48
      53
      46
      46
      52
      61
      57
      45
      38
      41
      49
      49
      65
      56
      56
      54
      45
      42
      45
      47
      53
      64
      59
      47
      61
      59
      50
      54
      73
      51
      70
      59
      46
      44
      47
      50
      38
      52
      54
      57
      56
      49
      50
      53
      41
      54
      49
      57
      45
      40
      53
      48
      57
      52
      57
      46
      58
      56
      55
      48
      62
      46
      50
      64
      50
      53
      42
      47
      46
      55
      61
      42
      32
      47
      42
      43
      46
      58
      55
      58
      40
      60
      62
      46
      50
      56
      67
      46
      62
      52
      52
      59
      69
      44
      43
      54
      53
      44
      48
      58
      42
      49
      51
      55
      42
      52
      32
      39
      44
      41
      45
      45
      45
      43
      45
      55
      40
      59
      45
      53
      49
      51
      52
      44
      49
      63
      55
      46
      37
      48
      56
      50
      51
      45
      64
      47
      40
      52
      48
      43
      49
      46
      43
      50
      50
      44
      50
      40
      42
      39
      49
      60
      42
      48
      53
      39
      52
      55
      44
      65
      59
      51
      48
      53
      50
      52
      64
      60
      48
      45
      37
      37
      47
      38
      60
      44
      37
      44
      64
      53
      40
      54
      47
      38
      43
      54
      38
      48
      49
      48
      51
      39
      43
      63
      53
      55
      46
      50
      43
      34
      58
      47
      36
      48
      48
      47
      39
      51
      66
      60
      35
      53
      50
      42
      56
      56
      50
      44
      42
      58
      64
      48
      44
      54
      65
      43
      53
      43
      54
      48
      47
      66
      59
      37
      40
      53
      51
      51
      45
      62
      65
      52
      51
      45
      44
      44
      39
      52
      37
      64
      52
      49
      55
      41
      44
      48
      46
      54
      35
      51
      51
      42
      45
      51
      53
      37
      49
      39
      50
      42
      52
      43
      40
      42
      38
      36
      48
      40
      44
      52
      44
      45
      39
      46
      58
      48
      52
      53
      54
      56
      55
      58
      54
      67
      49
      33
      40
      43
      48
      34
      55
      45
      55
      42
      63
      36
      47
      56
      57
      49
      50
      41
      53
      56
      55
      38
      38
      41
      50
      46
      64
      62
      52
      62
      53
      40
      53
      48
      41
      46
      49
      47
      43
      47
      37
      51
      46
      54
      43
      42
      40
      53
      46
      40
      70
      49
      54
      41
      44
      49
      37
      51
      47
      52
      41
      49
      46
      48
      50
      55
      47
      38
      55
      47
      36
      51
      54
      46
      50
      52
      49
      44
      58
      53
      51
      41
      63
      42
      43
      50
      45
      55
      46
      48
      46
      47
      43
      43
      45
      62
      40
      48
      49
      69
      41
      53
      66
      51
      44
      52
      42
      36
      44
      36
      50
      45
      40
      48
      56
      47
      51
      54
      42
      49
      63
      55
      48
      56
      58
      52
      58
      45
      41
      57
      53
      54
      62
      52
      47
      45
      41
      69
      48
      42
      41
      47
      67
      53
      43
      48
      43
      48
      53
      58
      47
      57
      60
      57
      51
      52
      42
      54
      46
      52
      61
      48
      52
      50
      60
      64
      42
      60
      39
      58
      41
      52
      51
      68
      50
      46
      39
      51
      49
      57
      41
      54
      46
      45
      58
      55
      49
      44
      61
      51
      60
      44
      65
      50
      49
      61
      64
      72
      65
      72
      63
      81
      75
      75
      87
     101
      84
     114
      93
     114
      98
     115
     136
     138
     137
     179
     149
     193
     191
     197
     207
     216
     252
     246
     223
     245
     220
     259
     242
     244
     262
     247
     252
     236
     236
     247
     212
     209
     153
     155
     146
     136
     119
     136
      99
     126
      94
      87
      73
      62
      79
      62
      59
      68
      58
      70
      54
      73
      68
      50
      51
      57
      68
      63
      64
      57
      56
      59
      70
      67
      59
      55
      78
      61
      64
      58
      54
      51
      54
      49
      59
      55
      56
      63
      51
      59
      55
      65
      51
      48
      45
      49
      56
      46
      79
      64
      69
      61
      60
      59
      56
      65
      61
      58
      53
      58
      52
      61
      65
      56
      54
      50
      57
      61
      61
      52
      66
      54
      58
      46
      57
      50
      64
      54
      53
      60
      70
      51
      51
      67
      63
      63
      58
      63
      57
      71
      59
      52
      52
      72
      57
      59
      51
      54
      54
      53
      59
      71
      51
      52
      74
      47
      55
      57
      51
      55
      60
      58
      70
      76
      49
      77
      50
      64
      51
      44
      44
      70
      73
      71
      57
      49
      51
      54
      54
      53
      66
      68
      64
      59
      52
      56
      61
      51
      56
      59
      63
      67
      56
      77
      62
      67
      66
      62
      63
      61
      53
      63
      48
      66
      58
      60
      60
      65
      60
      77
      64
      55
      59
      65
      77
      57
      45
      65
      56
      67
      47
      69
      70
      60
      56
      62
      49
      56
      64
      58
      59
      67
      61
      77
      60
      72
      78
      59
      60
      58
      69
      46
      64
      56
      46
      61
      58
      50
      56
      62
      60
      68
      80
      59
      74
      73
      73
      54
      57
      60
      63
      71
      63
      65
      66
      64
      78
      70
      62
      58
      63
      62
      57
      61
      65
      55
      64
      56
      75
      75
      61
      72
      65
      61
      70
      61
      57
      55
      64
      62
      62
      61
      53
      64
      69
      64
      72
      69
      67
      47
      68
      67
      69
      73
      62
      57
      62
      79
      62
      65
      71
      65
      56
      66
      54
      82
      71
      62
      64
      51
      68
      62
      76
      55
      61
      65
      57
      70
      82
      67
      58
      67
      71
      64
      61
      62
      61
      70
      71
      81
      75
      75
      64
      73
      61
      82
      51
      62
      76
      71
      68
      64
      83
      72
      76
      81
      77
      77
      80
      76
      58
      68
      62
      76
      60
      75
      85
      54
      81
      76
      62
      48
      72
      72
      57
      71
      69
      84
      69
      88
      63
      68
      75
      51
      71
      79
      66
      67
      67
      69
      68
      68
      61
      68
      78
      69
      62
      76
      62
      67
      75
      81
      66
      59
      82
      76
      60
      58
      58
      70
      74
      82
      65
      86
      86
      67
      78
      67
      70
      71
      81
      74
      74
      83
      82
      80
      65
      75
      74
      81
      62
      82
      74
      64
      59
      67
      85
      67
      77
      77
      72
      66
      74
      56
      83
      69
      81
      91
      79
      62
      80
      70
      94
      72
      77
      73
      75
      73
      91
      77
      75
      88
      72
      89
      78
      79
      79
      81
      91
      94
      78
      68
      76
      60
      83
      76
      81
      63
      72
      86
      81
      80
      76
      78
      67
      81
      89
      89
      80
      85
      83
      77
      76
      86
      82
      83
      80
      86
      80
      80
      76
      88
      85
      71
      71
      66
      64
      86
      84
      77
      72
      77
      87
      80
      76
      80
      95
      65
      67
      64
     100
      75
      67
     101
      87
     101
      79
      81
      84
      71
      88
      70
      73
      72
      83
      84
      90
      83
      80
      91
      76
      79
      83
      72
      98
      83
      97
      92
      75
      87
      88
      93
      77
      90
      96
      93
      71
     104
      90
      70
      95
      78
      74
      79
      76
     119
      84
      96
     100
      99
      77
      87
      95
      83
      67
      89
     104
      77
      82
      77
     105
      87
      89
      97
     100
      75
      77
      93
      68
      79
      83
      88
      75
      82
      89
      86
      89
      77
      90
      89
     107
      88
      89
      70
      89
     102
      88
      90
      97
      90
      74
      79
      71
     105
      97
      85
      96
      77
      93
      94
     102
      86
     104
      93
      92
      77
      85
      88
      86
     100
     106
      91
      91
      86
     111
      87
      93
      95
      75
      89
      93
      92
      89
     105
      94
     111
     104
      88
      98
      92
      98
     103
      85
      88
      85
     112
      92
      98
      88
     108
     101
      92
      71
     102
      93
     106
      96
      88
     108
     112
      93
      97
      86
     103
     102
     101
      77
      95
      98
     118
      94
      92
      93
     107
     102
      83
      88
      86
     117
      93
     100
     103
     101
     102
     120
     119
     105
     104
     100
      93
      89
     118
     109
      74
     105
     120
     111
      86
      96
      99
     110
      88
      80
     100
      92
     100
      93
      99
     102
     105
      84
      83
     117
      94
     104
      83
      80
     122
      87
      76
      96
      75
      79
      94
      88
     105
      98
      84
      70
      70
      81
      76
      75
      70
      77
      78
      74
      71
      70
      80
      77
      72
      72
      90
      63
      77
      80
      77
      76
      66
      67
      84
      80
      69
      55
      68
      66
      74
      72
      74
      65
      68
      72
      53
      67
      57
      74
      61
      68
      67
      62
      67
      65
      59
      56
      66
      59
      67
      60
      87
      60
      63
      61
      62
      68
      73
      68
      59
      62
      74
      55
      70
      76
      58
      69
      70
      61
      60
      63
      56
      64
      84
      51
      53
      70
      71
      69
      64
      76
      61
      47
      59
      50
      64
      68
      52
      68
      57
      70
      62
      64
      61
      65
      57
      55
      46
      62
      61
      49
      64
      66
      68
      60
      56
      55
      51
      64
      64
      65
      60
      54
      52
      61
      52
      58
      73
      48
      51
      56
      68
      66
      52
      39
      54
      57
      58
      48
      58
      57
      52
      67
      56
      48
      45
      63
      61
      55
      45
      57
      50
      48
      45
      57
      48
      49
      52
      56
      53
      52
      52
      53
      50
      41
      42
      47
      49
      54
      36
      54
      49
      59
      50
      40
      48
      45
      58
      61
      50
      53
      45
      47
      54
      48
      51
      53
      44
      44
      51
      47
      56
      46
      52
      43
      41
      39
      46
      36
      54
      55
      55
      48
      54
      45
      46
      45
      42
      49
      34
      48
      48
      39
      48
      40
      52
      46
      46
      39
      40
      43
      40
      32
      39
      41
      36
      32
      46
      37
      35
      30
      47
      41
      50
      33
      33
      46
      40
      50
      35
      42
      47
      39
      29
      32
      35
      48
      36
      34
      33
      20
      33
      41
      29
      41
      36
      28
      36
      27
      33
      31
      36
      32
      36
      42
      31
      42
      36
      33
      30
      19
      42
      22
      22
      25
      23
      19
      31
      27
      30
      19
      27
      26
      23
      31
      28
      35
      35
      36
      23
      29
      16
      30
      28
      16
      21
      23
      17
      13
      23
      27
      28
      23
      18
      23
      29
      24
      22
      22
      22
      15
      31
      28
      29
      24
      21
      27
      18
      26
      27
      20
      27
      27
      24
      11
      17
      21
      24
      24
      25
      12
      21
      19
      20
      18
      24
      21
      12
      20
      13
      18
      23
      21
      17
      20
      21
      16
      15
      17
      21
      20
       9
      19
      19
      13
      18
      15
      15
       8
      15
      14
      15
      11
      15
      17
      19
      15
      11
      12
      15
      17
      18
      17
      14
      16
       8
      13
      13
      12
      20
      18
      11
      15
      15
      18
      14
      10
      12
      14
      16
      10
       9
      15
      13
      12
      18
      10
      14
       7
      15
      14
      14
       9
      15
      12
      10
      12
      18
      10
      11
      12
      12
      19
      14
      14
       4
      10
       9
      13
      15
      21
      14
       9
      16
      11
      10
      13
      15
       7
      11
       9
      14
      12
      12
      17
      10
       9
      12
      13
      17
       8
      17
      16
      14
      12
      10
      11
       9
      16
       6
      15
       9
       7
      16
       9
      25
      16
      14
       8
       8
      11
      10
      11
      12
      17
       7
      12
      10
       9
      19
      12
      14
      15
      12
      10
      15
      10
      11
       7
      16
      16
      11
       9
       6
      10
      14
      17
      10
      13
       7
      11
      14
       9
      12
      14
      15
      15
      10
      16
      20
      14
      16
      15
      10
       8
      16
       8
      10
      12
      14
      14
      17
      17
      18
      12
      18
      13
      11
      11
      12
      14
      12
       5
      18
      14
       4
       8
      18
      18
      19
      17
       9
      11
      15
      10
       4
       9
      12
       9
      19
      12
      13
      16
      12
      16
      14
      23
      14
      16
      11
      30
      25
      33
      48
      39
      51
      57
      71
      82
     110
      97
     108
     108
     121
     139
     138
     163
     195
     193
     220
     261
     246
     266
     339
     389
     448
     428
     473
     568
     597
     655
     737
     779
     875
     855
     936
     965
     883
     967
     968
    1002
    1120
    1158
    1157
    1162
    1269
    1222
    1331
    1229
    1177
    1062
     951
     873
     704
     596
     460
     450
     337
     296
     302
     256
     201
     181
     159
     117
     140
     123
      93
      72
      69
      38
      39
      16
      14
      17
       9
      10
       8
      14
      13
      10
       9
       7
       7
      10
      11
      12
       8
      15
      10
      12
      12
      13
      11
      13
      10
       8
      13
      13
      17
      14
      11
       9
      13
      11
       6
       7
      18
      16
       9
      11
      14
      10
      12
      11
       7
       3
      11
       9
       8
      12
       8
       7
      14
       6
       5
       8
       9
       8
      14
       7
       5
       8
      11
       7
      11
      10
      11
      10
      13
      17
       6
       5
       7
      10
       9
      11
       9
       6
       8
      15
       5
       9
      13
       9
      11
       9
       7
      10
      12
       7
      12
       7
      15
       9
       6
      12
       7
       7
      17
       8
       6
       9
       6
       8
       8
      11
       7
      13
       4
      10
      12
       4
      11
      10
       5
      11
       8
       9
       9
       8
       5
       7
      10
      10
       7
      10
       8
      13
      13
       8
       7
      14
       9
       9
      12
       7
      10
       7
      15
       7
      14
       6
      11
      13
       7
       9
      10
       7
       8
       6
      12
      11
       8
      11
       7
      15
       9
      10
       9
       2
      10
       7
      13
       9
       7
       8
       8
      15
       9
       8
      12
      15
      12
      12
      16
      13
      10
       6
       8
      12
       9
       6
       7
      11
       4
      10
       7
       6
       7
      10
       8
       8
      13
       7
      13
       5
       8
       9
       8
       9
       4
       7
       6
       9
       9
       6
       9
       9
       9
       7
       6
       8
       5
      11
       6
       6
       8
      10
       9
       9
       4
       6
       5
       8
       7
       4
       6
      12
      10
      13
      14
      12
       5
       7
       7
       5
       7
       3
       5
       6
       3
       8
       9
      10
      10
      10
       9
      10
      11
       6
       9
       9
      11
      10
      12
      10
       9
       7
       9
       7
      11
      12
       8
      12
       7
      12
       8
       9
       6
      12
      14
       8
      12
       5
       3
       3
       5
      10
      10
      13
       9
      11
       7
       8
      12
       7
      11
      13
       8
       6
       3
       6
       7
       7
       5
      13
       9
       7
      13
       8
       7
       7
       6
      12
      11
       6
       8
       6
      13
       8
       4
      11
       6
       9
       9
       5
      10
      10
       9
      11
       6
       7
       7
      11
       7
       3
       5
       8
      11
       8
       4
       6
       7
       7
      12
       4
       8
      10
       5
       5
       6
      12
       8
       5
      11
       5
       4
       6
       9
       4
       7
      12
       6
       8
      10
       3
       6
       5
       7
      11
      10
      10
       6
       6
       7
       9
       6
       9
       5
       7
       8
      11
       5
       6
       6
       9
       7
      10
       8
       7
       8
       9
       2
       9
       6
      12
       7
       7
      10
       2
       6
       4
      11
       9
       9
       6
       6
       3
       6
       3
       9
       2
       6
       7
       8
       5
       8
       7
       9
       6
       7
      11
       6
       7
      12
       4
       7
       6
       4
       5
       8
      11
       8
       6
       4
       2
       2
       8
       6
       8
       4
       2
       8
      10
       5
       5
       9
       5
       8
       7
       8
       3
       5
       7
       5
       9
      10
       3
      16
       7
       9
       3
       5
       7
       7
       7
       9
       9
       6
       8
       8
       9
      10
       4
       7
       2
      11
       7
       9
       2
       8
      10
       5
      10
       8
       9
       8
       5
       7
       9
       6
       6
       5
       8
       8
       8
       7
       4
      11
       8
      14
       7
       6
       8
       7
       8
       9
       3
       6
       6
       4
      12
       6
       6
       5
       3
       8
      16
       6
       4
       9
       7
       3
       5
       2
       4
       4
      10
       2
       4
       5
       3
       4
       5
       5
       5
       5
       6
       5
       8
       4
      10
       9
      12
       5
      10
       8
       7
       7
       8
       9
       7
       6
       8
       7
      10
       6
      15
       9
       8
      10
       5
       8
       4
       4
      12
       4
       6
       5
       9
      13
      11
       7
      10
       9
       7
       6
      11
       8
       8
      15
       6
       8
       9
       5
       8
       7
       8
       8
       9
       5
       9
       7
       5
      12
       8
       4
       7
       9
       9
       5
       4
      14
       8
      10
       8
       5
       7
       8
       5
       9
       8
      11
      10
       7
       8
      10
      10
      11
       8
      11
       5
       8
       7
       6
       9
       7
       7
       6
       8
       4
       4
      11
      10
       5
       4
      10
       5
       4
      12
       8
       3
       6
       7
       8
       9
       6
       6
       9
       4
       5
       9
       6
       6
      10
       6
       1
       8
       4
      13
       7
       6
       8
       6
       5
       3
       7
       3
       8
       7
      12
       4
       5
       3
       5
       7
       7
       3
       4
       5
       7
       7
      10
      10
       5
       7
       7
       7
       9
       7
       3
       7
       4
       8
       4
       6
       6
       5
       6
       8
      17
      10
       5
       1
       7
       5
       5
       6
      13
       8
       8
       8
       6
       1
       5
       3
       4
       7
       6
       2
      12
       5
       5
       8
       5
       8
       7
       5
       5
      10
       3
       7
       6
       4
      11
       6
       6
       5
       8
       5
       5
       1
       8
       9
       4
       5
       8
       8
       5
       8
       4
      12
       7
       7
       3
      11
       9
       5
       8
      13
       3
       8
       6
       7
       8
      13
      12
       5
       7
       6
       5
       4
       6
       3
      11
       8
       6
       6
       8
       9
       7
       5
       6
       1
       2
       6
      15
       8
       7
       4
      11
      11
       4
       9
       7
       7
       7
       4
       4
       5
       6
       6
       7
       6
       5
       8
      10
       6
       8
       4
       7
       5
       5
       1
       5
      12
       8
       6
       5
      10
       7
       5
       2
       8
       5
       9
      10
       5
       7
      10
       7
       8
       4
       9
       6
      10
       8
       9
       6
       5
      11
      14
      10
       9
       6
       8
      10
       5
      10
       4
       6
       9
      15
      14
       7
       7
      16
      12
      12
      11
       9
       7
      13
       5
       6
       8
       7
       6
      12
      14
       9
      11
       5
       7
       6
       8
       5
       6
       8
       9
       7
       7
       7
       8
       4
       4
       9
       8
       8
       7
       7
       8
       9
      10
       5
       9
       7
      10
       6
      10
      10
       3
      14
       9
       5
       2
       5
       9
       9
       7
       8
       3
       6
       4
       7
       6
       8
       8
       6
       3
       6
       6
       6
      11
       5
      17
       4
       4
       1
       6
       7
       3
       4
       9
       3
       8
       4
       6
       6
       4
       1
       4
       6
       8
       5
       6
       6
       6
       9
       3
       5
       8
       8
       2
       9
       7
       7
       7
       8
       6
       5
       9
       2
       2
       5
       5
       3
       6
      12
       9
       3
       7
       4
       6
       6
       7
       5
       9
       7
       8
       9
       4
       6
       9
       4
      10
       5
       5
       4
       6
       7
       2
       7
       7
       4
       4
       5
       8
      10
       8
       5
       8
       3
       8
      11
       3
       8
       7
       7
       3
      10
       4
       8
       8
       7
       5
       6
       0
       8
       4
       7
       7
       9
       5
       8
       6
       3
      12
       6
       5
       6
       8
       4
       8
       7
       5
       5
       4
       7
       4
       7
       7
      11
       6
       8
       6
       6
       1
       2
       2
       0
       0
       1
       0
       4
       0
       1
       0
       2
       0
       1
       1
       2
       1
       0
       1
       1
       0
       0
       2
       0
       1
       0
       1
       1
       1
       0
       1
       0
       0
       1
       0
       0
       1
       1
       0
       0
       1
       0
       1
       0
       2
       0
       0
       0
       0
       0
       0
       0
       0
       0
       0
       0
       0
       0
       2
       0
       0
       0
       0
       0
       0
       0
       0
       0
       0
       0
       0
       0
       0
       0
       0
       0
       0
       0
       0
       0
       0
       0
       0
       0
       0
       0
       0
       0
       0
       0
       0
       0
       0
       0
       0
       0
       0
       0
       0
       0
       0
       0
       0
       0
       0
       0
       0
       0
       0
       0
       0
       0
       0
       0
       0
       0
       0
       0
       0
       0
       0
       0
       0
       0
       0
       0
       0
       0
       0
       0
       0
       0
       0
       0
       0
       0
       0
       0
       0
       0
       0
       0
       0
       0
       0
       0
       0
       0
       0
       0
       0
       0
       0
       0
       0
       0
       0
       0
       0
       0
       0
       0
       0
       0
       0
       0
       0
       0
       0
       0
       0
       0
       0
       0
       0
       0
       0
       0
       0
       0
       0
       0
       0
       0
       0
       0
       0
$ROI:
0
$PRESETS:
None
0
0
$ENER_FIT:
-0.479377 0.397317
$MCA_CAL:
3
-4.793768E-001 3.973171E-001 -2.936620E-009 keV
$SHAPE_CAL:
3
2.913355E+000 2.829383E-003 4.133060E-008
