$SPEC_ID:
Pulser
$SPEC_REM:
DET# 2
DETDESC# DETECTOR 2
AP# GammaVision Version 7.01.03
$DATE_MEA:
04/26/2017 01:31:54
$MEAS_TIM:
46 53
$DATA:
0 8191
       0
       0
       0
       0
       0
       0
       0
       0
       0
       0
       0
       0
       0
       0
       0
       0
       0
       0
       0
       0
       0
       0
       0
      29
     930
     914
     552
     466
     499
     450
     454
     474
     469
     471
     495
     510
     533
     514
     524
     482
     489
     492
     541
     530
     559
     557
     538
     575
     552
     537
     566
     557
     596
     536
     550
     551
     588
     566
     597
     576
     580
     633
     590
     582
     588
     547
     597
     578
     555
     621
     565
     575
     570
     537
     596
     578
     561
     639
     601
     562
     604
     569
     527
     559
     566
     564
     598
     538
     589
     562
     542
     558
     523
     535
     554
     548
     551
     553
     552
     537
     547
     554
     521
     535
     521
     552
     541
     579
     559
     556
     564
     540
     567
     533
     566
     559
     499
     504
     571
     581
     531
     562
     544
     582
     570
     549
     567
     532
     559
     540
     585
     549
     570
     599
     539
     531
     521
     558
     569
     564
     572
     599
     561
     579
     603
     594
     585
     628
     606
     665
     653
     626
     606
     623
     617
     625
     632
     631
     601
     617
     636
     623
     601
     647
     643
     659
     660
     644
     644
     678
     666
     672
     649
     666
     696
     659
     643
     710
     732
     738
     883
    1181
    1485
    1772
    1732
    1594
    1594
    2007
    2476
    2508
    2173
    1594
    1206
     894
     704
     646
     601
     601
     556
     613
     565
     603
     582
     596
     563
     583
     616
     626
     629
     604
     711
     833
    1146
    1310
    1358
    1142
     975
     890
     889
     843
     813
     803
     696
     614
     614
     588
     529
     556
     525
     579
     546
     552
     555
     524
     557
     515
     583
     568
     567
     513
     565
     552
     548
     570
     520
     554
     614
     588
     587
     575
     601
     599
     526
     546
     591
     558
     600
     573
     574
     581
     548
     588
     549
     593
     576
     587
     586
     612
     586
     562
     642
     598
     622
     567
     565
     534
     621
     586
     562
     606
     558
     587
     631
     590
     587
     592
     572
     606
     626
     607
     592
     593
     624
     596
     606
     617
     586
     629
     602
     599
     627
     596
     649
     639
     626
     637
     614
     580
     664
     553
     596
     648
     578
     582
     632
     603
     632
     608
     564
     649
     638
     617
     588
     615
     627
     586
     635
     564
     610
     632
     647
     592
     586
     610
     626
     637
     645
     621
     636
     634
     605
     628
     588
     642
     615
     604
     586
     598
     607
     601
     624
     611
     586
     622
     625
     675
     610
     615
     599
     637
     549
     620
     631
     624
     589
     597
     589
     595
     583
     630
     621
     619
     604
     618
     600
     637
     635
     591
     637
     582
     592
     641
     589
     594
     564
     579
     585
     568
     593
     607
     553
     661
     591
     575
     615
     585
     617
     586
     538
     570
     564
     604
     588
     562
     577
     597
     560
     623
     580
     567
     587
     564
     600
     570
     544
     546
     588
     600
     617
     568
     558
     573
     591
     535
     589
     522
     632
     670
     759
     846
     898
     847
     726
     715
     651
     623
     590
     545
     578
     593
     574
     575
     551
     542
     571
     557
     587
     550
     551
     509
     560
     553
     545
     566
     533
     519
     575
     556
     547
     566
     558
     577
     556
     556
     556
     511
     544
     559
     573
     564
     583
     534
     525
     566
     570
     534
     593
     532
     573
     563
     544
     543
     544
     531
     502
     563
     532
     553
     556
     566
     567
     553
     559
     578
     508
     591
     586
     558
     553
     528
     572
     573
     593
     546
     584
     567
     538
     565
     539
     578
     568
     589
     588
     610
     574
     597
     573
     594
     547
     567
     554
     584
     569
     619
     572
     649
     548
     539
     600
     577
     558
     543
     589
     631
     579
     590
     585
     610
     591
     597
     606
     602
     627
     566
     602
     570
     597
     581
     637
     658
     593
     607
     613
     668
     651
     608
     560
     578
     594
     608
     664
     626
     633
     625
     644
     605
     620
     631
     636
     636
     607
     616
     677
     623
     682
     634
     660
     616
     667
     653
     655
     640
     670
     620
     622
     618
     605
     592
     688
     600
     624
     684
     643
     620
     617
     660
     662
     614
     627
     639
     678
     634
     631
     600
     657
     629
     680
     647
     601
     656
     626
     647
     660
     640
     580
     619
     640
     626
     641
     558
     623
     602
     618
     622
     593
     584
     598
     606
     594
     598
     641
     597
     581
     639
     579
     584
     565
     564
     564
     566
     575
     568
     567
     552
     561
     521
     558
     601
     588
     609
     549
     600
     573
     556
     553
     535
     594
     521
     591
     543
     538
     513
     556
     520
     542
     550
     525
     521
     563
     523
     546
     538
     518
     521
     512
     527
     527
     486
     518
     490
     472
     518
     465
     519
     460
     481
     473
     497
     478
     487
     459
     458
     491
     489
     483
     488
     465
     472
     454
     467
     485
     493
     478
     422
     481
     468
     487
     456
     468
     427
     449
     458
     432
     426
     413
     464
     430
     439
     476
     454
     448
     423
     430
     464
     419
     446
     416
     406
     427
     419
     387
     400
     420
     409
     409
     388
     414
     420
     400
     414
     364
     407
     422
     412
     430
     406
     400
     398
     387
     387
     389
     401
     385
     396
     410
     406
     384
     384
     346
     407
     413
     362
     362
     357
     357
     366
     402
     377
     374
     380
     391
     395
     370
     371
     354
     364
     332
     346
     364
     330
     337
     386
     380
     355
     361
     341
     360
     376
     358
     342
     339
     362
     336
     356
     342
     358
     328
     361
     317
     344
     347
     328
     326
     345
     346
     316
     333
     316
     334
     371
     333
     301
     327
     341
     338
     327
     276
     301
     310
     297
     292
     322
     323
     307
     306
     319
     340
     317
     322
     300
     316
     324
     320
     367
     314
     315
     329
     297
     311
     294
     304
     313
     298
     297
     340
     281
     296
     302
     327
     338
     304
     298
     281
     286
     285
     293
     284
     293
     314
     287
     294
     337
     291
     277
     293
     311
     300
     285
     280
     261
     317
     304
     294
     293
     292
     302
     276
     297
     274
     280
     291
     269
     308
     303
     271
     274
     295
     264
     271
     299
     258
     275
     270
     293
     271
     278
     257
     248
     259
     256
     256
     277
     250
     265
     268
     266
     280
     265
     270
     257
     268
     258
     249
     260
     252
     254
     256
     242
     271
     276
     262
     246
     262
     236
     237
     234
     234
     237
     252
     238
     245
     253
     238
     234
     243
     230
     235
     248
     231
     265
     265
     255
     237
     247
     259
     291
     233
     234
     262
     236
     263
     253
     210
     238
     216
     236
     212
     241
     259
     227
     229
     231
     248
     234
     245
     225
     236
     257
     232
     228
     223
     267
     233
     226
     264
     220
     245
     221
     273
     231
     207
     221
     248
     256
     236
     222
     237
     236
     246
     227
     244
     248
     242
     227
     231
     256
     217
     214
     222
     241
     228
     195
     244
     206
     230
     218
     231
     224
     213
     213
     236
     212
     244
     218
     217
     218
     224
     216
     213
     197
     221
     200
     222
     221
     216
     215
     220
     226
     237
     219
     204
     199
     200
     207
     205
     217
     246
     235
     228
     205
     205
     226
     208
     188
     196
     202
     212
     195
     209
     202
     225
     201
     236
     200
     224
     220
     209
     208
     195
     198
     226
     222
     236
     193
     203
     179
     194
     200
     196
     205
     225
     208
     188
     192
     217
     234
     193
     241
     214
     218
     229
     190
     209
     190
     211
     222
     198
     208
     218
     222
     204
     222
     193
     201
     213
     193
     214
     215
     231
     203
     209
     189
     217
     203
     196
     216
     209
     194
     206
     210
     215
     183
     193
     191
     184
     233
     239
     194
     196
     210
     205
     238
     204
     222
     184
     195
     224
     218
     212
     191
     184
     182
     173
     220
     210
     194
     231
     228
     203
     202
     186
     198
     207
     168
     183
     195
     184
     188
     189
     180
     179
     196
     198
     174
     210
     225
     190
     198
     215
     181
     202
     194
     215
     196
     216
     226
     229
     204
     199
     201
     182
     190
     181
     191
     182
     199
     183
     197
     176
     197
     213
     202
     195
     188
     191
     191
     185
     197
     191
     207
     199
     190
     166
     202
     205
     191
     175
     188
     181
     199
     171
     192
     206
     183
     187
     196
     172
     199
     209
     209
     159
     206
     196
     199
     174
     196
     200
     185
     185
     158
     172
     197
     190
     187
     192
     181
     180
     196
     178
     188
     176
     193
     204
     164
     191
     198
     188
     195
     200
     163
     175
     205
     157
     185
     185
     183
     160
     201
     172
     199
     192
     183
     166
     170
     185
     186
     189
     180
     184
     181
     163
     190
     191
     199
     172
     208
     187
     195
     177
     223
     169
     183
     213
     199
     204
     210
     210
     242
     260
     312
     357
     493
     558
     663
     822
    1013
    1071
    1047
    1011
     997
     873
     681
     578
     444
     368
     299
     271
     265
     241
     195
     194
     194
     193
     183
     155
     176
     179
     173
     180
     180
     187
     164
     185
     158
     175
     190
     166
     194
     190
     186
     174
     179
     182
     181
     187
     185
     180
     178
     181
     194
     167
     150
     172
     172
     160
     179
     201
     178
     173
     190
     175
     194
     174
     170
     176
     170
     169
     173
     183
     184
     190
     181
     195
     169
     171
     183
     173
     185
     175
     161
     167
     177
     168
     197
     192
     176
     208
     177
     201
     183
     173
     182
     174
     204
     171
     179
     192
     203
     199
     169
     159
     163
     155
     184
     188
     185
     211
     172
     173
     159
     174
     192
     186
     188
     176
     184
     196
     182
     158
     199
     190
     188
     186
     194
     169
     188
     185
     199
     179
     177
     202
     196
     194
     194
     178
     178
     180
     180
     170
     189
     174
     197
     186
     194
     178
     199
     181
     202
     195
     201
     186
     199
     184
     169
     203
     165
     181
     185
     199
     165
     171
     191
     188
     178
     187
     189
     191
     192
     174
     186
     197
     172
     196
     188
     161
     174
     195
     197
     188
     196
     192
     180
     185
     194
     177
     185
     184
     181
     184
     203
     186
     196
     193
     202
     180
     184
     193
     189
     181
     182
     181
     236
     178
     194
     233
     193
     189
     200
     211
     218
     198
     176
     207
     192
     205
     190
     197
     201
     206
     218
     190
     206
     186
     202
     219
     197
     190
     210
     192
     193
     214
     183
     192
     218
     231
     170
     197
     179
     181
     199
     182
     198
     224
     224
     185
     189
     187
     221
     208
     187
     218
     219
     202
     193
     206
     213
     204
     188
     212
     211
     224
     186
     194
     194
     217
     215
     199
     191
     229
     227
     217
     226
     220
     213
     182
     184
     209
     205
     209
     235
     187
     216
     212
     226
     221
     195
     227
     215
     229
     211
     200
     228
     211
     220
     194
     213
     217
     222
     235
     197
     223
     201
     219
     219
     197
     238
     218
     230
     215
     216
     222
     223
     210
     211
     223
     217
     209
     213
     248
     203
     233
     202
     228
     227
     219
     216
     220
     226
     209
     210
     207
     206
     229
     213
     218
     210
     230
     206
     221
     228
     250
     231
     200
     220
     213
     194
     216
     192
     203
     178
     182
     223
     181
     227
     184
     180
     202
     175
     157
     182
     155
     168
     164
     177
     165
     168
     175
     169
     186
     169
     179
     180
     172
     178
     173
     156
     161
     153
     153
     164
     161
     174
     156
     145
     166
     159
     143
     134
     162
     144
     145
     167
     170
     140
     172
     159
     156
     136
     139
     156
     164
     152
     148
     160
     150
     153
     159
     177
     153
     157
     130
     150
     167
     136
     145
     156
     152
     132
     150
     145
     156
     166
     146
     139
     126
     135
     166
     129
     129
     150
     143
     166
     137
     154
     156
     135
     154
     147
     143
     143
     126
     144
     122
     133
     131
     135
     162
     145
     175
     135
     160
     134
     155
     153
     131
     150
     152
     144
     126
     158
     158
     148
     151
     160
     153
     139
     148
     132
     140
     148
     152
     140
     134
     164
     149
     144
     146
     136
     149
     133
     140
     140
     126
     152
     145
     122
     142
     122
     146
     118
     148
     143
     135
     142
     133
     114
     114
     112
     135
     141
     118
     138
     122
     141
     129
     133
     120
     133
     141
     125
     100
     110
     131
     128
     128
     110
     142
     119
     131
     138
     109
     117
     119
     116
     120
     111
     128
     136
     116
     131
     146
     123
     134
     109
     123
     141
     122
     121
     134
     106
     128
     124
     123
     119
     130
     102
     149
     105
     130
     115
     121
     112
     119
     118
     120
     114
     120
     128
     128
     120
     126
     127
     114
     129
     123
     137
     108
     112
     113
     124
     106
     120
     125
     112
     128
     119
     134
     100
     121
     125
     127
     102
     121
     113
     110
     117
     151
     108
     108
     113
     101
     102
     118
      94
     125
     104
     117
     121
     118
     116
     117
     128
     136
     106
     108
     113
     118
     120
     119
     115
     110
     126
     110
     111
      97
     114
     103
     119
     131
     120
     109
     129
     123
     119
     108
      84
     108
     126
     115
     119
      97
      95
      87
     104
     109
     104
     120
     108
     126
     106
     121
     110
      99
     113
     121
     113
     110
     122
     100
     111
     110
     109
      96
     119
     108
     116
     110
     104
     112
     118
     118
     103
     112
     113
     113
      96
     121
     110
      90
     114
     119
     110
     117
     101
     119
     111
     128
     132
     115
     109
     100
     101
     106
     116
     104
     112
     110
     111
     110
     110
     123
     135
     120
     103
     115
     117
     102
     108
     127
     126
     126
     124
     120
     135
     130
     123
     118
     124
     130
     121
     120
     109
     113
     109
     117
     105
     117
     118
     103
     107
     117
     106
     110
     127
     119
     129
     104
     121
     103
     127
     122
     145
     126
     117
     106
     106
     122
     146
     117
     123
     123
     124
     115
     101
     108
     121
     111
     110
     110
     120
     102
     114
     107
     130
     103
     125
     103
     106
     104
     104
     114
     111
     108
     108
     104
     103
     105
     106
     109
     108
      96
      94
      92
      88
     112
     103
     109
     102
     112
      90
      93
     107
     109
      99
     101
      91
      81
      92
      97
     122
     102
      99
     114
      79
     106
     113
     103
     103
     100
      92
      92
     109
      92
     104
     110
      96
      93
     114
     109
      96
      91
      97
      94
      99
      90
      92
      96
      87
     107
      93
     112
      98
     117
     103
      91
     110
      97
     105
     101
     108
     131
     148
     222
     276
     394
     500
     636
     938
    1247
    1740
    2277
    2959
    3599
    4025
    4426
    4408
    4109
    3585
    2802
    2122
    1536
     958
     643
     451
     311
     235
     171
     134
     117
      94
     125
     101
      92
      96
      98
     103
     112
      97
     112
      92
     108
     110
     115
     104
     107
     106
     108
      96
     123
     116
     116
     107
      90
     112
     118
      92
      85
      93
      98
      91
     101
      85
      80
      98
      98
      82
      87
      80
      97
      80
      96
      81
      98
      86
      97
      90
     102
      89
      97
      85
     108
      78
      93
      85
      86
      81
      98
      88
      96
     102
      95
      76
      83
      84
      85
      81
      92
      98
      79
     103
      85
      86
      87
      88
      97
      77
      86
      92
     115
      90
      87
      72
      76
      90
      82
      80
      89
      79
      71
      84
      76
      89
      89
      87
      78
      76
      89
      73
      85
      75
      91
     107
      87
      70
      88
      81
      78
      74
      79
      95
      87
      84
      84
      76
      90
      95
      72
      96
      78
      76
      86
      88
      86
      76
      94
      88
      65
      84
      79
      93
      77
      92
      82
      76
      95
      81
      62
      84
      90
      87
      86
      86
      91
      67
      74
      95
      90
      78
      73
      71
      87
      78
      80
      72
      86
      82
      86
      68
      77
      88
      85
      92
      89
      84
      81
      79
      76
      87
      87
      83
      93
      92
      80
     103
      83
      87
      85
      81
      88
      86
      86
      84
      72
      81
      72
      69
      84
      83
     103
      76
      84
      97
      79
      82
      72
      87
      70
      71
      72
      93
      61
      90
      92
      70
      91
      96
      91
      81
      78
      77
      81
      81
      84
      64
      73
      79
      99
      92
      79
      77
      84
      70
      71
      78
      83
      85
      78
      86
      87
      86
      80
      91
      62
      94
      81
      85
      75
      74
      82
      72
      97
      88
      84
      76
      73
      82
      78
      89
      78
      82
      81
      65
     100
      82
      78
      95
      92
      64
      75
      65
      73
      72
      75
      79
      82
      94
      87
      92
      90
      83
      84
      82
      82
      68
      87
      75
      79
      88
      86
      93
      70
      89
      74
      97
      85
      70
      76
      84
      69
      90
      84
      70
      77
      74
      78
      95
      78
      80
      88
      89
      79
      82
      81
      91
      77
      71
     106
      81
      87
      76
      94
      78
      87
      93
      68
      77
     107
      78
      74
      72
      75
      90
      82
      85
      79
      82
      72
      89
      88
      77
      84
      69
      84
      82
      85
      91
      75
      95
      81
      79
      93
      73
      87
      90
      95
     101
      86
      90
      82
      92
      99
      85
      71
      91
      87
      94
      83
      72
      77
      90
      76
      98
      96
      68
      94
      88
      80
      94
      83
     114
     108
      89
      83
      89
      87
      77
      99
      86
      85
      81
      75
      75
      75
      86
      83
      94
      75
      89
     105
      92
      93
      88
      92
      84
      91
      83
     108
     114
     105
     124
     120
     135
     182
     198
     225
     303
     366
     519
     629
     768
     915
    1057
    1210
    1332
    1385
    1328
    1327
    1107
     940
     649
     519
     391
     265
     219
     191
     121
     129
     127
     109
     114
     108
      97
     105
     113
      97
     106
      91
      84
     101
     108
      98
      83
      99
      92
      77
      77
      77
      88
     109
      92
      97
      86
      76
     122
      98
      91
     105
      90
      88
     102
      80
     114
     105
     113
      99
     102
     100
      84
      95
      91
      90
      89
      99
      86
      97
      68
     106
      94
      94
      84
     112
     108
      91
      98
     118
      99
     103
     104
     107
      81
      74
      86
     106
      86
     113
     106
     118
     106
     117
     112
     104
      93
      83
      85
     100
     119
     103
     113
     109
      89
     105
     102
     106
      89
      71
      93
     102
     114
     100
     111
     101
      98
     109
     128
     106
     111
      97
     117
     102
      98
     113
     103
     102
      79
      98
     104
      74
     114
     112
      86
     105
     101
     108
      96
     108
     104
     110
     102
     127
     105
     111
     107
     116
     117
     119
     125
     123
      95
      99
     113
     108
     105
     115
     111
     127
     118
     106
     109
      99
     123
     117
      86
      93
     121
     114
     104
     111
     116
      99
      99
     114
     124
     115
     115
     121
     116
     111
     114
      92
     117
     110
     117
     104
     122
     115
     111
     104
     132
     136
     114
     100
     116
     112
     107
     105
     108
     126
     111
     122
     113
     118
     126
     115
     139
     131
     123
     115
     106
     118
     120
     128
     134
     116
     103
     120
     152
     120
     119
     125
     129
     133
     104
     133
     115
      97
     113
     115
     131
     128
     113
     126
     136
     118
     132
     117
     115
     132
     108
     128
     128
     112
     125
     147
     120
     124
     113
     111
     105
     117
     108
     140
     139
     126
     126
     129
     132
     125
     121
     138
     116
     125
     121
     107
     107
     136
     122
     137
     133
     124
     141
     113
     147
     118
     121
     131
     124
     130
     131
     110
     123
     138
     131
     106
     121
     130
     138
     108
     120
     128
     132
     124
     137
     131
     133
     124
     138
     118
     151
     147
     135
     145
     117
     144
     158
     133
     113
     117
     149
     141
     132
     150
     130
     146
     126
     157
     136
     138
     124
     152
     133
     130
     140
     136
     133
     145
     138
     144
     139
     144
     127
     127
     131
     140
     123
     138
     129
     130
     113
     101
     148
     126
     134
     140
     103
     104
     144
     140
     106
     125
     110
     126
     121
     115
     101
     110
     111
     135
     110
     116
      90
      96
     104
      93
     110
      94
      99
     101
      76
     109
     101
      87
     106
     105
      87
      90
      96
      90
      80
      90
      91
      80
      80
      85
      81
      85
      87
      69
      95
      77
      90
      93
      89
      99
      86
      86
      86
      96
      90
      84
     103
      92
      82
      99
      79
      74
      93
      76
      74
      77
      76
      69
      93
      76
      73
      78
      76
      82
      73
      90
      65
      88
      89
      72
      85
      84
      80
      73
      76
      81
      85
      88
      80
      91
      86
      77
      76
      56
      82
      73
     100
      73
      69
      75
      78
      68
      65
      72
      71
      79
      75
      77
      81
      98
      79
      70
      80
      78
      74
      76
      66
      56
      77
      77
      64
      83
      74
      60
      62
      57
      71
      70
      86
      71
      70
      67
      68
      54
      76
      64
      61
      53
      69
      75
      62
      74
      71
      58
      74
      66
      78
      65
      62
      65
      68
      71
      68
      65
      62
      69
      68
      62
      71
      65
      74
      65
      57
      68
      65
      49
      69
      69
      61
      49
      58
      55
      64
      67
      56
      84
      68
      65
      86
      49
      72
      61
      63
      58
      49
      53
      56
      55
      54
      72
      73
      64
      52
      57
      51
      52
      52
      51
      51
      44
      62
      57
      58
      54
      46
      51
      49
      43
      40
      55
      58
      47
      41
      49
      54
      42
      48
      40
      46
      46
      55
      65
      60
      51
      50
      58
      54
      41
      55
      41
      48
      55
      40
      46
      45
      50
      39
      58
      37
      62
      57
      46
      44
      34
      36
      41
      41
      51
      42
      56
      32
      44
      46
      55
      42
      43
      39
      43
      35
      32
      41
      34
      49
      43
      45
      39
      45
      47
      36
      43
      38
      41
      33
      31
      36
      45
      28
      41
      34
      28
      33
      46
      38
      32
      38
      30
      39
      31
      31
      33
      28
      28
      37
      42
      35
      37
      31
      40
      28
      23
      35
      26
      24
      31
      35
      31
      31
      42
      33
      28
      20
      34
      28
      29
      37
      27
      26
      23
      31
      28
      33
      37
      34
      31
      29
      25
      28
      38
      27
      26
      25
      25
      39
      33
      22
      33
      31
      33
      29
      27
      30
      23
      23
      29
      28
      33
      22
      31
      26
      32
      36
      21
      25
      39
      19
      33
      28
      30
      25
      36
      32
      32
      25
      32
      35
      19
      38
      32
      37
      21
      31
      29
      28
      34
      26
      30
      19
      30
      20
      38
      19
      21
      23
      19
      28
      13
      26
      25
      31
      28
      19
      23
      21
      16
      24
      30
      29
      31
      17
      24
      33
      26
      19
      21
      27
      34
      24
      23
      33
      35
      22
      17
      25
      22
      19
      25
      18
      30
      33
      24
      22
      22
      23
      31
      29
      22
      23
      35
      31
      21
      21
      40
      28
      30
      33
      21
      29
      21
      20
      27
      25
      34
      36
      23
      30
      20
      25
      28
      26
      23
      36
      20
      26
      23
      26
      24
      23
      34
      22
      16
      40
      25
      30
      26
      26
      20
      24
      29
      33
      26
      27
      34
      21
      34
      28
      23
      23
      36
      26
      29
      29
      21
      22
      29
      23
      24
      21
      30
      19
      18
      21
      29
      23
      25
      25
      27
      27
      25
      32
      27
      29
      19
      21
      30
      17
      25
      27
      30
      24
      29
      25
      25
      24
      30
      23
      16
      27
      23
      31
      25
      24
      32
      27
      37
      33
      35
      28
      38
      46
      48
      49
      65
      73
      96
     116
     135
     168
     244
     234
     290
     387
     459
     615
     785
     921
    1241
    1509
    1831
    2039
    2190
    2486
    2565
    2740
    2819
    2867
    2700
    2386
    2072
    1642
    1238
     940
     640
     457
     338
     261
     191
     119
      83
      70
      49
      47
      37
      47
      39
      30
      32
      33
      35
      29
      33
      27
      29
      40
      36
      37
      23
      40
      35
      26
      26
      26
      29
      32
      32
      31
      38
      23
      30
      22
      27
      16
      25
      32
      33
      33
      30
      33
      25
      25
      30
      25
      29
      36
      30
      34
      25
      28
      24
      33
      33
      29
      28
      20
      19
      21
      19
      26
      24
      28
      27
      18
      28
      23
      22
      34
      22
      24
      30
      34
      20
      20
      26
      32
      22
      28
      32
      29
      33
      21
      18
      30
      34
      14
      22
      29
      21
      18
      21
      27
      25
      25
      25
      32
      19
      26
      18
      21
      29
      22
      18
      18
      33
      20
      32
      29
      25
      27
      19
      23
      18
      20
      11
      25
      25
      25
      21
      21
      23
      20
      11
      15
      20
      20
      29
      17
      25
      24
      19
      27
      23
      20
      28
      31
      20
      27
      23
      17
      19
      21
      23
      27
      24
      17
      22
      23
      26
      28
      30
      25
      20
      36
      18
      22
      25
      26
      20
      31
      18
      30
      26
      23
      28
      21
      28
      27
      18
      12
      28
      26
      24
      25
      27
      24
      29
      16
      19
      12
      16
      22
      32
      22
      26
      13
      24
      25
      30
      25
      16
      26
      22
      24
      22
      19
      24
      22
      25
      31
      22
      21
      19
      32
      26
      22
      20
      24
      26
      20
      18
      21
      23
      20
      22
      32
      22
      22
      23
      19
      16
      26
      33
      23
      38
      17
      26
      23
      30
      26
      23
      22
      22
      24
      17
      19
      25
      13
      15
      15
      17
      14
      25
      24
      12
      25
      21
      22
      26
      15
      22
      25
      22
      23
      20
      13
      20
      15
      18
      21
      29
      17
      15
      16
      17
      19
      31
      26
      24
      22
      20
      16
      28
      19
      20
      23
      19
      18
      25
      22
      13
      29
      25
      35
      24
      15
      16
      15
      24
      19
      19
      24
      22
      17
      20
      20
      18
      19
      20
      13
      25
      25
      19
      17
      19
      17
      18
      16
      34
      26
      23
      19
      21
      26
      23
      32
      28
      21
      28
      22
      17
      29
      22
      19
      22
      13
      28
      20
      18
      19
      16
      16
      15
      22
      22
      30
      19
      16
      21
      16
      23
      16
      21
      20
      21
      28
      27
      22
      22
      18
      24
      24
      26
      21
      12
      19
      23
      23
      20
      22
      17
      26
      26
      28
      21
      12
      18
      19
      22
      22
      19
      16
      20
      28
      22
      15
      17
      12
      18
      24
      22
      17
      15
      27
      12
      18
      19
      16
      20
      24
      27
      20
      28
      13
      20
      22
      15
      23
      15
      26
      18
      17
      17
      17
      23
      18
      20
      13
      17
      17
      20
      24
      14
      19
      28
      25
      32
      22
      19
      21
      19
      25
      21
      22
      12
      15
      23
      21
      18
      15
      18
      16
      21
      13
      24
      14
      17
      22
      24
      15
      26
      20
      17
      17
      20
      19
      26
      19
      11
      16
      25
      21
      18
      11
      18
      25
      26
      22
      19
      11
      17
      23
      15
      22
      20
      22
      21
      18
      19
      19
      16
      21
      21
      21
      14
      17
      15
      25
      27
      20
      24
      24
      23
      21
      23
      20
      14
      22
      18
       9
      24
      18
      23
      17
      20
      22
      17
      25
      21
      22
      23
      18
      26
      18
      19
      19
      20
      17
      16
      19
      27
      22
      22
      25
      20
      19
      24
      21
      29
      22
      16
      21
      26
      22
      20
      26
      20
      12
      25
      25
      21
      17
      27
      25
      23
      20
      25
      30
      16
      14
      22
      23
      10
      21
      19
      19
      26
      15
      19
      21
      17
      16
      27
      10
      28
      15
      21
      20
      29
      19
      25
      12
      24
      15
      26
      18
      17
      13
      16
      17
      11
      15
      21
      27
      25
      21
      17
      20
      17
      22
      23
      21
      24
      19
      26
      19
      17
      32
      15
      17
      19
      20
      21
      26
      19
      19
      26
      22
      14
      19
      24
      22
      23
      25
      22
      18
      20
      15
      27
      28
      21
      24
      16
      18
      12
      23
      22
      14
      22
      19
      22
      27
      13
      31
      18
      13
      20
      18
      18
      21
      15
      23
      17
      17
      20
      22
      20
      16
      13
      11
      19
      17
      23
      22
      17
      11
      22
      18
      23
      24
      17
      16
      12
      27
      29
      23
      19
      16
      17
      24
      20
      26
      18
      19
      20
      15
      14
      31
      13
      21
      27
      19
      13
      29
      24
      16
      22
      22
      13
      20
      21
      24
      10
       9
      20
      21
      20
      20
      13
      29
      19
      26
      15
      17
      17
      19
      17
      21
       9
      23
      17
      17
      23
      17
      14
      23
      26
      20
      21
      18
      21
      17
      23
      17
      11
      25
      21
      22
      26
      19
      22
      24
      17
      14
      16
      18
      18
      14
      17
      19
      21
      17
      16
      21
      17
      22
      15
      20
      16
      23
      26
      13
      17
      15
      21
      27
      17
      24
      15
      21
      21
      19
      27
      17
      16
      27
      16
      26
      18
      22
      18
      25
      17
      23
      25
      23
      19
      27
      23
      21
      19
      34
      17
      28
      22
      20
      12
      18
      20
      25
      13
      18
      26
      16
      23
      28
      14
      26
      13
      26
      25
      18
      17
      20
      20
      18
      22
      22
      21
      21
      16
      23
      28
      12
      25
      18
      32
      20
      15
      23
      15
      25
      18
      28
      21
      28
      17
      20
      21
      20
      22
      19
      19
      18
      19
      17
      21
      20
      13
      28
      17
      26
      21
      23
      23
      20
      24
      24
      25
      18
      21
      14
      18
      25
      24
      16
      21
      16
      15
      29
      17
      19
      20
      13
      24
      17
      20
      18
      23
      22
      16
      20
      16
      14
      24
      19
      17
      17
      23
      14
      23
      29
      27
      28
      22
      18
      29
      29
      30
      47
      44
      43
      50
      56
      59
      64
      61
      60
      76
      74
      85
      96
     123
     115
     128
     128
     101
     124
     115
     104
      72
      97
     105
     110
     100
      93
      85
      79
      68
      59
      49
      51
      34
      39
      40
      40
      44
      27
      35
      29
      24
      28
      23
      19
      30
      27
      28
      36
      24
      28
      20
      21
      32
      31
      26
      36
      27
      16
      28
      22
      15
      33
      24
      31
      23
      25
      31
      29
      19
      21
      25
      28
      23
      24
      26
      29
      28
      28
      21
      30
      29
      24
      18
      21
      25
      28
      23
      24
      17
      29
      31
      30
      27
      26
      30
      26
      20
      26
      20
      21
      24
      24
      31
      16
      28
      22
      24
      21
      21
      22
      24
      27
      21
      25
      19
      29
      24
      29
      23
      19
      31
      23
      19
      36
      23
      27
      25
      26
      29
      27
      28
      25
      35
      29
      22
      27
      12
      27
      24
      14
      31
      29
      32
      25
      19
      21
      25
      33
      27
      24
      23
      32
      25
      31
      25
      18
      19
      20
      15
      20
      26
      33
      20
      21
      21
      35
      27
      34
      13
      30
      25
      27
      18
      24
      27
      27
      31
      19
      18
      29
      24
      23
      27
      28
      23
      35
      25
      29
      32
      23
      38
      34
      22
      31
      26
      23
      19
      33
      23
      38
      26
      28
      21
      30
      21
      24
      28
      22
      17
      26
      24
      28
      22
      27
      32
      27
      20
      29
      25
      23
      31
      36
      21
      26
      33
      21
      30
      21
      28
      28
      21
      21
      16
      15
      23
      27
      26
      21
      20
      30
      21
      24
      28
      33
      20
      24
      29
      29
      32
      37
      29
      30
      25
      32
      20
      34
      30
      22
      26
      24
      29
      28
      26
      24
      31
      20
      25
      24
      35
      29
      23
      17
      36
      39
      28
      29
      30
      18
      22
      24
      21
      29
      21
      26
      28
      17
      27
      29
      16
      16
      24
      24
      23
      22
      28
      30
      33
      22
      26
      29
      24
      22
      23
      29
      15
      38
      22
      34
      19
      32
      17
      24
      30
      26
      28
      16
      26
      36
      25
      43
      29
      23
      31
      27
      38
      27
      28
      24
      30
      31
      20
      29
      35
      25
      21
      23
      25
      28
      22
      25
      23
      29
      31
      21
      18
      23
      29
      25
      29
      24
      20
      28
      21
      23
      31
      35
      27
      17
      27
      28
      26
      19
      26
      24
      31
      26
      36
      32
      19
      19
      29
      26
      26
      27
      30
      35
      30
      21
      35
      25
      27
      32
      28
      29
      30
      30
      32
      23
      27
      19
      19
      15
      14
      26
      29
      36
      33
      20
      32
      31
      35
      26
      17
      26
      19
      20
      29
      17
      31
      23
      19
      29
      32
      24
      27
      13
      19
      27
      27
      21
      35
      37
      38
      20
      39
      30
      23
      21
      22
      28
      21
      31
      22
      28
      28
      26
      25
      29
      25
      24
      29
      20
      29
      31
      33
      20
      21
      25
      21
      17
      32
      33
      33
      33
      40
      22
      31
      31
      23
      37
      27
      26
      34
      26
      21
      29
      24
      28
      36
      25
      33
      21
      33
      33
      23
      22
      30
      33
      21
      30
      28
      32
      32
      35
      28
      31
      25
      32
      24
      33
      23
      24
      39
      18
      30
      34
      21
      27
      35
      19
      30
      24
      24
      23
      30
      25
      29
      31
      19
      28
      24
      21
      27
      19
      19
      31
      33
      31
      30
      30
      22
      23
      32
      33
      29
      29
      28
      22
      30
      32
      27
      28
      24
      22
      30
      33
      25
      23
      25
      36
      20
      25
      17
      29
      32
      28
      27
      18
      24
      29
      17
      33
      25
      31
      25
      32
      23
      36
      23
      19
      26
      37
      33
      31
      38
      22
      35
      33
      31
      27
      29
      31
      22
      25
      37
      26
      33
      27
      32
      29
      36
      36
      37
      34
      17
      29
      41
      31
      28
      27
      35
      24
      24
      31
      29
      22
      25
      23
      31
      31
      25
      26
      25
      28
      30
      28
      26
      31
      26
      20
      28
      34
      26
      30
      25
      26
      33
      25
      24
      31
      20
      29
      26
      36
      31
      25
      30
      32
      36
      26
      29
      39
      27
      25
      24
      31
      27
      29
      25
      29
      28
      29
      35
      28
      37
      32
      32
      35
      35
      43
      24
      34
      32
      31
      25
      37
      29
      31
      28
      33
      20
      30
      33
      25
      32
      28
      21
      30
      29
      33
      31
      31
      36
      33
      36
      35
      20
      23
      20
      29
      28
      32
      30
      38
      29
      25
      28
      38
      25
      44
      34
      27
      30
      26
      21
      18
      21
      26
      26
      33
      40
      31
      36
      36
      40
      28
      23
      35
      26
      26
      26
      19
      35
      35
      28
      27
      33
      30
      31
      30
      26
      33
      27
      22
      24
      32
      33
      20
      29
      31
      43
      34
      30
      42
      27
      34
      40
      22
      29
      30
      26
      31
      32
      40
      28
      20
      44
      29
      34
      32
      24
      33
      26
      29
      24
      22
      27
      38
      40
      27
      25
      33
      24
      36
      34
      25
      39
      31
      28
      37
      26
      37
      25
      29
      34
      32
      28
      34
      36
      25
      34
      39
      25
      41
      24
      21
      34
      18
      33
      20
      25
      38
      37
      36
      30
      44
      34
      26
      32
      35
      41
      39
      38
      38
      38
      26
      32
      26
      36
      27
      20
      40
      34
      29
      25
      34
      26
      29
      43
      33
      28
      32
      29
      36
      36
      20
      38
      35
      37
      27
      41
      26
      29
      31
      41
      41
      30
      36
      28
      40
      23
      41
      29
      38
      26
      41
      33
      29
      28
      34
      38
      49
      32
      23
      28
      35
      40
      39
      41
      34
      37
      33
      30
      40
      38
      35
      34
      31
      20
      24
      33
      25
      36
      28
      33
      41
      34
      37
      31
      36
      34
      29
      36
      34
      26
      32
      31
      33
      24
      30
      33
      33
      27
      32
      25
      25
      21
      25
      30
      27
      26
      24
      34
      36
      35
      21
      36
      26
      27
      34
      29
      29
      29
      43
      20
      35
      32
      25
      30
      28
      29
      28
      30
      21
      30
      39
      24
      25
      28
      31
      39
      33
      33
      29
      27
      29
      30
      36
      36
      30
      29
      40
      36
      36
      35
      34
      22
      34
      37
      34
      28
      30
      34
      35
      28
      28
      24
      30
      32
      28
      33
      27
      33
      29
      45
      37
      29
      30
      29
      28
      33
      27
      32
      25
      24
      37
      30
      30
      25
      33
      28
      17
      32
      38
      24
      37
      23
      34
      33
      31
      26
      36
      26
      31
      27
      29
      29
      24
      24
      32
      29
      21
      36
      39
      21
      33
      34
      33
      34
      30
      29
      21
      47
      17
      32
      38
      35
      28
      21
      35
      30
      21
      29
      30
      32
      35
      34
      27
      38
      31
      34
      26
      31
      34
      30
      29
      28
      29
      27
      26
      45
      28
      31
      20
      26
      25
      24
      41
      22
      25
      28
      31
      41
      30
      20
      35
      21
      32
      25
      30
      26
      19
      30
      22
      29
      39
      29
      31
      32
      36
      28
      29
      27
      30
      22
      22
      34
      26
      37
      23
      32
      32
      24
      30
      35
      28
      20
      24
      29
      26
      28
      29
      33
      21
      37
      24
      22
      31
      26
      22
      32
      21
      31
      24
      36
      26
      32
      26
      31
      31
      36
      27
      42
      32
      26
      25
      21
      32
      37
      28
      24
      26
      25
      31
      38
      40
      23
      28
      31
      33
      21
      34
      28
      31
      36
      33
      27
      25
      30
      29
      34
      35
      29
      30
      25
      42
      37
      27
      28
      28
      29
      25
      33
      30
      35
      27
      34
      28
      22
      40
      32
      23
      35
      30
      28
      23
      25
      36
      44
      23
      28
      31
      31
      23
      32
      49
      28
      33
      28
      23
      33
      35
      24
      31
      18
      31
      28
      35
      22
      39
      28
      34
      35
      33
      35
      25
      42
      32
      32
      27
      30
      33
      31
      36
      37
      30
      29
      32
      33
      22
      27
      34
      26
      32
      38
      30
      39
      23
      37
      25
      27
      25
      36
      24
      20
      31
      27
      20
      31
      32
      32
      39
      32
      29
      35
      38
      33
      32
      38
      37
      26
      31
      33
      31
      29
      35
      44
      35
      24
      39
      25
      22
      32
      33
      37
      30
      26
      32
      39
      27
      34
      29
      38
      32
      22
      30
      42
      41
      44
      22
      36
      29
      33
      40
      51
      24
      30
      49
      58
      48
      54
      56
      54
      46
      44
      66
      56
      66
      83
      71
      68
      78
     112
     106
     115
     138
     155
     138
     173
     175
     153
     149
     177
     183
     149
     197
     181
     169
     192
     152
     136
     153
     130
     129
     136
     109
     108
      79
      67
      75
      67
      59
      56
      44
      58
      34
      41
      52
      45
      36
      43
      38
      44
      33
      39
      37
      42
      43
      36
      33
      33
      32
      40
      26
      37
      44
      30
      34
      28
      28
      39
      35
      36
      40
      37
      36
      30
      28
      29
      30
      39
      42
      37
      35
      46
      35
      35
      52
      44
      34
      30
      32
      34
      42
      31
      40
      36
      44
      38
      34
      34
      35
      35
      40
      43
      33
      37
      44
      35
      39
      46
      30
      30
      44
      46
      27
      40
      49
      45
      41
      32
      43
      41
      33
      41
      41
      46
      49
      33
      36
      41
      35
      41
      43
      38
      39
      37
      42
      49
      40
      39
      43
      34
      34
      33
      35
      47
      39
      42
      47
      38
      35
      41
      31
      34
      37
      41
      29
      28
      42
      38
      32
      44
      46
      33
      38
      31
      33
      23
      43
      31
      37
      45
      30
      38
      41
      37
      29
      41
      32
      44
      45
      30
      38
      46
      38
      34
      39
      33
      42
      46
      34
      34
      38
      23
      29
      45
      40
      25
      38
      34
      50
      38
      37
      43
      42
      45
      42
      39
      44
      33
      36
      37
      41
      42
      44
      36
      50
      46
      34
      41
      36
      31
      48
      36
      41
      38
      38
      34
      38
      49
      48
      44
      33
      44
      36
      38
      39
      36
      37
      32
      43
      29
      41
      37
      56
      40
      28
      45
      36
      41
      28
      41
      43
      35
      51
      45
      46
      48
      29
      40
      44
      51
      38
      44
      45
      46
      39
      38
      48
      36
      39
      48
      38
      43
      38
      46
      44
      42
      58
      52
      36
      46
      44
      33
      52
      40
      37
      34
      48
      29
      39
      29
      43
      42
      33
      40
      31
      45
      38
      36
      29
      39
      48
      42
      36
      46
      38
      57
      42
      49
      34
      40
      40
      46
      35
      44
      44
      28
      50
      33
      31
      38
      38
      45
      40
      43
      51
      40
      47
      37
      49
      51
      33
      45
      44
      45
      48
      34
      60
      35
      44
      46
      44
      47
      36
      47
      49
      42
      38
      46
      43
      43
      55
      37
      45
      36
      40
      52
      43
      46
      51
      49
      41
      42
      39
      44
      44
      43
      46
      35
      52
      41
      52
      56
      45
      36
      51
      46
      35
      48
      38
      48
      41
      43
      50
      46
      49
      38
      43
      48
      39
      43
      38
      51
      50
      45
      52
      46
      45
      46
      49
      37
      52
      41
      41
      46
      58
      54
      47
      50
      41
      47
      47
      38
      43
      40
      45
      43
      39
      49
      45
      45
      41
      40
      41
      48
      49
      58
      46
      31
      52
      41
      43
      39
      42
      43
      49
      49
      38
      48
      50
      46
      46
      47
      55
      61
      53
      41
      61
      39
      45
      42
      43
      49
      52
      47
      44
      46
      43
      53
      40
      46
      38
      50
      46
      36
      43
      46
      37
      47
      53
      54
      51
      50
      49
      50
      45
      60
      54
      51
      48
      44
      31
      64
      55
      54
      45
      64
      51
      54
      48
      40
      32
      46
      51
      66
      42
      60
      50
      51
      48
      49
      50
      45
      45
      71
      52
      42
      56
      50
      50
      51
      61
      48
      50
      47
      51
      43
      58
      43
      76
      52
      53
      49
      42
      46
      53
      54
      49
      44
      60
      61
      45
      43
      49
      71
      57
      59
      47
      52
      61
      55
      55
      46
      54
      53
      42
      51
      52
      60
      50
      61
      55
      58
      58
      44
      57
      50
      57
      61
      50
      49
      50
      47
      51
      47
      65
      59
      48
      62
      48
      55
      50
      61
      63
      45
      44
      45
      54
      57
      58
      45
      65
      63
      49
      43
      49
      57
      60
      63
      61
      63
      50
      58
      58
      59
      52
      60
      61
      59
      63
      67
      43
      48
      64
      63
      61
      63
      68
      56
      59
      58
      52
      53
      59
      53
      58
      74
      63
      62
      60
      49
      63
      55
      56
      53
      57
      61
      49
      61
      45
      57
      59
      62
      51
      69
      64
      78
      62
      67
      55
      54
      55
      65
      73
      68
      58
      60
      55
      74
      71
      67
      54
      55
      58
      58
      68
      65
      62
      60
      58
      55
      64
      59
      52
      60
      71
      74
      74
      62
      68
      59
      72
      80
      56
      52
      52
      68
      54
      51
      55
      60
      62
      62
      70
      59
      62
      58
      62
      48
      65
      59
      68
      71
      51
      72
      62
      59
      72
      54
      66
      55
      59
      57
      54
      60
      55
      50
      57
      79
      55
      51
      74
      49
      56
      54
      48
      48
      57
      36
      63
      52
      52
      56
      52
      67
      56
      49
      62
      47
      53
      58
      41
      45
      45
      46
      47
      62
      42
      38
      49
      52
      59
      54
      45
      46
      51
      46
      44
      36
      40
      47
      45
      35
      32
      39
      55
      38
      37
      38
      37
      37
      63
      36
      52
      29
      33
      37
      41
      39
      49
      48
      41
      47
      57
      50
      41
      48
      45
      40
      42
      30
      33
      40
      33
      32
      56
      47
      36
      42
      41
      40
      36
      51
      36
      33
      34
      27
      46
      40
      40
      44
      40
      36
      39
      34
      40
      38
      41
      37
      42
      45
      43
      41
      34
      32
      44
      27
      31
      39
      33
      42
      34
      46
      52
      39
      36
      44
      47
      47
      42
      43
      39
      28
      43
      40
      38
      27
      39
      36
      41
      32
      32
      42
      40
      36
      33
      42
      41
      37
      33
      35
      32
      25
      21
      32
      42
      40
      37
      32
      40
      34
      46
      40
      31
      39
      29
      27
      32
      36
      35
      31
      32
      33
      36
      34
      29
      50
      30
      24
      26
      39
      26
      46
      32
      36
      36
      38
      30
      26
      29
      35
      24
      22
      37
      26
      40
      20
      34
      28
      35
      32
      33
      35
      20
      32
      31
      25
      24
      37
      33
      31
      26
      17
      27
      28
      34
      29
      30
      27
      27
      17
      26
      21
      25
      32
      22
      26
      30
      25
      28
      28
      24
      28
      29
      24
      27
      27
      24
      19
      22
      20
      26
      27
      22
      25
      24
      24
      18
      27
      20
      24
      27
      28
      27
      21
      17
      26
      23
      26
      18
      24
      20
      21
      24
      29
      23
      21
      18
      26
      23
      12
      19
      16
      17
      24
      17
      18
      20
      21
      19
      18
      18
      16
      20
      18
      21
      24
      25
      20
      21
      17
      14
      12
      18
      11
      14
      18
      12
      25
      23
      22
      16
      12
      14
      14
      17
      20
      16
      11
      12
      13
      12
      12
      13
      12
      13
      17
      16
      22
      15
      12
      15
      12
      20
      13
      12
       7
      13
      17
      19
      10
      13
      13
      17
       7
      14
      11
      10
      13
      14
      17
      16
      12
      13
      12
      11
      12
      13
      14
      12
       6
       6
      13
       9
      13
       9
      10
      20
      14
      10
      13
       9
       7
      12
      13
      15
       6
      12
      18
      11
      12
      10
      10
       5
      10
      13
      12
      13
      10
      12
       5
       4
       7
      12
       8
      10
       9
       5
      15
       9
       7
       7
      10
       7
       4
      10
      10
       7
      12
       4
       9
       9
       8
       5
      10
       5
       8
       7
      10
       9
      13
       9
       6
       6
       9
       9
       7
       3
       6
       4
       9
       2
       6
       6
       7
       9
       4
       4
       3
       9
       5
       7
       7
       7
      13
      14
       6
       6
       6
       9
       7
       3
       5
       6
       8
      13
       4
       6
       9
       6
       6
       6
       5
       2
       0
       7
       6
       7
       7
       6
       8
      11
       5
       6
       3
      10
       7
       8
      10
       4
       5
       4
       4
      11
       7
       5
       4
       3
      10
       5
       3
       2
       2
       3
       7
       9
       4
       9
      10
       8
       6
       4
       6
       4
       9
      10
       3
       3
      11
       5
       3
       3
       7
      11
       5
       8
       6
       6
       8
      12
       4
       7
       2
       7
      12
       7
       5
       7
       5
       7
       4
       6
       4
      10
       4
      12
       2
       5
       9
       3
       4
       3
       8
       6
       4
       7
       8
       8
       6
       9
       6
       9
       6
      12
       8
       3
       5
       6
      10
       2
       7
       5
       8
       6
      11
       6
      10
       8
      19
       8
      12
       9
       7
      12
      12
       9
       9
      17
      10
      15
      27
      16
      28
      16
      27
      32
      31
      37
      40
      50
      49
      56
      57
      72
      84
     105
     102
     110
     136
     113
     154
     163
     163
     220
     249
     316
     372
     415
     479
     524
     509
     604
     617
     630
     722
     658
     715
     699
     711
     745
     825
     789
     784
     876
     830
     886
     848
     815
     728
     610
     546
     446
     364
     259
     199
     169
     129
     110
     105
      83
      68
      68
      50
      44
      40
      26
      22
      24
      21
       8
      13
      15
       8
       8
       5
       8
      11
      10
       5
       5
       6
       6
       5
       7
       9
       8
       5
       5
       6
       8
       3
       4
       4
       6
       6
       8
       6
       5
       8
       4
       8
       7
       5
       7
       8
       4
       2
       7
       7
       6
       4
       5
       5
       3
       6
       2
       3
       4
       7
       9
       2
       6
       4
       9
       6
       6
       4
       7
       2
       8
       7
       9
       5
       6
       5
       4
      10
       3
       7
       5
       3
       7
       3
       3
       5
       6
       2
       5
       1
       5
       5
       3
       6
       3
       1
       9
       6
       7
       6
       5
       1
       1
       2
       5
       5
       6
       2
       4
       4
       6
       4
      10
       4
       7
       6
       4
      11
       7
       3
       4
       8
       3
       4
       3
       5
       4
       2
       7
       6
       3
       8
       4
       6
      10
       4
       4
       3
       8
       2
       2
       2
       3
       5
       6
       0
       3
       1
       6
       5
       2
       8
       3
       3
       4
       2
       4
       3
       6
       4
       6
       6
       2
       5
       5
       3
       3
       6
       5
       3
       2
       4
       5
       2
       3
       3
       9
       4
       4
       1
       3
       3
       3
       5
       3
       5
       5
       4
       3
       2
       3
       3
       0
       2
       3
       4
       3
       4
       3
       1
       4
       2
       1
       4
       9
       2
       4
       0
       7
       4
       7
       6
       2
       4
       4
       7
       3
       1
       4
       0
      11
       5
       3
       3
       2
       1
       2
       2
       2
       3
       2
       7
       5
       1
       2
       3
       3
       4
       5
       3
       5
       4
       3
       3
       2
       4
       4
       7
       1
       5
       1
       1
       1
       2
       1
       3
       6
       3
       5
       7
       5
       5
       0
       4
       2
       3
       2
       5
       1
       2
       2
       0
       2
       4
       7
       2
       2
       2
       3
       3
       3
       1
       1
       3
       2
       2
       4
       2
       1
       2
       5
       2
       3
       3
       2
       1
       2
       3
       4
       6
       4
       5
       2
       3
       2
       2
       1
       2
       3
       2
       2
       0
       3
       6
       2
       4
       2
       2
       0
       3
       4
       5
       1
       5
       3
       3
       3
       1
       1
       2
       4
       0
       1
       3
       6
       3
       3
       6
       3
       2
       3
       2
       1
       1
       2
       2
       4
       3
       3
       2
       4
       4
       3
       4
       5
       2
       2
       1
       1
       8
       1
       0
       7
       1
       1
       3
       3
       2
       5
       1
       2
       2
       3
       1
       1
       3
       0
       5
       2
       3
       3
       2
       3
       1
       3
       6
       2
       4
       0
       3
       2
       6
       3
       2
       4
       2
       3
       1
       2
       3
       5
       3
       6
       1
       1
       3
       1
       3
       6
       2
       2
       2
       1
       0
       1
       3
       1
       3
       4
       1
       2
       3
       5
       3
       2
       2
       4
       6
       4
       1
       2
       4
       0
       5
       3
       4
       2
       3
       3
       3
       5
       2
       1
       2
       7
       2
       4
       1
       3
       2
       4
       2
       4
       3
       2
       0
       1
       2
       3
       2
       3
       1
       2
       1
       1
       1
       3
       1
       1
       4
       3
       0
       0
       1
       0
       1
       2
       0
       2
       2
       1
       2
       3
       0
       5
       0
       0
       6
       4
       1
       3
       4
       0
       0
       3
       1
       2
       1
       0
       3
       1
       0
       2
       5
       3
       1
       0
       0
       4
       1
       4
       2
       2
       4
       1
       4
       1
       6
       2
       2
       4
       2
       1
       1
       1
       2
       6
       3
       5
       3
       2
       2
       2
       2
       1
       3
       2
       1
       0
       1
       1
       3
       1
       2
       2
       2
       1
       0
       0
       3
       1
       1
       0
       0
       2
       0
       1
       1
       1
       0
       3
       1
       1
       1
       2
       2
       2
       1
       3
       5
       1
       0
       3
       1
       3
       2
       3
       3
       1
       3
       3
       1
       2
       1
       0
       0
       2
       2
       0
       2
       1
       1
       2
       2
       5
       2
       2
       4
       2
       1
       2
       2
       2
       0
       5
       5
       2
       2
       2
       4
       3
       2
       2
       2
       2
       3
       0
       3
       4
       4
       2
       1
       5
       0
       1
       4
       2
       3
       3
       0
       1
       2
       1
       0
       1
       2
       0
       3
       1
       3
       3
       3
       0
       2
       3
       1
       3
       1
       4
       2
       0
       1
       3
       1
       2
       2
       7
       1
       2
       3
       2
       1
       2
       3
       2
       0
       2
       4
       2
       3
       0
       1
       1
       3
       1
       3
       0
       0
       1
       1
       5
       0
       3
       4
       1
       1
       1
       1
       4
       1
       1
       2
       3
       1
       2
       0
       2
       1
       1
       2
       1
       4
       3
       3
       2
       2
       3
       2
       1
       0
       1
       2
       2
       5
       0
       2
       2
       5
       2
       2
       1
       0
       2
       4
       3
       3
       1
       1
       1
       0
       0
       1
       0
       3
       0
       2
       0
       0
       1
       2
       0
       1
       1
       1
       0
       1
       0
       0
       3
       4
       1
       4
       2
       2
       1
       0
       2
       2
       2
       0
       1
       2
       0
       0
       2
       2
       2
       2
       2
       3
       2
       2
       0
       0
       1
       2
       0
       2
       1
       1
       4
       0
       1
       3
       2
       2
       3
       1
       2
       2
       2
       4
       1
       0
       3
       2
       3
       1
       3
       3
       1
       2
       1
       0
       1
       2
       1
       1
       0
       2
       0
       2
       2
       0
       1
       4
       1
       1
       2
       3
       2
       2
       1
       0
       2
       1
       3
       1
       3
       5
       0
       0
       1
       3
       4
       3
       1
       2
       0
       1
       0
       2
       3
       4
       2
       1
       1
       0
       1
       2
       1
       3
       2
       1
       2
       2
       0
       0
       0
       1
       2
       1
       1
       2
       0
       1
       1
       3
       0
       1
       1
       1
       1
       4
       1
       0
       2
       0
       1
       0
       3
       1
       1
       1
       2
       0
       4
       1
       1
       3
       1
       1
       3
       2
       2
       3
       1
       1
       1
       1
       1
       0
       2
       0
       3
       1
       1
       1
       3
       1
       0
       2
       2
       1
       1
       1
       0
       1
       0
       0
       0
       1
       1
       4
       1
       1
       0
       2
       1
       1
       1
       4
       0
       1
       4
       2
       3
       0
       0
       3
       3
       1
       1
       0
       0
       2
       1
       0
       1
       3
       2
       0
       0
       1
       2
       4
       6
       1
       1
       3
       0
       1
       0
       0
       2
       4
       0
       1
       0
       0
       1
       1
       0
       0
       1
       0
       3
       1
       4
       0
       2
       4
       1
       1
       1
       1
       3
       1
       2
       0
       2
       5
       1
       0
       1
       4
       2
       2
       2
       0
       0
       3
       3
       1
       1
       0
       1
       1
       1
       1
       1
       3
       1
       1
       0
       1
       1
       2
       2
       1
       0
       4
       2
       0
       2
       1
       3
       3
       2
       1
       1
       1
       1
       1
       4
       5
       2
       0
       3
       2
       1
       3
       3
       0
       0
       0
       0
       2
       0
       1
       4
       2
       1
       2
       1
       1
       0
       0
       2
       0
       0
       0
       0
       1
       3
       0
       0
       2
       3
       0
       0
       0
       0
       0
       1
       1
       0
       0
       0
       0
       0
       0
       0
       0
       1
       0
       1
       0
       0
       1
       1
       0
       0
       1
       0
       0
       0
       0
       2
       0
       0
       0
       0
       0
       1
       0
       0
       0
       0
       0
       0
       1
       0
       0
       0
       0
       0
       0
       0
       0
       0
       0
       0
       0
       0
       0
       0
       0
       0
       0
       0
       0
       0
       0
       0
       0
       0
       0
       0
       0
       0
       0
       0
       0
       0
       0
       0
       0
       0
       0
       0
       0
       0
       0
       0
       0
       0
       0
       0
       0
       0
       0
       0
       0
       0
       0
       0
       0
       0
       0
       0
       0
       0
       0
       0
       0
       0
       0
       0
       0
       0
       0
       0
       0
       0
       0
       0
       0
       0
       0
       0
       0
       0
       0
       0
       0
       0
       0
       0
       0
       0
       0
       0
       0
       0
       0
       0
       0
       0
       0
       0
       0
       0
       0
       0
       0
       0
       0
       0
       0
       0
       0
       0
       0
       0
       0
       0
       0
       0
       0
       0
       0
       0
       0
       0
       0
       0
       0
       0
       0
       0
$ROI:
24
43 57
143 159
196 212
298 314
354 370
455 478
509 527
607 627
687 707
750 770
857 879
886 908
981 1003
1652 1680
1940 1984
2242 2276
2410 2444
2500 2534
2714 2752
2779 2839
2910 2975
3330 3374
3517 3563
4577 4648
$PRESETS:
None
0
0
$ENER_FIT:
-0.400801 0.397322
$MCA_CAL:
3
-4.008010E-001 3.973216E-001 -1.307090E-010 keV
$SHAPE_CAL:
3
2.969388E+000 2.442717E-003 8.917358E-008
