$SPEC_ID:
Pulser
$SPEC_REM:
DET# 2
DETDESC# DETECTOR 2
AP# GammaVision Version 7.01.03
$DATE_MEA:
04/26/2017 01:34:23
$MEAS_TIM:
201 206
$DATA:
0 8191
       0
       0
       0
       0
       0
       0
       0
       0
       0
       0
       0
       0
       0
       0
       0
       0
       0
       0
       0
       0
       0
       0
       0
      14
     598
     685
     380
     334
     310
     294
     305
     321
     297
     316
     344
     343
     317
     328
     325
     346
     386
     349
     321
     364
     326
     352
     361
     400
     345
     367
     366
     373
     364
     334
     381
     351
     353
     371
     354
     384
     399
     374
     369
     374
     411
     353
     389
     332
     366
     375
     399
     335
     338
     376
     340
     385
     333
     336
     362
     336
     323
     351
     334
     325
     343
     340
     354
     340
     358
     331
     332
     344
     338
     320
     302
     323
     274
     347
     319
     329
     321
     332
     346
     370
     311
     326
     312
     320
     321
     304
     304
     276
     317
     320
     322
     300
     332
     311
     318
     303
     341
     308
     311
     303
     302
     364
     314
     322
     348
     318
     348
     324
     286
     307
     306
     290
     305
     331
     347
     314
     309
     328
     291
     293
     302
     295
     340
     339
     345
     326
     339
     346
     332
     328
     331
     326
     350
     325
     327
     315
     325
     327
     315
     316
     316
     321
     335
     294
     306
     321
     317
     341
     302
     315
     312
     323
     347
     321
     328
     345
     342
     410
     568
     667
     713
     684
     544
     604
     882
    1053
     856
     637
     420
     296
     262
     285
     307
     275
     311
     274
     300
     261
     260
     262
     267
     289
     259
     298
     292
     310
     296
     344
     421
     560
     630
     548
     408
     330
     308
     316
     360
     375
     340
     279
     275
     264
     264
     240
     268
     260
     260
     267
     271
     269
     263
     254
     257
     289
     261
     272
     280
     280
     258
     295
     263
     250
     281
     263
     296
     266
     266
     270
     253
     241
     251
     249
     251
     248
     261
     241
     253
     293
     263
     275
     246
     271
     265
     255
     246
     267
     270
     256
     255
     257
     219
     253
     256
     258
     238
     261
     276
     252
     266
     237
     284
     254
     270
     258
     248
     248
     254
     265
     249
     264
     226
     282
     262
     262
     262
     260
     257
     266
     265
     253
     281
     274
     268
     286
     267
     253
     256
     230
     248
     281
     280
     281
     279
     270
     233
     287
     220
     271
     268
     246
     249
     254
     268
     276
     266
     257
     240
     276
     277
     275
     273
     280
     252
     248
     217
     239
     281
     251
     278
     251
     257
     246
     294
     239
     247
     240
     263
     265
     278
     235
     289
     246
     290
     262
     281
     267
     266
     251
     271
     253
     275
     248
     270
     252
     242
     234
     241
     247
     254
     268
     239
     233
     240
     250
     269
     249
     248
     257
     240
     235
     250
     230
     258
     239
     260
     262
     250
     231
     254
     245
     248
     230
     248
     245
     255
     260
     217
     251
     241
     254
     262
     242
     245
     233
     270
     255
     221
     215
     244
     246
     220
     247
     245
     232
     248
     249
     230
     241
     238
     216
     231
     261
     253
     284
     347
     423
     517
     499
     454
     364
     287
     279
     219
     239
     246
     241
     245
     209
     257
     229
     237
     239
     215
     214
     251
     252
     227
     257
     226
     234
     238
     246
     232
     244
     240
     225
     244
     222
     224
     249
     259
     214
     252
     245
     241
     244
     261
     231
     229
     220
     233
     212
     200
     220
     256
     248
     254
     238
     250
     215
     237
     260
     234
     228
     241
     260
     252
     224
     262
     278
     260
     279
     285
     227
     261
     281
     248
     257
     302
     281
     257
     289
     252
     283
     290
     272
     288
     312
     292
     289
     291
     294
     283
     307
     276
     303
     311
     313
     289
     272
     285
     257
     240
     267
     267
     270
     250
     258
     258
     276
     275
     286
     284
     272
     276
     295
     282
     296
     287
     263
     312
     308
     274
     285
     308
     292
     286
     285
     292
     306
     299
     284
     292
     291
     296
     268
     311
     297
     271
     281
     283
     274
     321
     264
     304
     294
     300
     259
     272
     266
     281
     268
     283
     277
     270
     258
     272
     257
     264
     263
     276
     275
     263
     272
     257
     257
     263
     253
     276
     244
     276
     255
     267
     272
     272
     242
     254
     262
     261
     274
     285
     264
     304
     271
     284
     300
     274
     277
     258
     265
     275
     237
     267
     257
     274
     246
     262
     294
     239
     247
     251
     247
     235
     222
     255
     257
     260
     264
     267
     240
     243
     229
     283
     260
     259
     260
     219
     242
     255
     249
     261
     223
     229
     230
     243
     255
     229
     219
     220
     220
     227
     253
     195
     227
     237
     251
     238
     238
     264
     236
     248
     262
     243
     231
     222
     225
     208
     213
     226
     239
     210
     218
     216
     223
     264
     227
     219
     251
     228
     222
     239
     204
     249
     216
     242
     222
     249
     213
     195
     247
     232
     198
     238
     211
     222
     236
     217
     204
     193
     238
     192
     212
     214
     206
     214
     196
     227
     214
     225
     234
     196
     233
     222
     238
     215
     254
     214
     250
     191
     238
     232
     194
     199
     235
     210
     212
     224
     231
     181
     215
     211
     236
     230
     211
     199
     190
     184
     245
     213
     218
     194
     201
     215
     182
     175
     183
     183
     221
     221
     219
     182
     208
     206
     183
     187
     192
     200
     198
     226
     192
     181
     197
     190
     171
     184
     192
     182
     213
     210
     205
     170
     196
     186
     182
     199
     187
     181
     214
     196
     210
     215
     188
     200
     192
     213
     207
     206
     173
     201
     221
     173
     196
     180
     176
     206
     199
     204
     177
     190
     181
     178
     179
     197
     189
     177
     183
     169
     193
     191
     195
     189
     211
     185
     198
     187
     197
     193
     169
     167
     176
     180
     168
     174
     174
     198
     210
     188
     195
     194
     192
     191
     170
     192
     171
     190
     177
     166
     161
     180
     162
     164
     171
     198
     165
     190
     201
     174
     188
     184
     189
     159
     181
     168
     195
     171
     190
     170
     192
     160
     172
     157
     184
     174
     195
     162
     164
     186
     175
     176
     177
     177
     157
     168
     178
     159
     164
     181
     154
     170
     172
     167
     156
     169
     170
     165
     178
     153
     169
     165
     179
     156
     165
     162
     169
     171
     167
     169
     152
     165
     170
     166
     159
     155
     169
     158
     166
     157
     189
     157
     164
     167
     175
     161
     160
     167
     178
     154
     158
     127
     162
     171
     147
     153
     128
     146
     154
     184
     171
     146
     174
     130
     136
     144
     171
     166
     155
     145
     160
     153
     175
     133
     133
     153
     137
     150
     153
     163
     182
     147
     156
     158
     161
     163
     158
     166
     163
     157
     132
     133
     149
     143
     155
     157
     137
     149
     155
     162
     161
     151
     166
     168
     159
     164
     151
     135
     147
     164
     149
     140
     143
     154
     133
     161
     153
     161
     167
     151
     144
     139
     158
     147
     157
     155
     139
     171
     130
     138
     149
     152
     171
     135
     151
     150
     140
     146
     121
     155
     138
     140
     165
     139
     148
     137
     142
     123
     110
     141
     134
     134
     150
     151
     138
     175
     136
     160
     154
     136
     162
     146
     144
     141
     148
     147
     144
     133
     143
     137
     159
     134
     163
     127
     127
     121
     133
     134
     145
     124
     147
     139
     133
     146
     140
     133
     159
     150
     168
     133
     147
     134
     151
     130
     165
     136
     138
     156
     137
     133
     136
     131
     156
     135
     141
     137
     145
     136
     143
     127
     149
     137
     145
     133
     140
     129
     123
     140
     130
     139
     153
     129
     149
     160
     142
     130
     136
     142
     121
     134
     133
     133
     123
     140
     142
     132
     113
     131
     145
     121
     124
     145
     130
     141
     141
     140
     128
     135
     136
     132
     136
     148
     140
     129
     132
     127
     132
     136
     129
     127
     141
     126
     167
     128
     138
     137
     152
     123
     144
     153
     125
     139
     126
     155
     148
     121
     144
     139
     138
     139
     119
     132
     139
     134
     140
     133
     116
     131
     130
     119
     127
     121
     125
     128
     125
     117
     126
     163
     147
     118
     128
     120
     143
     155
     135
     135
     130
     133
     124
     133
     126
     147
     143
     111
     118
     134
     128
     119
     127
     121
     117
     125
     119
     133
     149
     115
     110
     138
     128
     139
     132
     144
     136
     140
     116
     123
     146
     151
     128
     132
     133
     158
     133
     125
     125
     129
     129
     136
     131
     124
     151
     113
     136
     136
     134
     137
     121
     150
     121
     132
     139
     131
     119
     113
     149
     135
     132
     130
     133
     130
     124
     126
     133
     112
     127
     141
     130
     119
     141
     146
     140
     120
     144
     126
     133
     128
     152
     126
     119
     131
     120
     139
     152
     130
     146
     140
     129
     141
     151
     125
     142
     153
     122
     132
     140
     138
     157
     184
     172
     214
     248
     272
     333
     412
     479
     528
     535
     507
     535
     425
     344
     289
     219
     227
     196
     158
     154
     142
     122
     129
     144
     120
     136
     122
     117
     126
     133
     126
     133
     110
     135
     135
     131
     130
     130
     141
     144
     148
     125
     140
     146
     116
     131
     153
     154
     138
     155
     117
     128
     131
     118
     138
     117
     139
     143
     110
     141
     111
     142
     117
     127
     126
     117
     133
     127
     132
     130
     121
     128
     145
     104
     146
     143
     152
     116
     142
     123
     136
     141
     136
     132
     121
     143
     120
     152
     135
     138
     135
     156
     148
     137
     157
     132
     129
     124
     106
     130
     131
     125
     149
     132
     137
     132
     124
     139
     122
     149
     158
     131
     117
     137
     121
     115
     147
     132
     112
     127
     136
     133
     146
     143
     152
     136
     136
     136
     134
     131
     112
     137
     145
     147
     154
     134
     137
     152
     154
     138
     164
     147
     154
     166
     146
     128
     122
     144
     139
     124
     165
     150
     128
     144
     143
     147
     149
     124
     173
     131
     135
     141
     145
     123
     149
     149
     124
     144
     161
     171
     143
     131
     136
     148
     146
     161
     145
     156
     131
     133
     124
     146
     136
     157
     147
     146
     134
     127
     134
     149
     154
     141
     150
     139
     139
     158
     126
     150
     140
     139
     134
     166
     132
     146
     133
     161
     146
     117
     165
     152
     168
     128
     192
     156
     132
     139
     138
     151
     145
     137
     161
     145
     141
     143
     168
     162
     147
     139
     136
     162
     133
     170
     165
     165
     149
     143
     142
     138
     156
     157
     165
     139
     164
     145
     154
     153
     169
     173
     144
     141
     135
     168
     157
     155
     164
     153
     148
     162
     155
     168
     164
     166
     142
     160
     159
     153
     157
     153
     145
     161
     180
     182
     154
     153
     145
     165
     165
     155
     170
     145
     144
     168
     159
     165
     153
     161
     159
     151
     144
     174
     140
     126
     168
     165
     168
     130
     171
     163
     166
     154
     147
     137
     153
     158
     157
     153
     181
     175
     167
     171
     171
     166
     168
     176
     165
     168
     206
     162
     182
     165
     176
     174
     181
     171
     180
     158
     169
     162
     163
     185
     156
     177
     171
     172
     177
     158
     167
     184
     154
     179
     169
     159
     141
     142
     165
     168
     165
     139
     144
     186
     158
     148
     164
     145
     142
     141
     133
     157
     148
     153
     125
     150
     150
     140
     130
     144
     142
     107
     144
     108
     122
     122
     144
     121
     118
     124
     127
     135
     122
     136
     138
     111
     117
     145
     107
     112
     119
     110
     114
     120
     131
     123
     133
     109
     133
     145
     103
     150
     134
     127
     128
     129
     123
     121
     125
     114
     121
     108
     135
     128
     101
     100
     116
     123
     143
     140
     131
     140
     124
     109
     129
      94
     122
     118
     133
     122
      90
      98
     119
     134
     121
     109
     111
     121
     112
     106
     110
     108
     105
     130
      96
     117
     122
     109
     132
     102
     117
     110
     104
     121
     118
     104
     109
     128
     106
     120
      97
     109
     129
      99
     125
     108
     110
      86
     112
      88
     112
     118
     125
     120
      94
     116
     108
     105
     112
     106
     107
     110
      90
     114
     107
      99
     124
     105
      96
     107
      93
     102
     116
     105
      92
      99
      94
     103
     102
     109
     100
     107
      97
      95
      92
      94
     108
     118
      82
      97
      95
     102
     119
      96
     131
      94
     103
     101
     123
      96
     107
     111
      92
     106
     101
     116
     100
     107
     100
     101
     102
     106
      95
      94
     111
     113
     100
      95
      87
      98
      96
      90
      97
     102
      82
      99
      72
      98
     107
     104
      93
     107
      75
      84
     111
      94
     105
      94
      96
      97
      98
     102
      96
     100
      93
      93
      87
      88
      82
     100
      97
      77
     100
      98
      83
     102
     104
      95
      96
      77
      88
      95
      99
      98
     113
     110
      98
      96
      85
      88
      94
      85
      88
      97
      91
     100
      93
     109
      97
      98
      87
      97
      87
      88
      97
      81
      90
      89
     104
      76
      85
      93
      87
      84
      92
      78
      67
      87
     102
      84
     105
      83
      79
      95
      70
     103
      92
      67
      79
      77
      87
      76
      97
     110
      86
      84
     108
      86
      91
      89
      91
      95
      89
      81
     115
      70
      95
      89
      95
      99
      93
     101
     100
     107
     101
      88
      90
     113
      77
      78
      74
      96
      80
      79
      91
     110
      92
      83
      93
      83
     116
      83
      91
     100
      82
      88
      96
      97
      84
      86
      89
     100
     103
      92
      81
     107
      78
      90
      79
      98
      87
      78
     109
      81
     100
      86
      99
     117
      98
     101
      95
      85
      86
      97
      88
      97
     106
     107
      95
      94
      84
     107
     107
     103
      91
      84
     102
      97
      94
      77
     105
      96
      82
     102
     107
      93
      90
      98
      89
     101
     111
     103
     103
     109
      98
      94
      77
      91
      94
     104
      97
      97
      92
      75
      95
      88
      81
      93
     103
      79
      93
      87
     120
      91
      90
      98
      89
     108
     102
      83
      87
      96
      84
      92
      89
      89
      83
      80
      84
      92
      83
      76
      79
      99
      86
      58
      69
      97
      80
      97
      88
      79
      90
     102
      78
      78
      90
      70
      89
      92
      88
      94
      83
      73
      95
      90
      98
      69
      79
      94
      86
      85
      71
     109
     100
      88
      75
      90
      96
      73
      88
      83
     114
      72
      79
     100
      77
      80
      68
      92
      86
      90
      98
      80
     104
      80
      74
      98
      75
      83
      90
      72
      73
     101
      96
     102
      92
     134
     167
     190
     305
     342
     483
     645
     912
    1170
    1580
    2185
    2566
    2993
    3218
    3268
    3239
    2887
    2171
    1587
    1020
     697
     398
     278
     153
     127
     101
      67
      78
      57
      64
      85
      74
      76
      80
      77
      67
      82
      79
      86
      70
      74
      88
      70
      88
      81
     103
      78
      89
      83
      84
      85
      75
      76
      73
      79
      75
      95
      72
      82
      73
      79
      60
      73
      83
      76
      71
      99
      67
      71
      75
      61
      64
      71
      67
      70
      79
      77
      74
      83
      88
      70
      70
      83
      64
      68
      66
      73
      76
      76
      69
      75
      73
      76
      72
      64
      67
      69
      77
      75
      72
      62
      67
      72
      86
      70
      77
      77
      56
      57
      67
      88
      71
      68
      60
      73
      78
      70
      66
      72
      64
      77
      70
      59
      69
      65
      74
      95
      62
      69
      81
      69
      66
      66
      67
      61
      80
      76
      76
      52
      63
      75
      62
      62
      84
      73
      71
      64
      69
      55
      57
      85
      82
      70
      80
      76
      70
      65
      66
      61
      73
      66
      74
      60
      75
      87
      64
      70
      65
      61
      87
      68
      63
      80
      62
      71
      59
      71
      74
      67
      76
      52
      70
      63
      55
      65
      56
      51
      63
      70
      54
      64
      65
      53
      71
      79
      60
      67
      63
      56
      82
      71
      67
      57
      77
      78
      89
      72
      78
      56
      51
      53
      71
      61
      46
      68
      69
      61
      76
      64
      70
      68
      68
      68
      63
      52
      75
      53
      78
      73
      69
      81
      70
      80
      73
      72
      70
      72
      70
      56
      70
      73
      74
      71
      67
      63
      59
      75
      72
      76
      65
      70
      58
      65
      66
      70
      66
      63
      70
      86
      77
      77
      83
      64
      56
      73
      75
      87
      66
      72
      80
      68
      63
      78
      64
      81
      62
      57
      72
      67
      67
      77
      58
      73
      71
      62
      68
      50
      79
      72
      76
      61
      87
      70
      74
      59
      51
      85
      78
      74
      75
      65
      65
      68
      70
      77
      81
      68
      88
      73
      75
      72
      76
      62
      74
      68
      80
      71
      67
      78
      75
      77
      68
      69
      82
      68
      76
      70
      60
      75
      73
      98
      61
      76
      69
      79
      72
      68
      77
      78
      57
      85
      70
      70
      63
      57
      61
      68
      66
      78
      71
      79
      66
      79
      72
      54
      59
      50
      90
      63
      76
      69
      73
      61
      70
      67
      77
      82
      79
      62
      79
      71
      65
      71
      78
      83
      79
      73
      77
      71
      73
      63
      60
      85
      65
      77
      87
      91
      65
      67
      67
      79
      70
      70
      69
      75
      77
      80
      72
      75
      77
      74
      76
      67
      85
      80
      71
      81
      73
      70
      83
      71
      87
      69
      71
      73
      73
      73
      75
      68
      84
      88
      72
      89
      81
      72
      84
      90
     106
      92
      95
     115
     134
     161
     175
     241
     275
     345
     443
     567
     709
     830
     881
     968
     979
     991
    1026
     944
     737
     555
     393
     276
     178
     165
     122
      93
      87
      82
      80
      81
      62
      78
      56
      68
      75
      91
      62
      85
      82
      83
      81
      80
      75
      72
      60
      76
      88
      91
      84
      84
      85
      76
      74
     104
      69
      74
      96
      87
      97
      78
      85
      98
      72
      73
      67
      87
      65
      80
      76
      76
     109
      90
      78
      82
      96
      80
      93
      67
      77
      78
      86
      91
      79
      63
      97
      79
      85
      70
      78
      88
      55
      77
      87
      92
      74
      76
      79
      68
      87
      81
      77
      90
      89
      82
      85
      94
      93
      82
      92
      70
      77
      89
      83
      95
      90
     103
      91
      93
      82
     101
      82
      90
      76
      94
      93
      87
      88
      90
      92
     105
      83
      95
      95
      94
     100
      83
     100
      83
      83
     105
      86
      87
      95
      95
     111
      87
      85
      96
      99
      90
      85
      88
      98
      98
     108
      96
      92
      97
      92
      93
      86
      74
     102
      91
      83
     107
      88
      94
     108
      91
      96
      99
      98
      91
      94
      98
     100
      86
      96
     104
      98
      93
     102
      95
      98
     101
      82
      92
      87
      82
     111
     105
      85
      98
     105
      91
     108
     100
      88
     110
      87
      97
      92
     103
      99
     108
     116
      99
      96
     116
     114
     107
     104
     110
      90
      80
      98
      97
      94
     101
      85
      98
     121
     105
     116
     106
     114
     105
     111
     100
     125
      95
      80
     108
     111
      79
     101
     103
     102
      87
      94
     105
     112
     100
     122
     104
     106
     111
      90
     123
      93
      99
     124
     101
     108
     109
     102
     104
     104
     105
     106
     112
      97
     139
     117
     119
     117
     116
     122
     104
     112
     113
     132
     100
     135
     116
     124
     130
     120
     102
     106
      92
     103
     121
     107
     106
     108
     106
     113
     118
     127
      85
     110
     116
     126
     107
     109
     109
     109
      85
     142
     117
     102
     116
     102
     107
     118
     109
     127
     123
     125
     105
     129
     131
     110
     133
     113
     133
     114
     127
     128
      98
     106
     139
     122
     124
     126
     126
     136
     121
     123
     103
     132
     129
     115
     113
     101
     126
     122
     138
     119
     105
     107
     131
     100
     114
     115
     113
     115
      99
     131
     119
     122
      94
     123
      83
     118
     104
      97
     100
      93
      85
      96
     108
      83
     101
      90
      82
     105
      93
      83
      92
      97
      94
      90
      77
      99
      84
      78
      72
      82
      66
     106
      77
      52
      71
      79
      78
      74
      65
      76
      63
      75
      69
      78
      81
      73
      78
      70
      76
      70
      57
      76
      70
      70
      73
      59
      73
      63
      71
      54
      70
      64
      68
      71
      65
      77
      85
      64
      71
      65
      72
      64
      83
      75
      82
      67
      59
      73
      69
      52
      62
      77
      80
      63
      66
      65
      68
      83
      78
      75
      64
      61
      68
      83
      57
      67
      62
      71
      74
      65
      82
      66
      62
      66
      62
      73
      64
      55
      68
      62
      56
      60
      41
      62
      72
      61
      65
      52
      58
      73
      58
      47
      62
      68
      74
      63
      67
      66
      78
      68
      75
      42
      54
      46
      64
      49
      60
      68
      65
      49
      50
      52
      58
      48
      58
      54
      56
      67
      49
      53
      61
      55
      56
      51
      66
      55
      67
      50
      62
      48
      56
      38
      59
      50
      47
      60
      67
      51
      49
      63
      64
      58
      71
      52
      58
      53
      44
      55
      48
      38
      44
      46
      43
      59
      44
      58
      49
      45
      55
      54
      53
      45
      33
      46
      40
      47
      38
      45
      38
      42
      53
      47
      52
      49
      49
      47
      54
      42
      43
      45
      36
      42
      56
      53
      43
      44
      40
      50
      39
      46
      44
      49
      42
      32
      33
      37
      41
      40
      41
      40
      47
      36
      42
      29
      44
      39
      37
      39
      43
      28
      36
      36
      44
      45
      42
      29
      30
      29
      37
      30
      44
      43
      32
      41
      28
      34
      38
      36
      38
      26
      42
      29
      27
      32
      36
      20
      30
      34
      28
      29
      26
      26
      41
      24
      30
      26
      36
      32
      20
      31
      26
      45
      28
      24
      27
      32
      35
      17
      30
      30
      22
      31
      21
      23
      23
      30
      20
      29
      21
      23
      34
      26
      20
      28
      24
      17
      31
      24
      19
      27
      18
      24
      25
      31
      24
      27
      27
      22
      22
      20
      22
      25
      26
      29
      20
      29
      24
      25
      22
      21
      27
      23
      27
      25
      28
      16
      28
      27
      19
      32
      11
      30
      15
      26
      21
      21
      22
      22
      18
      13
      21
      17
      14
      25
      16
      21
      19
      26
      21
      21
      24
      20
      18
      23
      24
      29
      16
      18
      21
      14
      19
      19
      24
      25
      16
      33
      21
      20
      12
      27
      26
      18
      25
      21
      14
      13
      16
      27
      24
      16
      22
      18
      30
      21
      18
      19
      25
      20
      18
      18
      21
      26
      21
      20
      16
      27
      11
      13
      22
      24
      22
      20
      32
      21
      25
      20
      24
      29
      24
      17
      15
      24
      22
      27
      19
      21
      22
      18
      18
      23
      19
      16
      17
      15
      18
      16
      26
      24
      20
      19
      21
      11
      17
      20
      19
      31
      19
      22
      25
      23
      22
      20
      19
      21
      27
      13
      21
      22
      19
      14
      29
      13
      18
      17
      27
      24
      24
      22
      24
      21
      20
      20
      11
      25
      21
      18
      22
      21
      23
      12
      23
      21
      16
      17
      21
      17
      20
      20
      13
      26
      28
      19
      21
      19
      24
      15
      20
      18
      20
      24
      22
      28
      28
      14
      15
      17
      18
      20
      26
      27
      31
      20
      21
      22
      22
      17
      15
      24
      18
      26
      25
      13
      14
      25
      20
      33
      23
      29
      37
      36
      38
      35
      36
      52
      57
      69
      84
     122
     183
     197
     208
     307
     387
     449
     536
     684
     860
    1114
    1426
    1628
    2003
    2211
    2343
    2547
    2543
    2595
    2587
    2533
    2476
    2089
    1665
    1324
     831
     560
     362
     306
     148
     153
     115
      61
      39
      28
      25
      23
      18
      15
      19
      18
      15
      24
      18
      19
      22
      24
      18
      17
      17
      17
      19
      13
      24
       9
      14
      14
      11
       8
      18
      20
      15
      13
      16
      15
      17
      18
      18
      18
      19
      16
      12
      15
      14
      14
      18
      13
      11
       9
      17
      15
      15
      10
      19
      16
       8
       9
      12
      19
      13
      18
      20
      12
      15
      17
      15
      17
      18
      19
      17
      16
      16
      16
      11
      14
      18
      25
      11
      14
       8
      19
      14
      16
      17
      12
      13
      15
      16
      19
      12
      13
      15
      28
      16
       6
      17
      11
      11
      16
      14
      15
      13
      16
      15
      24
      12
       9
      19
       7
      12
      18
      18
      16
      23
      18
      18
      14
      20
      21
       7
      21
      15
      20
      15
      12
      13
      15
      18
      18
      15
      17
       9
      20
      17
      14
      16
      17
      20
      18
      19
      16
      19
      12
      19
      14
      18
      13
      14
       9
      15
      19
      15
      13
      23
      10
      19
       7
      14
      13
      19
      16
      25
      10
      19
      17
       9
       9
      19
      13
      20
      15
      14
      20
      10
      20
      16
      12
      22
      17
      12
      13
      10
       9
      16
      18
       8
      19
      14
      12
      11
      19
      13
       7
      12
      19
      15
       9
      13
      11
      19
      12
      10
      16
      22
      21
      16
      14
      14
      12
      25
      12
      10
      11
      20
       9
      18
      15
       8
      23
      13
      20
      11
      17
      11
      15
      11
      21
      15
      20
      13
      18
       9
      12
      10
      20
      19
      13
       6
      11
      15
      19
      20
      18
      13
      15
      22
      14
      11
      19
      19
      12
      11
      18
      12
      11
      22
      13
      20
      13
      15
      11
       8
      23
      12
      10
      17
      12
      16
      10
      14
      17
      11
      18
      14
      20
      10
      16
      15
      19
      11
      16
      18
      10
      17
      12
      11
      22
      18
      13
      22
      14
      17
      18
      14
      18
      11
      20
      18
      12
      15
      17
      16
      12
      17
      16
      15
      11
      10
      11
      11
      22
       8
      14
      25
      17
      10
      12
      24
      20
      22
      17
      21
       9
      14
       7
       9
      10
      18
      16
       9
      16
      15
      13
      13
       7
      19
      22
      14
      13
      20
      10
      17
       8
      18
      14
      15
      15
      11
      11
      13
      12
      15
      14
      11
      14
      23
      14
      16
      18
      16
      15
      15
      19
      12
      21
      11
      14
      16
      16
      24
      18
      16
      15
      16
      12
      16
      15
      13
      10
      15
      20
      11
      15
      21
      21
      16
      17
       7
      11
      12
      18
      13
      17
      15
      15
      20
      18
      19
       8
      12
      21
      15
      16
      14
      10
      12
      12
      21
       7
      15
      12
      17
      11
      12
      16
      20
      13
      20
       7
      14
      21
      11
      20
      18
      17
      11
       9
      11
      14
      23
      15
      17
      18
      24
      22
       6
      13
      10
      15
      18
      17
      16
      17
      18
      24
      17
      13
      11
      11
      12
      17
      15
      14
      14
      19
      11
      16
      12
      19
      10
      15
      14
       9
      20
      13
      13
      19
      20
      11
      20
      13
      22
      20
      13
      16
      13
      18
      13
      17
      21
      15
      17
      18
      22
      13
      14
      17
      11
      16
      16
      19
      11
      15
      18
      12
      10
      13
      21
      14
      16
      15
      14
      12
      19
      14
      15
      15
      19
      18
      15
      14
      18
      12
      13
      21
      24
      10
       9
      10
      14
      18
      12
      13
      16
      19
      16
      17
      26
      15
      15
       9
      10
      11
      11
      18
      16
      14
      17
      10
      19
      17
      15
      23
      19
      21
      10
      19
      14
      17
      12
      20
      13
      15
      13
      18
      14
      15
      13
      16
      12
      15
      22
      17
      18
      15
      15
      11
      23
      17
      15
      15
      12
      14
      14
      16
      21
      13
      15
      21
      18
      12
      14
      18
      17
      17
      19
      10
      15
      23
      13
      24
      21
      12
      19
      13
      18
       9
      18
      10
      10
      18
      16
      19
      11
       8
      15
      16
      17
      16
      12
      23
      10
      17
      19
      13
      18
      12
      13
      17
      15
      17
      22
      24
      15
      15
      16
      10
      29
      13
      23
      14
      14
      12
       9
      17
      10
      16
      21
      23
      10
      13
      18
      13
      16
       8
       8
      12
      14
      13
       9
      16
      22
      15
      15
       9
      18
      15
      17
      20
      15
      21
       9
      19
      16
      17
      13
      20
      11
      21
      15
      23
      22
      18
      16
      25
      15
      19
      12
      20
      20
      13
      13
      13
      16
      14
      23
      12
      11
      13
      18
      26
      10
      19
      20
      17
      15
      15
      11
      17
      18
      23
      16
       9
      19
      15
      20
      17
      15
      17
      18
       8
      10
      18
      17
      21
      11
      23
      16
      19
      19
      13
      18
      15
      13
      12
      14
      16
       7
      24
      11
       9
      13
      10
      14
      13
      12
       9
      23
      18
      14
      10
      13
      15
      21
      14
      14
      14
      16
      10
       9
      22
      18
      14
      11
      17
      13
      12
      19
      15
      12
      12
      12
      19
      19
      19
      15
      13
      15
      21
      21
      21
      20
      16
      19
      14
      18
      19
      19
      20
      21
      21
       7
      17
      14
      14
      19
      18
      18
      14
      12
      14
      21
      12
      17
      14
      29
      15
      15
      17
      18
      19
      14
      13
      14
      12
      20
      17
      10
      21
      20
      22
      15
      18
      20
      12
      17
      15
      12
      12
      19
      16
      14
      15
      21
      15
      17
      17
      16
      17
      10
      20
      17
      13
      20
      13
      18
      16
      20
      21
      10
      11
      15
      22
      16
      17
      19
      12
      18
      16
      17
      18
      16
      19
      15
      13
      19
       7
      15
      19
      10
      15
      21
      13
      11
       9
       7
      23
      21
      16
      17
      22
      19
      12
      18
      15
      21
      24
      21
      26
      16
      31
      31
      29
      39
      38
      46
      55
      56
      46
      50
      81
      84
      63
      96
      94
     115
     122
     124
     101
     117
      85
      88
      98
      92
      79
     104
      78
      78
      70
      54
      46
      55
      45
      50
      36
      32
      29
      43
      37
      25
      27
      18
      23
      22
      22
      14
      15
      19
      24
      21
      22
      21
      19
      22
      20
      18
      21
      22
      22
      17
      28
      23
      24
      16
      19
      17
      23
      20
      19
      24
      28
      28
      19
      20
      20
      26
      24
      26
      23
      17
      18
      23
      26
      19
      21
      23
      21
      16
      21
      33
      26
      22
      20
      36
      20
      22
      30
      22
      18
      26
      19
      18
      28
      16
      13
      13
      22
      23
      20
      28
      21
      15
      26
      26
      25
      18
      26
      27
      20
      23
      26
      21
      32
      11
      21
      25
      23
      17
      26
      24
      19
      17
      20
      20
      18
      13
      29
      25
      24
      29
      23
      18
      16
      21
      19
      25
      18
      25
      19
      21
      17
      19
      18
      26
      20
      25
      21
      24
      22
      25
      19
      23
      16
      14
      32
      28
      21
      19
      25
      27
      27
      14
      20
      28
      22
      21
      24
      24
      20
      22
      23
      21
      27
      17
      33
      19
      22
      24
      30
      18
      24
      25
      20
      19
      21
      19
      19
      21
      20
      19
      20
      19
      22
      24
      20
      29
      21
      22
      28
      26
      20
      18
      23
      23
      19
      19
      15
      31
      16
      24
      21
      27
      25
      20
      25
      22
      22
      14
      20
      19
      23
      17
      30
      20
      27
      24
      20
      27
      19
      15
      18
      20
      26
      21
      24
      23
      17
      28
      20
      20
      25
      13
      25
      21
      28
      26
      25
      11
      27
      30
      23
      34
      21
      19
      24
      17
      18
      22
      18
      17
      23
      24
      20
      13
      22
      23
      17
      29
      20
      24
      22
      20
      31
      22
      24
      19
      16
      19
      23
      23
      22
      17
      26
      25
      21
      25
      24
      23
      24
      19
      28
      20
      19
      25
      27
      23
      22
      11
      19
      18
      23
      32
      28
      23
      19
      23
      25
      27
      19
      25
      22
      18
      26
      23
      18
      18
      20
      22
      31
      24
      29
      27
      22
      20
      26
      23
      26
      28
      21
      20
      17
      20
      16
      20
      25
      30
      27
      26
      29
      19
      23
      23
      19
      24
      20
      28
      20
      20
      22
      25
      16
      20
      21
      25
      25
      18
      21
      29
      27
      25
      16
      27
      23
      22
      15
      15
      21
      22
      25
      18
      26
      19
      39
      13
      17
      16
      14
      32
      29
      23
      19
      20
      29
      17
      26
      18
      21
      25
      26
      30
      20
      27
      19
      22
      15
      15
      22
      25
      23
      24
      25
       8
      25
      25
      24
      18
      27
      16
      25
      19
      20
      30
      24
      22
      29
      32
      26
      17
      26
      24
      22
      24
      25
      20
      24
      16
      22
      20
      20
      26
      25
      18
      28
      17
      18
      33
      30
      27
      31
      25
      27
      26
      32
      23
      21
      28
      14
      26
      38
      21
      19
      26
      18
      26
      27
      24
      27
      23
      30
      30
      24
      19
      24
      17
      22
      25
      22
      19
      23
      22
      21
      22
      27
      25
      30
      22
      33
      17
      26
      24
      16
      32
      30
      16
      28
      21
      13
      23
      21
      18
      34
      25
      18
      25
      22
      24
      18
      24
      23
      26
      29
      26
      21
      33
      22
      27
      26
      23
      30
      14
      14
      24
      24
      20
      18
      20
      18
      20
      31
      36
      27
      26
      21
      19
      18
      22
      26
      15
      22
      22
      24
      16
      22
      25
      30
      23
      26
      37
      22
      30
      26
      28
      18
      32
      21
      21
      26
      17
      27
      26
      24
      24
      30
      27
      26
      27
      19
      28
      23
      26
      27
      32
      21
      22
      20
      22
      23
      30
      19
      24
      30
      33
      19
      23
      29
      22
      26
      24
      28
      25
      30
      23
      18
      29
      23
      27
      25
      37
      27
      28
      26
      37
      30
      18
      25
      25
      30
      22
      30
      17
      22
      23
      21
      24
      19
      24
      26
      31
      30
      26
      22
      22
      23
      16
      30
      31
      24
      19
      17
      25
      26
      35
      22
      25
      28
      20
      20
      26
      21
      23
      25
      31
      16
      27
      25
      18
      27
      22
      34
      23
      19
      16
      27
      26
      19
      31
      28
      21
      23
      33
      28
      21
      17
      18
      24
      28
      22
      36
      29
      33
      30
      18
      23
      24
      26
      14
      27
      21
      24
      23
      18
      24
      24
      23
      25
      22
      19
      21
      31
      27
      24
      23
      25
      28
      28
      29
      20
      28
      25
      17
      23
      26
      27
      21
      19
      30
      22
      27
      32
      34
      20
      16
      25
      27
      22
      29
      28
      18
      27
      32
      24
      21
      28
      20
      21
      28
      28
      33
      22
      30
      37
      27
      22
      27
      26
      30
      26
      32
      28
      24
      25
      28
      25
      26
      27
      23
      33
      33
      28
      20
      34
      29
      31
      32
      33
      34
      30
      26
      30
      34
      29
      26
      23
      16
      22
      30
      31
      31
      28
      21
      26
      26
      16
      29
      25
      35
      16
      27
      28
      31
      29
      22
      27
      29
      34
      28
      22
      34
      25
      25
      29
      29
      23
      27
      25
      27
      31
      30
      42
      26
      16
      29
      37
      29
      31
      27
      22
      32
      20
      32
      28
      19
      28
      30
      32
      29
      29
      29
      32
      36
      26
      30
      35
      18
      27
      24
      26
      42
      24
      29
      23
      40
      27
      24
      23
      18
      20
      26
      26
      24
      19
      29
      23
      28
      35
      35
      32
      26
      30
      39
      22
      38
      30
      25
      30
      30
      27
      27
      28
      33
      25
      28
      38
      35
      27
      29
      39
      29
      17
      29
      23
      31
      27
      25
      25
      28
      29
      29
      20
      25
      23
      32
      42
      31
      24
      24
      21
      33
      26
      22
      31
      30
      24
      22
      20
      29
      24
      23
      28
      28
      25
      20
      21
      21
      24
      25
      21
      21
      17
      23
      39
      31
      23
      25
      16
      12
      15
      29
      25
      19
      26
      20
      25
      29
      20
      29
      23
      30
      37
      29
      26
      28
      24
      29
      22
      23
      24
      30
      33
      26
      20
      26
      24
      33
      22
      26
      19
      36
      23
      17
      29
      28
      27
      36
      17
      32
      23
      21
      21
      28
      21
      29
      24
      29
      30
      24
      32
      24
      28
      24
      25
      37
      23
      28
      23
      26
      24
      40
      17
      27
      26
      20
      31
      18
      26
      27
      29
      23
      25
      23
      28
      20
      27
      28
      34
      27
      16
      30
      24
      33
      32
      28
      27
      25
      31
      35
      27
      20
      21
      15
      21
      29
      30
      32
      24
      27
      29
      24
      24
      25
      29
      33
      24
      18
      19
      20
      29
      24
      36
      22
      23
      24
      31
      32
      37
      19
      37
      22
      25
      20
      31
      27
      28
      26
      17
      25
      31
      18
      24
      25
      20
      27
      24
      29
      18
      29
      35
      22
      32
      20
      27
      23
      25
      30
      29
      31
      28
      27
      29
      21
      24
      32
      23
      26
      23
      35
      34
      26
      22
      23
      25
      22
      17
      24
      20
      34
      16
      22
      32
      16
      35
      26
      24
      21
      37
      31
      34
      25
      33
      28
      24
      33
      24
      21
      23
      20
      30
      33
      33
      23
      20
      37
      22
      28
      24
      26
      39
      32
      29
      21
      24
      26
      26
      21
      24
      23
      17
      22
      21
      29
      22
      17
      31
      21
      28
      30
      27
      26
      25
      28
      29
      32
      29
      32
      26
      20
      22
      24
      24
      23
      37
      26
      24
      21
      19
      30
      26
      32
      27
      30
      26
      39
      31
      26
      30
      25
      25
      19
      27
      24
      30
      28
      28
      18
      30
      22
      30
      25
      37
      28
      27
      33
      33
      26
      30
      22
      24
      31
      29
      19
      26
      32
      33
      19
      30
      18
      16
      27
      15
      13
      34
      24
      19
      22
      29
      22
      29
      29
      30
      27
      22
      30
      29
      24
      35
      21
      30
      35
      28
      26
      19
      32
      22
      22
      27
      20
      38
      26
      25
      29
      23
      22
      33
      23
      30
      38
      30
      26
      26
      26
      28
      25
      22
      25
      32
      37
      28
      25
      25
      24
      22
      31
      17
      31
      35
      26
      25
      22
      26
      29
      22
      29
      30
      19
      33
      33
      18
      28
      26
      31
      34
      22
      33
      27
      22
      32
      31
      32
      42
      45
      39
      50
      32
      39
      55
      63
      44
      51
      51
      76
      64
      66
      70
      80
      97
      82
     102
     121
     122
     141
     137
     140
     146
     172
     133
     169
     139
     169
     137
     158
     154
     160
     160
     141
     144
     116
     122
     108
     106
      77
      69
      82
      59
      56
      48
      43
      48
      34
      50
      40
      35
      28
      32
      52
      30
      29
      28
      25
      29
      30
      31
      27
      32
      30
      33
      29
      32
      32
      25
      33
      30
      33
      34
      37
      43
      45
      29
      25
      18
      35
      28
      35
      26
      29
      33
      32
      32
      34
      28
      36
      29
      30
      41
      25
      35
      33
      38
      28
      23
      30
      30
      32
      32
      43
      27
      28
      33
      24
      30
      36
      33
      30
      31
      27
      35
      29
      44
      38
      32
      41
      28
      31
      45
      24
      24
      35
      35
      32
      32
      34
      31
      31
      33
      29
      35
      40
      30
      48
      20
      37
      39
      27
      32
      38
      42
      22
      42
      22
      27
      31
      44
      34
      32
      39
      40
      29
      23
      27
      34
      35
      37
      27
      32
      38
      33
      34
      24
      36
      36
      39
      47
      47
      34
      36
      27
      33
      38
      31
      28
      37
      29
      40
      25
      38
      35
      45
      31
      36
      36
      37
      32
      41
      34
      29
      40
      31
      41
      33
      25
      31
      31
      38
      26
      44
      35
      36
      34
      37
      31
      31
      37
      38
      27
      34
      34
      33
      41
      50
      27
      37
      27
      45
      34
      37
      32
      35
      24
      39
      38
      28
      24
      45
      22
      30
      32
      34
      25
      25
      28
      33
      33
      42
      39
      23
      38
      31
      36
      30
      36
      36
      37
      36
      31
      38
      43
      38
      35
      38
      47
      29
      44
      30
      34
      39
      37
      37
      28
      47
      34
      30
      28
      37
      32
      42
      44
      34
      33
      23
      38
      35
      45
      38
      25
      34
      30
      46
      47
      32
      29
      39
      26
      38
      46
      38
      37
      40
      45
      39
      28
      31
      27
      40
      30
      27
      44
      27
      38
      38
      44
      47
      35
      25
      32
      35
      37
      37
      34
      48
      37
      24
      31
      33
      34
      45
      46
      39
      32
      38
      40
      48
      39
      36
      44
      34
      29
      34
      45
      34
      46
      38
      37
      44
      38
      43
      37
      36
      28
      33
      33
      46
      45
      45
      32
      46
      34
      40
      52
      35
      45
      32
      34
      46
      45
      48
      30
      43
      39
      37
      37
      51
      45
      41
      35
      33
      38
      54
      33
      55
      35
      35
      43
      40
      34
      44
      31
      37
      44
      36
      31
      44
      30
      43
      35
      34
      37
      41
      44
      29
      44
      36
      34
      41
      35
      50
      41
      39
      37
      54
      28
      38
      44
      41
      38
      38
      31
      39
      40
      34
      39
      47
      55
      46
      52
      41
      41
      45
      40
      33
      43
      38
      38
      40
      39
      37
      38
      38
      40
      32
      44
      50
      48
      39
      35
      39
      45
      40
      47
      35
      47
      49
      40
      34
      33
      40
      46
      41
      40
      40
      38
      31
      60
      43
      48
      48
      34
      50
      45
      37
      57
      47
      50
      50
      46
      38
      41
      51
      50
      42
      42
      43
      55
      59
      37
      47
      37
      53
      43
      37
      41
      42
      48
      49
      42
      40
      46
      39
      35
      49
      48
      31
      52
      45
      44
      54
      47
      51
      41
      44
      50
      49
      54
      49
      40
      52
      39
      46
      57
      44
      39
      39
      51
      36
      48
      49
      30
      53
      54
      42
      49
      63
      40
      44
      54
      40
      45
      45
      66
      54
      52
      46
      44
      51
      50
      58
      52
      38
      54
      43
      31
      37
      51
      38
      51
      58
      45
      47
      59
      59
      54
      50
      53
      46
      50
      47
      54
      55
      44
      44
      50
      35
      48
      59
      45
      48
      46
      50
      43
      44
      58
      59
      54
      51
      40
      53
      51
      45
      61
      52
      42
      49
      55
      53
      36
      50
      53
      52
      38
      45
      50
      52
      53
      52
      55
      42
      50
      39
      58
      55
      52
      48
      64
      55
      52
      39
      57
      53
      43
      50
      66
      49
      57
      45
      45
      48
      46
      56
      50
      57
      51
      68
      57
      49
      54
      52
      61
      55
      64
      54
      60
      56
      43
      57
      46
      52
      55
      57
      64
      42
      62
      50
      50
      55
      58
      56
      57
      38
      37
      53
      52
      63
      60
      43
      47
      60
      58
      63
      66
      59
      66
      62
      58
      56
      59
      52
      43
      58
      52
      63
      59
      68
      64
      64
      53
      62
      62
      63
      52
      60
      46
      61
      65
      58
      59
      51
      49
      59
      68
      41
      52
      61
      59
      54
      68
      60
      54
      52
      54
      56
      50
      46
      65
      55
      36
      46
      45
      57
      38
      48
      48
      46
      50
      56
      36
      47
      48
      57
      49
      45
      41
      46
      47
      52
      46
      41
      54
      57
      39
      53
      41
      47
      46
      43
      55
      41
      47
      38
      34
      37
      43
      37
      43
      42
      35
      43
      29
      30
      37
      34
      28
      35
      42
      35
      29
      36
      32
      33
      32
      31
      33
      54
      33
      31
      37
      29
      34
      37
      31
      43
      32
      43
      30
      35
      39
      30
      19
      35
      37
      35
      27
      37
      45
      32
      32
      31
      37
      32
      34
      39
      37
      26
      29
      34
      29
      41
      34
      29
      34
      31
      32
      38
      38
      35
      36
      30
      29
      34
      32
      36
      39
      39
      34
      37
      22
      35
      29
      36
      32
      16
      40
      33
      31
      37
      31
      34
      36
      29
      40
      34
      36
      32
      29
      41
      28
      31
      34
      33
      25
      33
      41
      28
      37
      31
      31
      37
      32
      22
      32
      42
      26
      35
      28
      29
      26
      34
      31
      25
      17
      37
      33
      27
      29
      17
      35
      26
      28
      38
      23
      25
      21
      29
      24
      25
      25
      30
      21
      24
      32
      24
      31
      34
      25
      36
      19
      23
      27
      22
      27
      18
      19
      31
      31
      19
      27
      26
      26
      16
      27
      28
      32
      31
      30
      19
      25
      25
      18
      25
      26
      24
      28
      28
      27
      15
      42
      21
      20
      20
      20
      20
      18
      24
      29
      29
      13
      19
      27
      29
      26
      26
      20
      16
      21
      16
      31
      14
      18
      17
      20
      25
      18
      22
      19
      16
      21
      20
      15
      17
      21
      18
      22
      18
      19
      19
      20
      31
      22
      29
      18
      25
      18
      11
      17
      14
      14
      15
      19
      22
      19
      14
      22
      14
       7
      15
      19
      15
      10
      12
      17
      26
      14
       9
      16
      14
      12
      13
      14
      16
      17
      21
      12
      16
      21
      18
      13
      12
      16
      13
      19
      22
      13
      12
      15
       7
      12
      10
      12
      14
      14
      14
       2
      10
      12
      14
       9
      13
      12
      11
      15
       6
      15
      12
      10
      15
      10
       7
      16
       7
       6
      11
      10
      10
       9
       8
       9
       8
      10
      11
      11
      14
       9
       9
      12
       5
       6
      10
      10
      10
       2
      12
       6
      10
      11
      11
      11
       6
       6
       6
       9
       7
       6
       2
       5
       6
      11
       6
       8
       8
       7
      10
       8
       5
       8
       9
       3
       7
       9
       2
       4
       6
       7
       7
       5
       4
       5
      10
       7
       7
      10
       6
      10
       8
       2
       9
       4
       3
      12
       8
       5
       4
       3
       5
       4
       7
       3
       3
       2
       6
       1
       7
       2
       3
       2
       5
       3
       5
       3
       4
       6
       5
       4
       7
       5
       4
       8
       4
       6
       4
       4
       6
       6
       3
       2
       6
       4
       4
       4
       5
       7
       2
       3
       6
       6
       2
       9
       7
       5
       5
       4
       6
       3
       7
       5
       3
       3
       2
       4
       7
       3
       5
       4
       3
       3
       3
       8
       6
       6
       3
       3
       5
       6
       7
       4
       2
       6
       4
       1
       3
       4
       4
       2
       7
       6
       3
       3
       2
       6
       7
       5
       2
       5
       2
       6
       7
       3
       4
       6
       4
       3
       4
       6
       3
       6
       3
       3
       4
       4
       2
       7
       3
       7
       3
       4
       6
       7
       3
       5
       3
       3
       5
       2
       4
       3
       2
       6
       3
       2
       6
       4
       5
       3
       6
       3
       7
       3
       3
       0
       6
       4
       4
       4
       6
       4
       4
       3
       7
       6
       6
       5
       4
       5
       7
       6
       8
       5
       8
       6
       8
       8
       6
       7
       8
       4
       7
      15
      15
      14
      17
      15
      19
      31
      31
      24
      30
      35
      46
      48
      73
      56
      73
      76
      84
      96
     102
     110
     127
     140
     184
     178
     241
     259
     285
     321
     390
     460
     502
     525
     507
     557
     584
     640
     597
     627
     662
     707
     708
     716
     769
     767
     769
     813
     795
     768
     819
     675
     600
     529
     406
     305
     236
     158
     116
     107
     102
      71
      74
      56
      60
      55
      37
      29
      21
      13
      12
       5
       5
       5
       2
       5
       2
       0
       0
       1
       0
       2
       2
       0
       0
       4
       0
       1
       1
       2
       1
       6
       0
       1
       3
       2
       1
       2
       0
       2
       1
       1
       2
       1
       1
       0
       2
       3
       1
       2
       0
       0
       3
       2
       0
       1
       2
       1
       1
       0
       0
       3
       1
       0
       0
       2
       1
       1
       1
       1
       0
       2
       1
       1
       1
       1
       2
       2
       1
       0
       2
       1
       1
       3
       3
       4
       1
       1
       1
       3
       2
       1
       3
       0
       1
       1
       0
       1
       0
       1
       1
       0
       0
       0
       1
       1
       0
       0
       2
       1
       1
       2
       4
       0
       3
       3
       3
       1
       0
       2
       2
       0
       0
       2
       1
       1
       1
       2
       1
       2
       2
       1
       0
       0
       0
       1
       3
       1
       0
       0
       4
       1
       1
       0
       1
       0
       2
       1
       1
       3
       2
       1
       1
       4
       2
       1
       2
       1
       1
       2
       1
       0
       0
       2
       3
       1
       0
       0
       0
       1
       0
       0
       1
       0
       2
       0
       3
       1
       2
       0
       1
       2
       1
       0
       1
       0
       0
       2
       2
       0
       4
       1
       0
       0
       0
       0
       3
       0
       2
       0
       1
       2
       2
       3
       3
       0
       0
       0
       2
       0
       1
       2
       1
       4
       2
       1
       1
       1
       0
       1
       3
       1
       1
       0
       1
       0
       3
       0
       2
       2
       0
       2
       2
       2
       3
       2
       1
       2
       1
       1
       0
       0
       1
       0
       1
       1
       1
       0
       1
       0
       0
       0
       0
       2
       0
       1
       1
       2
       0
       1
       0
       2
       0
       2
       2
       1
       1
       2
       2
       1
       1
       1
       1
       2
       0
       0
       0
       0
       0
       3
       1
       1
       1
       2
       0
       2
       4
       0
       1
       0
       1
       0
       2
       1
       1
       0
       0
       1
       0
       3
       1
       0
       0
       1
       0
       1
       0
       0
       1
       0
       1
       1
       0
       1
       0
       0
       0
       2
       2
       1
       1
       0
       0
       0
       0
       1
       1
       0
       1
       3
       0
       0
       0
       1
       3
       1
       0
       1
       1
       1
       2
       0
       0
       1
       4
       1
       2
       1
       0
       0
       0
       1
       1
       1
       2
       0
       1
       0
       0
       1
       2
       0
       0
       0
       1
       0
       0
       0
       2
       2
       0
       1
       1
       2
       0
       1
       0
       0
       1
       1
       1
       1
       1
       2
       0
       0
       0
       1
       1
       1
       0
       0
       0
       1
       0
       1
       0
       2
       0
       2
       3
       0
       1
       0
       0
       2
       0
       1
       0
       0
       0
       0
       0
       0
       2
       0
       0
       1
       0
       2
       2
       1
       1
       1
       1
       2
       1
       0
       0
       0
       1
       0
       0
       0
       0
       0
       2
       1
       0
       1
       1
       0
       0
       1
       2
       2
       1
       1
       0
       2
       1
       1
       2
       0
       0
       1
       0
       1
       1
       0
       1
       2
       1
       0
       1
       0
       2
       0
       0
       0
       1
       0
       1
       2
       2
       0
       0
       0
       0
       1
       0
       1
       0
       0
       0
       1
       0
       0
       0
       0
       0
       0
       0
       2
       1
       2
       0
       3
       0
       0
       0
       1
       3
       1
       0
       0
       0
       1
       2
       2
       2
       1
       0
       0
       2
       2
       0
       1
       1
       0
       0
       1
       1
       0
       1
       0
       0
       0
       2
       2
       1
       1
       2
       1
       0
       0
       0
       1
       0
       0
       2
       1
       0
       2
       3
       0
       1
       0
       0
       0
       0
       1
       0
       0
       0
       0
       1
       1
       1
       1
       1
       0
       1
       0
       0
       0
       1
       0
       3
       0
       0
       1
       0
       0
       1
       0
       0
       1
       0
       0
       0
       1
       2
       3
       0
       0
       2
       1
       1
       0
       0
       0
       1
       0
       0
       2
       3
       1
       0
       1
       0
       2
       0
       1
       0
       1
       1
       2
       0
       1
       1
       0
       2
       0
       0
       1
       0
       3
       1
       1
       0
       2
       0
       2
       1
       0
       1
       1
       2
       0
       0
       0
       0
       0
       2
       0
       2
       5
       0
       0
       1
       2
       0
       0
       1
       2
       0
       2
       0
       0
       3
       1
       0
       2
       2
       1
       1
       1
       0
       1
       1
       2
       3
       0
       1
       0
       0
       0
       1
       1
       1
       0
       0
       0
       0
       0
       0
       0
       1
       0
       2
       1
       2
       0
       0
       0
       1
       1
       2
       1
       1
       1
       0
       0
       1
       0
       2
       0
       1
       0
       1
       0
       0
       2
       0
       3
       1
       0
       1
       0
       1
       1
       0
       1
       2
       1
       1
       0
       0
       0
       1
       1
       1
       0
       0
       0
       1
       2
       2
       0
       1
       1
       0
       0
       0
       0
       0
       1
       0
       1
       1
       0
       0
       1
       0
       1
       0
       0
       1
       0
       0
       1
       0
       1
       1
       1
       1
       0
       0
       0
       0
       0
       0
       0
       0
       0
       0
       1
       1
       2
       1
       0
       3
       0
       0
       1
       0
       1
       3
       1
       0
       1
       0
       2
       1
       2
       0
       0
       1
       5
       2
       1
       0
       0
       1
       1
       1
       1
       1
       0
       0
       0
       0
       0
       0
       2
       0
       1
       1
       2
       0
       1
       0
       1
       0
       0
       1
       1
       0
       0
       0
       2
       1
       0
       0
       1
       0
       1
       0
       0
       1
       1
       0
       3
       0
       1
       0
       1
       1
       3
       0
       1
       2
       1
       0
       0
       1
       2
       0
       0
       1
       2
       1
       1
       2
       1
       1
       1
       1
       1
       0
       0
       3
       1
       1
       1
       1
       1
       1
       0
       1
       0
       1
       1
       0
       0
       0
       0
       2
       1
       2
       2
       2
       2
       0
       0
       1
       0
       0
       1
       2
       0
       0
       0
       1
       0
       0
       1
       0
       2
       3
       1
       0
       0
       0
       0
       1
       0
       0
       0
       0
       1
       0
       1
       0
       0
       0
       0
       1
       0
       0
       0
       1
       0
       1
       1
       0
       0
       0
       0
       2
       0
       1
       0
       0
       1
       1
       0
       1
       1
       1
       0
       2
       1
       1
       0
       0
       0
       1
       1
       3
       0
       0
       0
       0
       2
       1
       1
       0
       0
       0
       1
       0
       1
       1
       1
       0
       0
       0
       1
       0
       1
       0
       1
       1
       0
       2
       1
       0
       0
       1
       0
       1
       0
       0
       0
       0
       0
       0
       1
       0
       0
       1
       0
       1
       0
       0
       0
       0
       0
       1
       0
       0
       0
       1
       1
       0
       0
       1
       0
       0
       0
       0
       1
       0
       0
       0
       1
       1
       0
       0
       0
       0
       0
       0
       1
       1
       0
       1
       0
       0
       0
       0
       1
       0
       2
       2
       2
       0
       0
       0
       0
       2
       1
       2
       0
       3
       0
       0
       0
       0
       1
       1
       2
       0
       1
       0
       0
       0
       0
       1
       0
       0
       0
       0
       0
       0
       0
       0
       0
       0
       0
       1
       0
       0
       0
       0
       0
       0
       0
       0
       0
       0
       0
       0
       1
       0
       0
       0
       0
       0
       0
       0
       0
       0
       0
       0
       0
       0
       0
       0
       0
       0
       0
       0
       0
       0
       0
       0
       0
       0
       0
       0
       0
       0
       0
       0
       0
       0
       0
       0
       0
       0
       0
       0
       0
       0
       0
       0
       0
       0
       0
       0
       0
       0
       0
       0
       0
       0
       0
       0
       0
       0
       0
       0
       0
       0
       0
       0
       0
       0
       0
       0
       0
       0
       0
       0
       0
       0
       0
       0
       0
       0
       0
       0
       0
       0
       0
       0
       0
       0
       0
       0
       0
       0
       0
       0
       0
       0
       0
       0
       0
       0
       0
       0
       0
       0
       0
       0
       0
       0
       0
       0
       0
       0
       0
       0
       0
       0
       0
       0
       0
       0
       0
       0
       0
       0
       0
       0
       0
       0
       0
       0
       0
       0
       0
       0
       0
       0
       0
       0
       0
       0
       0
       0
       0
       0
       0
       0
       0
       0
       0
       0
       0
       0
       0
       0
       0
       0
       0
       0
       0
       0
$ROI:
24
43 57
143 159
196 212
298 314
354 370
455 478
509 527
607 627
687 707
750 770
857 879
886 908
981 1003
1652 1680
1940 1984
2242 2276
2410 2444
2500 2534
2714 2752
2779 2839
2910 2975
3330 3374
3517 3563
4577 4648
$PRESETS:
None
0
0
$ENER_FIT:
-0.400801 0.397322
$MCA_CAL:
3
-4.008010E-001 3.973216E-001 -1.307090E-010 keV
$SHAPE_CAL:
3
2.969388E+000 2.442717E-003 8.917358E-008
