$SPEC_ID:
Pulser
$SPEC_REM:
DET# 2
DETDESC# DETECTOR 2
AP# GammaVision Version 7.01.03
$DATE_MEA:
04/26/2017 01:42:49
$MEAS_TIM:
53 63
$DATA:
0 8191
       0
       0
       0
       0
       0
       0
       0
       0
       0
       0
       0
       0
       0
       0
       0
       0
       0
       0
       0
       0
       0
       0
       0
      30
     808
     913
     546
     460
     424
     449
     419
     445
     428
     475
     485
     476
     485
     499
     496
     474
     484
     475
     491
     497
     525
     559
     506
     525
     532
     468
     517
     535
     520
     497
     514
     524
     522
     507
     526
     527
     512
     552
     552
     519
     526
     533
     471
     527
     494
     507
     490
     516
     510
     484
     508
     518
     522
     482
     439
     516
     497
     497
     489
     527
     494
     481
     504
     500
     472
     463
     533
     465
     464
     463
     450
     446
     425
     445
     466
     457
     471
     434
     426
     454
     428
     441
     469
     461
     430
     405
     457
     434
     460
     416
     430
     412
     408
     416
     391
     448
     412
     419
     413
     458
     429
     429
     389
     435
     438
     375
     410
     404
     420
     392
     404
     404
     417
     448
     422
     389
     393
     408
     392
     367
     395
     379
     402
     430
     407
     407
     402
     368
     376
     372
     385
     368
     426
     386
     411
     369
     388
     381
     377
     365
     358
     378
     395
     408
     371
     394
     341
     364
     377
     409
     355
     390
     381
     323
     372
     413
     395
     378
     426
     433
     480
     435
     419
     464
     550
     435
     456
     409
     448
     358
     385
     382
     371
     337
     355
     324
     368
     354
     357
     371
     368
     358
     370
     346
     317
     369
     329
     355
     383
     412
     363
     328
     338
     376
     332
     359
     358
     344
     341
     338
     345
     335
     324
     322
     310
     334
     297
     333
     377
     343
     335
     356
     331
     314
     310
     336
     330
     312
     310
     330
     294
     344
     357
     331
     297
     312
     325
     331
     358
     348
     333
     312
     359
     338
     327
     323
     312
     330
     313
     333
     311
     319
     304
     323
     294
     320
     315
     323
     327
     308
     324
     301
     333
     315
     272
     309
     316
     306
     299
     308
     320
     329
     344
     314
     340
     331
     325
     315
     318
     297
     300
     309
     314
     284
     276
     316
     285
     259
     330
     303
     311
     324
     296
     286
     284
     331
     287
     306
     297
     332
     315
     322
     298
     336
     316
     287
     322
     327
     314
     347
     322
     279
     357
     316
     327
     304
     330
     331
     271
     274
     338
     312
     291
     318
     319
     301
     297
     273
     321
     304
     307
     280
     353
     343
     285
     302
     300
     326
     312
     313
     277
     301
     312
     335
     302
     290
     287
     290
     278
     282
     315
     298
     283
     290
     278
     321
     279
     306
     279
     312
     291
     302
     289
     286
     289
     304
     287
     297
     281
     310
     265
     325
     296
     321
     305
     288
     326
     282
     267
     303
     277
     284
     286
     288
     282
     295
     282
     279
     258
     306
     280
     317
     300
     286
     302
     279
     281
     297
     266
     273
     270
     291
     315
     282
     270
     305
     303
     318
     304
     289
     276
     310
     311
     406
     469
     541
     554
     563
     518
     440
     454
     358
     331
     318
     301
     298
     293
     283
     272
     316
     277
     281
     283
     278
     300
     302
     303
     288
     271
     262
     326
     313
     267
     298
     317
     266
     256
     266
     311
     287
     295
     309
     276
     279
     288
     267
     266
     265
     314
     295
     278
     291
     295
     276
     282
     272
     274
     262
     319
     261
     296
     298
     293
     299
     295
     300
     310
     311
     278
     293
     303
     315
     296
     304
     294
     301
     305
     306
     314
     315
     305
     311
     314
     325
     321
     308
     315
     311
     343
     306
     320
     345
     308
     302
     317
     304
     310
     324
     308
     287
     301
     312
     308
     334
     327
     323
     299
     321
     326
     324
     301
     313
     304
     315
     342
     325
     332
     347
     339
     322
     334
     349
     336
     343
     333
     351
     319
     363
     353
     354
     358
     361
     375
     369
     357
     364
     326
     336
     336
     338
     356
     310
     322
     340
     343
     357
     324
     287
     374
     304
     370
     320
     320
     349
     332
     364
     317
     330
     324
     320
     327
     324
     353
     308
     340
     322
     331
     304
     312
     336
     339
     350
     316
     307
     330
     349
     326
     350
     349
     349
     348
     286
     334
     352
     337
     322
     329
     321
     341
     340
     324
     299
     313
     306
     323
     325
     318
     343
     323
     314
     301
     309
     308
     302
     320
     325
     336
     311
     329
     282
     293
     323
     299
     307
     299
     325
     292
     272
     310
     325
     292
     320
     311
     296
     281
     308
     311
     285
     263
     318
     304
     319
     315
     341
     282
     283
     295
     309
     313
     294
     297
     290
     289
     286
     269
     300
     319
     311
     290
     311
     293
     308
     309
     297
     302
     295
     285
     289
     252
     287
     302
     316
     281
     296
     250
     317
     281
     260
     297
     289
     327
     307
     280
     300
     254
     252
     288
     287
     301
     284
     307
     289
     287
     277
     261
     274
     297
     316
     288
     258
     286
     271
     272
     279
     268
     304
     254
     248
     281
     266
     297
     294
     283
     285
     276
     262
     310
     286
     274
     293
     303
     290
     268
     274
     259
     293
     269
     280
     276
     282
     273
     262
     287
     293
     290
     274
     261
     253
     246
     267
     276
     249
     263
     246
     277
     281
     256
     272
     284
     259
     289
     279
     291
     254
     277
     263
     246
     288
     279
     257
     266
     268
     265
     259
     260
     288
     283
     263
     251
     273
     254
     236
     254
     231
     270
     286
     269
     263
     255
     253
     280
     240
     289
     260
     275
     285
     241
     262
     244
     248
     262
     245
     248
     252
     274
     263
     276
     257
     260
     246
     240
     241
     290
     279
     273
     251
     237
     261
     235
     278
     247
     272
     246
     264
     270
     279
     285
     265
     266
     283
     239
     267
     264
     248
     235
     248
     249
     257
     269
     251
     267
     257
     246
     274
     261
     269
     247
     275
     259
     232
     248
     240
     247
     246
     250
     235
     255
     256
     256
     290
     260
     238
     297
     256
     238
     257
     242
     273
     302
     283
     266
     294
     252
     241
     245
     264
     241
     246
     245
     268
     258
     237
     249
     246
     252
     259
     259
     263
     260
     242
     242
     249
     226
     258
     239
     228
     247
     288
     233
     251
     242
     252
     241
     232
     221
     229
     262
     244
     264
     215
     235
     275
     248
     239
     235
     244
     264
     230
     257
     244
     223
     270
     262
     268
     237
     236
     233
     253
     231
     258
     264
     250
     259
     215
     263
     264
     223
     243
     271
     265
     254
     243
     217
     226
     224
     231
     239
     238
     269
     243
     229
     247
     265
     267
     259
     246
     245
     241
     260
     234
     265
     271
     240
     244
     238
     242
     263
     237
     242
     227
     245
     228
     207
     210
     244
     241
     260
     264
     273
     260
     257
     245
     229
     238
     241
     261
     251
     227
     225
     234
     233
     220
     259
     259
     245
     239
     248
     254
     242
     248
     256
     237
     252
     244
     243
     236
     259
     234
     216
     231
     234
     249
     272
     231
     250
     247
     246
     231
     220
     249
     252
     248
     232
     244
     244
     267
     211
     226
     241
     233
     255
     230
     230
     233
     245
     233
     249
     236
     258
     226
     257
     243
     254
     255
     208
     235
     272
     243
     278
     254
     258
     217
     233
     245
     228
     239
     199
     256
     245
     222
     247
     225
     244
     229
     226
     252
     242
     263
     247
     237
     254
     251
     237
     238
     254
     240
     224
     227
     208
     224
     225
     225
     235
     268
     268
     227
     244
     269
     240
     249
     226
     271
     236
     238
     253
     252
     221
     241
     229
     238
     234
     231
     248
     209
     261
     214
     231
     235
     238
     237
     233
     219
     226
     247
     225
     229
     243
     263
     255
     255
     223
     289
     226
     235
     239
     242
     226
     241
     258
     230
     248
     239
     242
     246
     223
     253
     242
     246
     226
     241
     245
     212
     233
     231
     251
     223
     222
     235
     215
     236
     227
     259
     250
     262
     248
     235
     218
     221
     240
     252
     258
     233
     251
     254
     240
     244
     246
     223
     196
     243
     279
     208
     234
     237
     246
     246
     199
     206
     215
     252
     219
     226
     233
     244
     230
     233
     237
     255
     219
     229
     218
     218
     237
     231
     258
     240
     245
     209
     253
     214
     224
     205
     237
     243
     233
     211
     210
     259
     232
     233
     244
     251
     239
     242
     232
     247
     257
     226
     256
     250
     239
     226
     238
     229
     216
     213
     222
     240
     219
     248
     249
     245
     232
     225
     224
     212
     248
     239
     222
     205
     218
     244
     229
     228
     227
     234
     232
     225
     230
     240
     235
     234
     256
     213
     263
     264
     240
     209
     243
     234
     240
     230
     211
     223
     229
     235
     213
     228
     233
     233
     254
     251
     263
     228
     248
     274
     266
     312
     297
     357
     371
     406
     393
     406
     426
     392
     365
     336
     335
     303
     285
     268
     259
     271
     276
     239
     252
     224
     227
     245
     242
     225
     217
     243
     249
     226
     248
     256
     265
     236
     258
     235
     263
     233
     241
     218
     214
     240
     260
     244
     241
     220
     237
     233
     262
     232
     218
     256
     253
     271
     231
     248
     233
     216
     239
     254
     218
     209
     244
     252
     216
     246
     232
     250
     257
     250
     245
     231
     253
     251
     222
     238
     236
     262
     261
     258
     232
     259
     239
     251
     228
     233
     241
     249
     228
     260
     246
     247
     226
     251
     278
     256
     273
     270
     247
     243
     277
     246
     246
     228
     232
     275
     236
     213
     230
     253
     259
     252
     238
     239
     258
     203
     236
     237
     270
     256
     233
     231
     227
     250
     236
     236
     243
     207
     225
     243
     221
     248
     248
     240
     219
     251
     257
     253
     259
     233
     229
     266
     255
     227
     220
     241
     249
     271
     257
     258
     245
     242
     253
     242
     257
     248
     256
     247
     245
     253
     265
     275
     230
     236
     248
     244
     247
     264
     263
     286
     253
     240
     250
     246
     254
     257
     256
     259
     243
     228
     253
     248
     242
     296
     278
     253
     233
     261
     243
     283
     242
     231
     256
     249
     260
     236
     252
     232
     281
     252
     268
     288
     272
     261
     258
     255
     248
     275
     250
     271
     282
     248
     311
     252
     265
     257
     275
     241
     260
     236
     220
     288
     237
     304
     273
     247
     262
     264
     277
     281
     268
     251
     270
     311
     261
     251
     260
     280
     265
     277
     291
     264
     261
     254
     261
     282
     276
     273
     286
     280
     272
     263
     268
     259
     274
     265
     279
     277
     267
     313
     275
     280
     286
     265
     300
     275
     263
     266
     300
     275
     263
     271
     304
     271
     303
     258
     261
     323
     268
     292
     243
     281
     311
     284
     301
     302
     322
     294
     298
     275
     276
     290
     289
     296
     280
     271
     318
     296
     298
     307
     301
     300
     272
     293
     290
     281
     297
     297
     302
     277
     290
     294
     295
     324
     297
     280
     316
     294
     313
     275
     281
     264
     306
     281
     324
     317
     338
     307
     297
     287
     292
     327
     273
     287
     284
     258
     301
     287
     322
     312
     307
     287
     276
     281
     283
     278
     292
     290
     286
     266
     289
     304
     276
     276
     248
     280
     297
     267
     275
     253
     266
     253
     256
     222
     261
     233
     237
     257
     262
     249
     239
     261
     267
     255
     236
     243
     241
     251
     227
     241
     227
     229
     217
     211
     230
     201
     247
     230
     253
     234
     227
     235
     244
     235
     230
     201
     243
     226
     226
     240
     219
     214
     244
     239
     196
     211
     205
     228
     215
     238
     212
     255
     219
     232
     226
     224
     224
     249
     221
     205
     214
     225
     214
     234
     225
     222
     208
     245
     231
     240
     205
     229
     240
     213
     208
     255
     252
     211
     238
     228
     247
     248
     217
     234
     222
     190
     244
     214
     246
     222
     225
     227
     233
     208
     230
     240
     183
     212
     210
     189
     205
     214
     212
     227
     199
     216
     205
     241
     216
     203
     226
     238
     231
     194
     210
     226
     233
     215
     200
     185
     217
     197
     219
     230
     199
     234
     181
     215
     198
     222
     180
     187
     210
     198
     201
     197
     193
     194
     216
     208
     209
     204
     188
     192
     200
     195
     207
     211
     218
     198
     201
     191
     192
     169
     217
     191
     198
     192
     206
     215
     215
     220
     212
     198
     198
     215
     205
     191
     206
     196
     188
     189
     204
     177
     230
     185
     203
     182
     212
     179
     182
     202
     200
     190
     196
     195
     178
     187
     200
     226
     203
     205
     176
     199
     185
     190
     192
     173
     179
     175
     186
     168
     176
     165
     188
     185
     194
     186
     181
     201
     191
     146
     191
     190
     170
     215
     199
     190
     183
     188
     207
     181
     238
     178
     182
     177
     181
     185
     172
     192
     203
     170
     177
     201
     183
     189
     204
     208
     218
     200
     180
     209
     147
     202
     175
     206
     177
     199
     154
     193
     183
     190
     210
     180
     211
     174
     173
     191
     192
     187
     181
     187
     172
     174
     174
     193
     163
     201
     165
     196
     176
     186
     193
     184
     187
     186
     171
     184
     185
     180
     181
     209
     176
     182
     182
     192
     197
     196
     171
     175
     172
     176
     182
     189
     170
     189
     208
     191
     167
     177
     191
     214
     211
     163
     181
     176
     202
     163
     187
     213
     176
     201
     199
     217
     176
     187
     172
     170
     183
     192
     184
     187
     171
     192
     190
     202
     185
     191
     176
     194
     176
     173
     195
     214
     204
     177
     181
     201
     205
     169
     159
     214
     193
     183
     185
     219
     179
     205
     175
     169
     209
     187
     200
     208
     180
     205
     175
     173
     205
     196
     186
     190
     214
     190
     181
     184
     201
     212
     168
     219
     202
     173
     188
     205
     192
     173
     196
     190
     190
     174
     203
     177
     199
     183
     168
     195
     195
     185
     196
     209
     209
     185
     182
     183
     194
     206
     203
     198
     168
     181
     193
     198
     181
     182
     201
     168
     199
     151
     198
     163
     176
     179
     163
     202
     190
     190
     175
     208
     165
     172
     184
     164
     186
     200
     186
     175
     169
     177
     203
     177
     185
     180
     196
     151
     167
     193
     164
     186
     182
     159
     174
     157
     164
     155
     154
     168
     182
     196
     175
     163
     209
     179
     180
     157
     171
     181
     161
     185
     163
     143
     155
     178
     150
     175
     145
     173
     185
     184
     195
     191
     254
     244
     355
     413
     581
     746
     908
    1213
    1509
    1954
    2446
    2843
    3516
    3824
    4150
    4158
    4059
    3653
    3198
    2606
    2109
    1662
    1240
     962
     716
     524
     398
     333
     269
     196
     226
     193
     192
     168
     198
     182
     201
     182
     201
     161
     159
     185
     184
     211
     183
     216
     215
     204
     191
     230
     194
     215
     214
     210
     176
     217
     185
     210
     175
     190
     166
     179
     171
     179
     155
     178
     162
     180
     162
     153
     164
     167
     161
     149
     188
     190
     175
     178
     165
     174
     180
     154
     176
     154
     192
     171
     156
     193
     182
     158
     162
     162
     179
     166
     171
     175
     187
     194
     153
     155
     167
     173
     161
     160
     177
     168
     153
     153
     160
     165
     170
     194
     169
     178
     180
     191
     155
     180
     162
     168
     167
     168
     162
     166
     186
     170
     189
     174
     183
     154
     166
     165
     168
     161
     175
     169
     162
     150
     168
     166
     164
     159
     172
     155
     169
     168
     174
     160
     180
     169
     164
     172
     158
     152
     174
     169
     168
     190
     161
     180
     161
     180
     161
     160
     176
     168
     187
     180
     143
     189
     149
     163
     160
     154
     165
     155
     169
     176
     184
     170
     186
     157
     171
     178
     165
     141
     159
     168
     181
     161
     168
     137
     142
     168
     170
     157
     160
     193
     175
     186
     150
     160
     154
     158
     164
     160
     165
     153
     180
     163
     169
     146
     174
     160
     170
     193
     175
     173
     180
     162
     178
     150
     151
     153
     181
     172
     161
     166
     173
     162
     162
     163
     156
     163
     196
     159
     158
     168
     157
     181
     154
     175
     177
     163
     139
     174
     157
     180
     158
     155
     160
     171
     165
     183
     155
     151
     154
     155
     195
     151
     173
     135
     158
     171
     169
     140
     158
     191
     181
     169
     141
     161
     201
     148
     169
     172
     177
     183
     177
     185
     170
     165
     148
     195
     169
     156
     167
     167
     165
     149
     157
     166
     176
     187
     159
     161
     171
     167
     174
     164
     161
     191
     177
     164
     183
     133
     181
     185
     161
     166
     181
     177
     164
     189
     166
     163
     184
     178
     190
     185
     139
     175
     194
     183
     188
     150
     182
     188
     176
     168
     170
     180
     170
     150
     158
     171
     166
     160
     184
     180
     184
     178
     181
     182
     168
     164
     156
     150
     171
     183
     175
     185
     171
     182
     182
     183
     165
     203
     160
     193
     186
     184
     175
     190
     183
     169
     166
     171
     181
     185
     188
     182
     172
     193
     188
     189
     179
     161
     190
     168
     177
     186
     191
     194
     171
     196
     189
     168
     174
     173
     184
     188
     202
     193
     183
     169
     210
     187
     174
     186
     163
     193
     196
     161
     177
     191
     186
     179
     184
     186
     191
     190
     175
     173
     177
     163
     187
     195
     188
     199
     176
     177
     189
     199
     191
     221
     172
     214
     207
     219
     237
     270
     297
     349
     360
     459
     534
     636
     715
     860
    1007
    1096
    1274
    1354
    1350
    1355
    1376
    1267
    1114
     989
     829
     658
     546
     453
     360
     356
     291
     289
     262
     206
     196
     207
     198
     206
     198
     178
     188
     211
     198
     178
     198
     206
     195
     192
     224
     201
     204
     218
     208
     213
     182
     192
     179
     174
     183
     201
     199
     188
     195
     215
     192
     203
     179
     193
     204
     174
     192
     196
     212
     195
     215
     212
     183
     225
     197
     173
     192
     192
     216
     202
     187
     204
     197
     180
     198
     216
     229
     203
     170
     192
     193
     201
     224
     190
     192
     198
     216
     210
     209
     204
     214
     185
     248
     212
     190
     200
     199
     200
     185
     195
     214
     204
     179
     178
     200
     203
     215
     198
     202
     221
     202
     202
     217
     223
     222
     225
     219
     200
     208
     202
     219
     193
     205
     223
     227
     220
     209
     220
     201
     226
     211
     188
     218
     225
     202
     205
     206
     233
     189
     211
     221
     222
     189
     214
     192
     222
     223
     220
     207
     228
     243
     243
     241
     219
     233
     245
     216
     225
     212
     233
     200
     235
     218
     250
     223
     207
     232
     200
     207
     212
     240
     238
     248
     210
     224
     206
     243
     202
     229
     213
     231
     234
     231
     224
     236
     231
     267
     229
     234
     217
     229
     239
     238
     223
     244
     240
     238
     252
     246
     225
     234
     240
     266
     237
     235
     257
     252
     241
     234
     233
     255
     236
     253
     247
     235
     264
     231
     239
     236
     245
     246
     224
     250
     242
     232
     222
     218
     218
     254
     249
     262
     236
     252
     257
     243
     230
     262
     253
     246
     262
     232
     258
     255
     281
     247
     257
     266
     260
     254
     252
     278
     241
     254
     251
     261
     244
     277
     275
     254
     276
     240
     280
     247
     272
     294
     269
     256
     273
     267
     284
     243
     267
     287
     257
     261
     284
     265
     252
     274
     256
     292
     285
     287
     235
     270
     265
     281
     254
     313
     282
     290
     279
     317
     282
     285
     274
     262
     297
     272
     270
     291
     295
     291
     304
     301
     292
     306
     298
     310
     312
     281
     298
     276
     298
     264
     292
     302
     287
     302
     272
     328
     312
     261
     290
     283
     304
     284
     274
     272
     295
     327
     312
     300
     295
     301
     317
     274
     343
     296
     260
     283
     261
     305
     282
     275
     265
     261
     282
     277
     270
     269
     301
     279
     276
     267
     264
     236
     274
     236
     240
     217
     236
     244
     222
     212
     256
     211
     217
     211
     193
     251
     202
     189
     207
     192
     224
     194
     215
     178
     208
     177
     206
     224
     193
     185
     176
     174
     191
     201
     189
     220
     186
     217
     195
     182
     183
     191
     219
     200
     172
     187
     171
     197
     157
     158
     174
     202
     181
     201
     217
     182
     174
     180
     167
     155
     205
     182
     142
     197
     176
     175
     178
     171
     170
     169
     171
     181
     169
     187
     159
     161
     184
     189
     188
     201
     176
     151
     175
     175
     163
     187
     187
     184
     155
     179
     177
     160
     139
     175
     150
     165
     175
     160
     176
     159
     162
     157
     155
     151
     156
     162
     151
     152
     155
     176
     143
     185
     165
     161
     164
     162
     142
     176
     157
     161
     133
     140
     155
     156
     176
     145
     179
     159
     138
     149
     144
     156
     151
     141
     157
     149
     167
     164
     142
     145
     156
     144
     143
     142
     147
     161
     132
     131
     130
     131
     135
     124
     158
     148
     148
     142
     144
     135
     121
     132
     146
     130
     119
     133
     145
     125
     123
     144
     141
     126
     147
     137
     109
     144
     127
     120
     126
     126
     114
     135
     138
     126
     132
     131
     125
     122
     129
     117
     143
     132
     120
     108
     126
     122
     127
     109
     136
     115
     122
     118
     114
     128
     113
     101
     129
     119
     126
      99
     116
     127
     108
     101
     127
     118
     119
     112
     106
     131
     118
     101
      86
      88
     101
     103
      96
      93
      98
     104
     124
     107
      85
      99
      92
     105
      97
      97
      85
     102
     121
      93
     109
      84
      84
      91
     117
      92
      74
      89
      83
      81
      75
      97
      82
      77
      90
      93
      77
      95
      85
      90
      75
      77
      88
      79
      77
      82
      75
      77
      87
      71
      89
      86
      68
      88
      68
      57
      90
      79
      80
      80
      78
      83
      66
      52
      88
      81
      69
      67
      67
      73
      73
      69
      64
      72
      72
      83
      83
      61
      91
      61
      69
      71
      71
      59
      73
      62
      78
      74
      74
      56
      68
      74
      78
      66
      64
      78
      76
      64
      77
      64
      54
      50
      71
      78
      73
      65
      45
      75
      72
      62
      79
      60
      65
      73
      74
      72
      58
      65
      60
      55
      56
      61
      60
      63
      69
      61
      62
      74
      60
      60
      51
      56
      46
      73
      71
      57
      49
      57
      65
      50
      71
      64
      63
      56
      63
      58
      64
      62
      62
      58
      65
      55
      60
      55
      70
      66
      59
      66
      62
      56
      60
      60
      65
      56
      65
      49
      71
      66
      72
      68
      58
      66
      51
      63
      51
      77
      49
      63
      74
      69
      71
      65
      67
      52
      56
      54
      54
      61
      64
      57
      55
      67
      76
      61
      67
      72
      64
      73
      53
      59
      48
      62
      74
      63
      56
      56
      58
      57
      49
      59
      61
      57
      59
      63
      57
      56
      63
      53
      60
      63
      60
      67
      63
      57
      45
      61
      58
      68
      54
      77
      54
      62
      68
      54
      60
      67
      52
      64
      49
      59
      69
      64
      62
      65
      68
      63
      64
      49
      56
      46
      56
      49
      57
      58
      47
      63
      54
      65
      60
      49
      45
      62
      54
      48
      56
      59
      71
      62
      61
      62
      54
      47
      59
      52
      57
      52
      65
      48
      61
      60
      55
      64
      56
      64
      46
      60
      55
      72
      61
      69
      57
      82
      80
      70
      79
      74
      87
     103
     127
     162
     199
     218
     282
     365
     390
     518
     665
     790
     965
    1251
    1356
    1757
    2181
    2465
    3075
    3383
    3886
    4278
    4647
    4988
    5189
    5421
    5534
    5364
    4914
    4657
    3852
    3290
    2760
    2260
    1777
    1423
    1102
     836
     598
     444
     367
     257
     200
     153
     102
     100
      85
      77
      74
      71
      73
      54
      68
      75
      71
      71
      64
      68
      62
      56
      66
      68
      60
      69
      66
      70
      53
      63
      66
      65
      66
      76
      69
      55
      55
      51
      71
      52
      72
      64
      62
      74
      61
      52
      65
      67
      55
      65
      60
      58
      67
      45
      61
      43
      63
      52
      55
      60
      68
      62
      67
      62
      65
      54
      47
      55
      65
      67
      52
      63
      59
      62
      50
      67
      49
      54
      63
      65
      61
      65
      61
      42
      54
      51
      56
      53
      57
      56
      45
      58
      54
      49
      59
      65
      63
      57
      57
      57
      64
      46
      51
      59
      60
      64
      57
      65
      51
      58
      50
      53
      62
      56
      60
      37
      57
      55
      50
      56
      62
      60
      45
      53
      51
      52
      56
      53
      46
      56
      48
      52
      46
      43
      53
      45
      50
      44
      56
      63
      64
      58
      62
      51
      53
      54
      47
      47
      65
      48
      39
      48
      48
      54
      44
      46
      46
      48
      51
      57
      57
      60
      62
      44
      56
      66
      55
      53
      76
      60
      58
      43
      62
      56
      53
      54
      58
      60
      67
      52
      61
      54
      41
      52
      55
      37
      52
      49
      60
      60
      45
      53
      56
      55
      43
      58
      62
      47
      55
      47
      55
      47
      62
      50
      52
      46
      50
      46
      52
      59
      44
      60
      40
      44
      58
      35
      57
      43
      39
      50
      59
      52
      44
      41
      38
      45
      49
      38
      39
      66
      54
      54
      46
      47
      45
      43
      53
      53
      60
      46
      57
      41
      46
      54
      60
      54
      52
      56
      59
      44
      54
      58
      55
      49
      72
      53
      56
      52
      48
      56
      54
      53
      45
      40
      48
      49
      53
      50
      39
      56
      45
      48
      48
      46
      57
      42
      66
      52
      45
      45
      47
      46
      56
      63
      40
      46
      46
      52
      33
      35
      49
      41
      47
      43
      52
      42
      54
      47
      47
      54
      52
      47
      49
      51
      48
      54
      49
      50
      75
      47
      47
      50
      58
      48
      46
      56
      47
      54
      48
      53
      42
      58
      59
      57
      33
      49
      56
      49
      60
      61
      53
      58
      47
      52
      43
      49
      46
      61
      47
      56
      42
      51
      47
      54
      38
      56
      47
      47
      56
      41
      51
      57
      47
      55
      34
      38
      43
      55
      48
      44
      46
      51
      51
      46
      51
      49
      45
      52
      50
      45
      47
      47
      48
      43
      51
      41
      45
      47
      60
      52
      50
      51
      45
      32
      47
      43
      49
      53
      46
      53
      56
      51
      53
      48
      44
      50
      49
      52
      52
      43
      45
      44
      54
      57
      39
      53
      52
      37
      57
      40
      54
      52
      47
      47
      42
      40
      68
      53
      56
      44
      56
      59
      47
      57
      43
      49
      48
      51
      47
      48
      44
      53
      56
      51
      41
      43
      46
      57
      56
      43
      45
      46
      40
      55
      55
      58
      55
      53
      50
      55
      49
      46
      54
      42
      52
      48
      38
      48
      48
      50
      56
      52
      54
      43
      71
      51
      42
      51
      46
      41
      41
      52
      58
      50
      52
      42
      48
      48
      52
      43
      56
      42
      43
      44
      39
      56
      41
      51
      50
      41
      44
      49
      44
      45
      47
      59
      50
      39
      42
      47
      41
      46
      54
      48
      55
      48
      49
      63
      44
      45
      47
      57
      39
      40
      52
      47
      51
      49
      56
      38
      44
      51
      52
      56
      54
      36
      44
      36
      48
      47
      47
      47
      47
      55
      47
      42
      46
      52
      56
      45
      57
      53
      43
      41
      69
      47
      55
      55
      54
      52
      49
      48
      44
      63
      46
      61
      50
      60
      45
      57
      47
      48
      43
      54
      45
      58
      53
      49
      44
      46
      51
      41
      50
      52
      68
      43
      50
      42
      63
      53
      54
      52
      67
      49
      53
      61
      48
      43
      54
      63
      52
      60
      47
      46
      47
      46
      55
      58
      44
      42
      69
      55
      51
      43
      48
      57
      57
      48
      31
      43
      60
      43
      43
      46
      63
      55
      55
      40
      56
      50
      48
      58
      55
      39
      53
      48
      44
      52
      54
      51
      60
      42
      45
      54
      49
      54
      55
      49
      44
      44
      43
      52
      48
      48
      42
      47
      53
      53
      37
      50
      53
      56
      46
      48
      44
      41
      41
      37
      43
      51
      45
      47
      50
      40
      55
      59
      33
      51
      47
      43
      46
      47
      37
      33
      53
      45
      34
      54
      41
      48
      56
      62
      52
      47
      51
      51
      35
      55
      41
      47
      62
      44
      39
      49
      55
      45
      44
      45
      39
      35
      43
      39
      49
      46
      63
      50
      44
      39
      55
      38
      36
      55
      48
      59
      53
      54
      47
      48
      43
      41
      42
      43
      46
      53
      45
      43
      41
      54
      49
      44
      47
      48
      54
      47
      44
      40
      42
      62
      64
      46
      46
      50
      42
      51
      54
      58
      47
      53
      52
      70
      54
      51
      48
      52
      51
      50
      55
      50
      46
      45
      53
      68
      43
      47
      57
      50
      49
      50
      53
      42
      55
      50
      42
      31
      50
      45
      53
      37
      46
      60
      59
      52
      50
      58
      53
      62
      37
      46
      54
      47
      50
      53
      46
      58
      48
      52
      60
      59
      48
      52
      57
      47
      45
      41
      47
      55
      60
      43
      49
      40
      58
      46
      53
      37
      54
      47
      52
      45
      52
      49
      45
      58
      39
      63
      38
      44
      52
      45
      57
      53
      41
      51
      54
      44
      25
      54
      41
      46
      47
      41
      53
      49
      50
      40
      58
      57
      48
      49
      47
      55
      45
      59
      54
      48
      46
      57
      50
      44
      41
      45
      55
      39
      43
      48
      48
      51
      58
      62
      52
      56
      49
      48
      51
      39
      51
      52
      60
      70
      69
      63
      96
     100
     124
     112
     116
     138
     123
     150
     159
     159
     173
     179
     187
     221
     212
     219
     232
     235
     244
     189
     190
     224
     200
     210
     211
     215
     178
     190
     172
     168
     152
     133
     129
     166
     142
     126
     128
     105
      99
      96
      91
      56
      68
      71
      63
      67
      63
      64
      50
      52
      42
      59
      70
      62
      51
      73
      59
      68
      51
      50
      64
      49
      53
      53
      69
      59
      59
      47
      61
      65
      59
      74
      53
      53
      69
      47
      65
      53
      62
      62
      70
      60
      57
      63
      62
      62
      52
      64
      71
      70
      74
      54
      52
      63
      64
      71
      66
      50
      58
      51
      63
      62
      56
      72
      60
      59
      57
      55
      71
      59
      55
      58
      53
      69
      51
      69
      56
      59
      57
      61
      71
      70
      64
      51
      53
      69
      50
      56
      67
      54
      47
      59
      62
      64
      61
      58
      58
      61
      43
      66
      59
      63
      64
      59
      60
      48
      59
      53
      61
      66
      53
      65
      68
      59
      57
      59
      56
      47
      60
      58
      54
      63
      57
      53
      65
      53
      55
      60
      60
      70
      52
      66
      58
      54
      61
      66
      60
      58
      53
      59
      53
      66
      75
      61
      65
      74
      55
      44
      61
      68
      54
      55
      63
      63
      56
      51
      54
      64
      44
      49
      64
      56
      60
      51
      76
      55
      59
      56
      65
      58
      58
      58
      73
      56
      56
      72
      70
      58
      63
      65
      65
      51
      49
      58
      68
      53
      60
      60
      60
      52
      58
      51
      55
      64
      61
      65
      63
      59
      63
      50
      75
      75
      68
      63
      53
      58
      62
      51
      61
      69
      54
      56
      60
      64
      66
      52
      67
      49
      64
      68
      55
      61
      66
      50
      70
      61
      67
      48
      46
      55
      54
      51
      57
      57
      59
      62
      61
      55
      70
      75
      60
      76
      70
      70
      41
      60
      69
      70
      58
      77
      58
      58
      54
      66
      55
      64
      66
      50
      65
      53
      52
      63
      51
      61
      66
      58
      59
      53
      73
      62
      49
      65
      68
      59
      63
      65
      59
      72
      88
      46
      63
      48
      70
      58
      67
      61
      57
      70
      60
      60
      77
      59
      64
      61
      68
      52
      54
      65
      51
      49
      55
      54
      70
      59
      56
      60
      65
      72
      71
      73
      54
      70
      54
      59
      53
      58
      69
      72
      62
      59
      62
      59
      64
      61
      66
      77
      58
      55
      73
      55
      65
      57
      64
      63
      57
      63
      66
      61
      81
      66
      55
      68
      58
      77
      62
      51
      71
      56
      56
      55
      67
      62
      74
      67
      72
      53
      74
      61
      56
      65
      66
      69
      58
      52
      67
      71
      62
      63
      58
      72
      66
      57
      67
      50
      79
      70
      55
      62
      50
      74
      60
      60
      66
      56
      52
      62
      77
      62
      61
      59
      61
      53
      71
      67
      67
      60
      71
      68
      88
      63
      77
      55
      56
      65
      51
      53
      64
      58
      55
      70
      62
      66
      62
      60
      66
      71
      57
      73
      71
      68
      74
      75
      63
      67
      76
      67
      67
      53
      67
      59
      57
      59
      72
      51
      64
      59
      70
      72
      46
      61
      74
      55
      60
      82
      50
      62
      61
      76
      58
      69
      66
      67
      69
      73
      64
      64
      60
      69
      81
      63
      63
      64
      64
      65
      70
      66
      77
      66
      59
      67
      69
      74
      72
      60
      57
      70
      62
      65
      78
      61
      71
      64
      63
      67
      64
      66
      64
      79
      54
      53
      70
      72
      62
      71
      70
      70
      73
      55
      81
      65
      50
      84
      63
      65
      71
      72
      60
      65
      58
      64
      67
      55
      68
      74
      56
      66
      61
      73
      71
      71
      77
      60
      66
      81
      68
      73
      49
      61
      64
      63
      77
      62
      76
      57
      57
      67
      59
      69
      66
      63
      71
      62
      73
      63
      68
      71
      67
      72
      66
      72
      73
      70
      69
      57
      67
      69
      71
      41
      81
      70
      65
      49
      70
      68
      63
      83
      70
      72
      76
      66
      76
      68
      74
      57
      77
      63
      66
      73
      51
      64
      82
      68
      67
      63
      77
      70
      67
      71
      42
      65
      63
      70
      70
      61
      72
      63
      63
      64
      53
      56
      60
      56
      74
      75
      79
      67
      75
      68
      81
      74
      63
      54
      70
      68
      76
      67
      73
      55
      63
      68
      61
      73
      61
      63
      78
      58
      70
      71
      65
      70
      62
      65
      82
      66
      72
      58
      60
      61
      77
      71
      71
      74
      92
      81
      56
      75
      66
      69
      68
      60
      71
      59
      68
      62
      69
      76
      78
      67
      61
      72
      84
      92
      79
      73
      78
      62
      80
      82
      71
      81
      81
      69
      75
      75
      63
      64
      73
      61
      66
      58
      65
      65
      79
      65
      57
      66
      61
      74
      89
      73
      82
      75
      64
      74
      67
      58
      87
      73
      68
      73
      64
      66
      81
      80
      70
      58
      73
      64
      65
      72
      68
      76
      78
      80
      57
      69
      83
      73
      85
      84
      74
      75
      73
      64
      60
      69
      85
      75
      71
      71
      63
      78
      80
      66
      77
      69
      69
      68
      77
      74
      72
      66
      70
      70
      68
      73
      70
      73
      58
      71
      60
      63
      75
      71
      86
      69
      97
      70
      68
      62
      85
      69
      69
      63
      76
      58
      80
      77
      74
      60
      69
      65
      74
      73
      73
      57
      68
      81
      83
      84
      89
      82
      89
      91
      67
      79
      66
      70
      69
      70
      62
      67
      70
      67
      76
      69
      73
      90
      73
      89
      75
      73
      73
      67
      79
      82
      75
      62
      69
     100
      74
      83
      66
      73
      83
      90
      78
      64
      91
      76
      75
      63
      60
      78
      76
      81
      78
      76
      86
      77
      74
      74
      84
      76
      58
      70
      73
      66
      70
      87
      70
      66
      75
      70
      66
      71
      66
      66
      64
      69
      57
      68
      71
      62
      77
      72
      79
      85
      63
      76
      73
      72
      65
      74
      79
      60
      68
      60
      70
      69
      78
      72
      83
      82
      84
      68
      70
      83
      76
      70
      85
      61
      74
      79
      62
      71
      61
      81
      61
      76
      65
      87
      80
      77
      64
      70
      62
      76
      66
      78
      85
      84
      80
      61
      79
      66
      73
      81
      70
      71
      67
      62
      69
      81
      76
      75
      64
      72
      75
      74
      66
      70
      72
      75
      64
      68
      70
      75
      86
      69
      67
      77
      65
      71
      72
      78
      73
      66
      71
      66
      60
      70
      60
      55
      66
      62
      55
      67
      64
      60
      63
      66
      64
      69
      52
      65
      76
      68
      66
      78
      69
      90
      68
      66
      53
      67
      60
      61
      60
      70
      68
      77
      71
      67
      58
      72
      71
      74
      59
      80
      81
      85
      86
      72
      57
      62
      69
      78
      68
      56
      79
      68
      74
      61
      65
      87
      68
      63
      76
      66
      62
      68
      58
      65
      63
      58
      69
      69
      75
      50
      69
      68
      65
      71
      67
      63
      60
      66
      55
      63
      83
      80
      67
      72
      70
      79
      58
      68
      61
      71
      57
      73
      56
      63
      66
      65
      66
      69
      75
      71
      72
      67
      60
      74
      62
      80
      76
      73
      62
      62
      81
      67
      70
      72
      64
      82
      61
      64
      68
      61
      81
      70
      67
      87
      78
      63
      68
      62
      71
      69
      71
      55
      64
      69
      79
      66
      47
      72
      83
      70
      64
      55
      71
      55
      61
      64
      75
      73
      68
      65
      71
      65
      78
      65
      77
      56
      78
      63
      82
      66
      70
      86
      64
      82
      85
      71
      71
      68
      76
      74
      68
      63
      67
      58
      65
      72
      56
      74
      74
      65
      61
      58
      73
      52
      73
      74
      68
      84
      65
      78
      80
      61
      73
      68
      63
      80
      73
      60
      64
      78
      60
      78
      73
      63
      63
      80
      63
      76
      74
      80
      70
      61
      75
      62
      68
      72
      68
      70
      69
      70
      51
      78
      61
      57
      60
      80
      60
      75
      69
      71
      77
      63
      72
      86
      81
     100
      80
      69
      67
      78
      76
      83
      79
      73
      64
      71
      64
      88
      67
      68
      74
      82
      61
      53
      70
      53
      71
      82
      83
      61
      73
      77
      77
      73
      71
      72
      75
      70
      73
      70
      72
      72
      75
      52
      57
      69
      77
      59
      68
      67
      77
      61
      82
      74
      70
      78
      81
      70
      81
      79
      89
      63
      72
      90
      71
      98
      88
      85
     109
     114
     109
      87
     102
     117
     119
     128
     128
     108
     156
     167
     159
     155
     183
     186
     221
     224
     281
     249
     259
     261
     264
     337
     305
     309
     338
     330
     350
     312
     359
     335
     344
     360
     326
     303
     302
     290
     264
     287
     245
     234
     206
     194
     177
     181
     120
     130
     137
     131
     104
      99
      89
     100
      83
      83
      89
      80
      86
      86
      89
      85
      88
      82
      82
      94
      81
      59
      79
      78
      88
      69
      77
      77
      90
      75
      77
      76
     103
      92
      86
      85
      87
      86
      94
      59
      69
      96
      72
      90
      86
      81
      80
      92
      84
      77
      73
     100
      85
      76
      81
      76
      96
     100
      84
      95
      80
      71
      71
      85
      77
      67
      73
      84
      76
      82
      82
      98
      73
      68
      94
      94
      79
      90
      81
      73
      60
      61
      83
      97
      76
      95
      98
      84
      98
      83
      81
      74
      77
      82
      87
      84
      74
      79
      99
      68
      86
      82
      79
      75
      98
      83
      87
      74
      68
      75
      59
      78
      80
      83
      74
      89
      90
      75
      94
      87
      83
      95
      68
      86
      83
      77
      74
      72
      78
      95
      66
      98
     104
      96
      67
     100
      84
      85
      98
      90
      83
      84
      70
      89
      99
      92
      92
      87
      94
      75
      82
      89
      83
      78
     100
      83
      98
      93
      95
      95
      88
      80
      88
      80
      95
      96
      86
      80
      87
      90
      80
      85
      79
      84
      78
      87
      79
      85
      91
      92
      76
      88
      67
      87
      89
      87
      67
     104
      79
      87
      89
      98
      92
      72
      86
     101
      84
     100
      86
     102
      90
      87
      87
      79
      79
      87
      92
      94
      88
      81
      82
      85
      84
      90
      86
      83
      84
      85
      66
      98
      87
     102
      74
      82
      97
      77
      98
      86
      95
      96
      93
      89
      99
      95
      93
      87
     101
      90
      71
      99
      83
      92
      84
      99
      87
      95
      93
      90
      86
      93
      81
     100
      95
      84
     107
      77
     103
      95
      89
      95
      92
      96
     103
     106
      90
      97
     100
      98
     101
      99
     100
      74
     103
     112
      96
      82
      86
     103
      98
     101
     100
      91
      95
      89
      94
      99
      76
      87
      94
      95
      88
      94
     110
      91
      98
      89
     105
     102
      96
     106
      95
      88
      89
      97
     101
      84
      90
      90
     117
      96
      88
     101
      86
     108
      95
      82
      84
      78
      85
      95
      89
     100
      74
      86
      84
      94
      87
     100
     107
      89
     102
     111
      90
     105
     101
      88
      96
     104
      87
     102
     111
     107
      96
     104
      93
     110
      88
     110
     103
      89
     112
      94
      76
      85
      89
      99
     100
      89
     105
     113
      98
      88
      81
      99
      98
      90
     117
     105
      85
     102
     117
     103
      99
      98
     108
     115
     104
     106
      99
      85
     110
     114
     106
     112
     102
      97
     106
      91
      87
      97
     120
     103
      95
     110
      94
     102
     102
      96
     100
     101
      95
     106
      89
     114
      92
      96
     107
     108
     101
     110
     104
     104
      86
     101
     120
      95
     100
     112
     101
     108
      79
     102
     101
     114
      96
     120
     111
     117
     113
     109
      90
     100
      85
     105
     105
     110
     114
     103
     104
     100
      95
     101
     111
      98
     108
      92
     115
     105
     105
     103
     107
     127
     114
     102
     127
      96
     123
     108
      92
     108
      94
     102
     112
      93
     108
     113
     130
     117
      92
     122
     114
     105
      98
     106
     101
     129
     120
     100
      95
     105
     101
     107
     115
     104
     120
     102
     110
     108
     120
     101
     126
     124
     111
     117
     102
     133
     131
     132
     123
     111
     119
     103
     125
     119
     114
     120
     109
     142
     107
     116
     106
     112
     111
     115
     123
     112
     116
     111
     117
     108
     113
      97
     125
     141
     124
     113
     109
     129
     116
     126
     114
     122
     116
     107
     114
     132
     108
     113
     121
     126
     116
     133
     113
     135
     113
     120
     112
     125
     118
     114
     117
     121
     119
     118
     126
     129
     124
     126
     145
     100
     131
     126
     119
     146
     116
     124
     122
     128
     131
     123
     116
     112
     141
     122
     122
     115
      97
     115
     117
     126
     129
     120
     119
     139
     118
     126
     135
     144
     134
     107
     128
     161
     119
     119
     153
     129
     124
     107
     139
     148
     149
     108
     116
     124
     117
     131
     133
     120
     141
     150
     156
     154
     124
     123
     128
     134
     119
     142
     169
     134
     121
     114
     140
     136
     131
     146
     146
     140
     117
     134
     135
     146
     130
     149
     127
     137
     143
     127
     143
     134
     148
     146
     146
     157
     167
     139
     160
     132
     128
     153
     158
     127
     123
     139
     144
     136
     128
     144
     152
     132
     130
     136
     145
     140
     151
     149
     121
     134
     135
     133
     122
     117
     133
     113
     130
     128
     121
     121
     128
     129
     138
     119
     121
     133
     100
     113
     128
     129
     112
     120
     125
     109
     133
     116
     118
     121
     118
     108
     110
     115
      90
      99
     107
     104
     112
      99
     108
      98
      94
     113
      99
      83
      89
     108
     107
      92
      87
     102
      91
      92
     101
      82
      82
      89
      96
     108
      92
      86
     100
      92
      92
      93
      91
      96
     101
     107
      96
      77
      88
      96
     108
      91
     102
      75
      89
      66
     119
     112
      84
      76
      84
      91
      93
      94
     109
      84
      89
      91
     112
      79
      84
      88
      85
     103
      81
      91
      73
     103
      73
      97
      78
      96
      83
      96
      85
      76
      99
      79
      74
      99
      91
      73
      88
      86
      84
      89
     100
      88
      87
      84
      78
      88
      78
      91
      63
      82
      98
      88
      92
      71
      78
      67
      85
      96
      88
      86
      64
      81
      64
      80
      80
      69
      72
      90
      75
      81
      93
      89
      84
      83
      80
      83
      78
      83
      75
      74
      69
      77
      80
      68
      85
      81
      79
      88
      72
      84
      69
      74
      83
      78
      83
      68
      89
      78
      61
      85
      76
      67
      68
      77
      79
      91
      67
      86
      68
      69
      72
      51
      75
      71
      55
      81
      65
      57
      66
      81
      79
      74
      75
      68
      87
      56
      63
      64
      75
      69
      88
      64
      70
      63
      67
      88
      78
      85
      72
      70
      67
      72
      71
      61
      72
      64
      53
      63
      63
      66
      66
      62
      61
      68
      52
      72
      63
      80
      59
      54
      54
      61
      37
      67
      56
      55
      56
      53
      54
      60
      60
      54
      60
      53
      68
      61
      57
      51
      56
      48
      62
      61
      50
      55
      73
      46
      57
      45
      49
      76
      51
      51
      61
      48
      58
      59
      46
      47
      65
      44
      49
      69
      49
      38
      49
      49
      36
      39
      48
      42
      40
      49
      57
      35
      48
      40
      43
      47
      45
      48
      40
      38
      49
      53
      45
      49
      46
      39
      40
      31
      51
      48
      46
      31
      44
      39
      42
      32
      42
      37
      40
      38
      41
      38
      39
      27
      29
      35
      34
      40
      39
      19
      35
      34
      31
      23
      29
      31
      26
      36
      37
      44
      28
      27
      52
      30
      22
      28
      33
      32
      37
      32
      27
      28
      32
      31
      32
      32
      32
      28
      34
      24
      32
      27
      29
      19
      27
      35
      31
      33
      29
      19
      25
      35
      31
      27
      31
      26
      23
      26
      23
      30
      23
      25
      38
      29
      30
      30
      14
      34
      25
      23
      35
      20
      16
      27
      17
      25
      25
      21
      25
      19
      27
      28
      20
      23
      18
      18
      35
      16
      22
      23
      19
      25
      23
      20
      27
      30
      22
      26
      18
      27
      19
      23
      25
      36
      20
      21
      26
      34
      20
      20
      27
      26
      29
      22
      25
      12
      25
      26
      21
      20
      21
      15
      17
      30
      28
      16
      15
      27
      18
      17
      15
      18
      16
      31
      23
      32
      21
      14
      20
      36
      27
      30
      24
      18
      20
      21
      24
      19
      24
      18
      21
      18
      21
      20
      18
      25
      20
      19
      25
      15
      17
      22
      17
      21
      14
      22
      19
      21
      24
      17
      25
      17
      25
      25
      17
      22
      23
      15
      14
      22
      23
      21
      23
      21
      24
      23
      19
      25
      24
      26
      21
      24
      28
      17
      22
      22
      23
      27
      26
      20
      24
      13
      21
      19
      23
      24
      26
      24
      24
      25
      19
      22
      32
      24
      16
      17
      21
      24
      21
      28
      14
      24
      22
      24
      22
      24
      20
      21
      23
      26
      21
      16
      19
      26
      34
      26
      24
      35
      37
      34
      34
      40
      48
      65
      68
      75
      92
     100
      88
     101
     129
     140
     140
     156
     184
     196
     185
     227
     264
     288
     318
     331
     370
     436
     469
     548
     599
     641
     831
     845
     880
     948
     999
    1069
    1057
    1174
    1165
    1201
    1281
    1406
    1372
    1498
    1591
    1572
    1614
    1679
    1686
    1738
    1666
    1510
    1366
    1255
    1077
     906
     752
     707
     592
     513
     458
     419
     388
     303
     301
     252
     230
     222
     165
     152
     108
      97
      58
      53
      44
      39
      28
      32
      30
      42
      19
      29
      22
      24
      26
      24
      21
      27
      24
      22
      26
      16
      25
      31
      19
      22
      26
      27
      27
      25
      20
      21
      26
      15
      19
      27
      18
      21
      23
       9
      20
      17
      23
      16
      18
      20
      23
      22
      19
      24
      21
      17
      13
      19
      16
      24
      23
      21
      29
      20
      30
      19
      24
      21
      24
      23
      21
      19
      19
      19
      21
      24
      16
      18
      28
      17
      19
      20
      22
      20
      13
      20
      25
      21
      27
      23
      21
      23
      14
      27
      28
      19
      27
      22
      13
      13
      25
      10
      14
      26
      15
      21
      16
      22
      24
      26
      22
      22
      24
      19
      20
      23
      22
      14
      17
      19
      15
      22
      16
      17
      19
      14
      18
      18
      14
      18
      19
      20
      18
      18
      16
      19
      21
      13
      16
      16
      22
      15
      18
      15
      20
      23
      20
      14
      18
      26
      18
      19
      14
      12
      24
      20
      18
      23
      16
      14
      12
      14
      20
      13
      15
      20
      24
      18
      28
      19
      18
      15
      13
      14
      15
      13
      16
      14
      24
      19
      18
      28
      21
      21
      12
      20
      23
      18
      22
      21
      17
      23
      14
      18
       8
      11
      13
      18
      21
       8
      14
      15
      17
      13
      20
      14
      11
      23
      15
      12
      12
      21
      23
      14
      19
      16
      10
      15
      14
      17
      22
      14
      24
      17
      23
      15
      11
      23
      16
      15
      18
      15
      14
      13
      17
      18
      14
      13
      18
      20
      21
      20
      15
      17
      15
      15
      25
      15
      19
      15
      19
      19
      15
      23
      22
      18
      17
      11
      18
      12
      12
      20
      21
      11
      22
      14
      15
      17
      13
      20
      12
      21
      13
      19
      18
      17
      14
       8
      19
      19
      15
      14
      16
      14
       8
      16
      15
      18
       9
      19
      21
      15
      21
      17
      13
      25
      14
      24
      13
      18
      13
      16
      17
      10
      20
      19
      17
      22
      22
      13
      24
      11
      20
      13
      13
      15
       8
      18
      12
      20
      12
      16
      17
      11
      22
      18
      18
      19
      14
      14
      29
      20
      12
       6
      19
      21
      17
      14
      15
      12
      13
      19
      23
      12
      19
      10
      15
      17
      15
      19
      16
      19
      15
       6
      10
      20
      12
      14
       6
      12
      14
      14
      17
      14
      16
      16
      15
      12
      16
      18
      12
      13
      17
      16
      10
      17
      14
      17
      17
      15
      17
      16
      18
      15
      12
      16
      15
      12
      19
      23
      12
       8
      16
      11
      17
       9
      12
      16
      16
      15
      14
      11
      16
      10
      10
      15
      18
      15
      17
      13
      14
      23
       8
      12
      17
      14
      21
      14
      17
      11
      15
      18
      16
      17
      13
      14
      13
      12
      13
      17
      23
      13
      14
      11
      11
      23
      10
      17
      17
      11
      15
      13
      15
      19
      16
      13
      19
       9
      16
      14
      13
      20
      19
      15
      19
      14
      15
      10
      15
       9
      16
      13
      16
      17
      14
      19
       7
      18
      15
      16
      12
      17
       8
      14
      13
      21
      23
      11
      16
      18
       8
      19
      10
      21
      14
       6
      14
      11
      15
      13
      16
      16
      19
      11
      10
      14
      16
      18
      14
      11
      11
      13
      13
      18
       8
      14
      12
      14
      13
      18
      12
      17
      11
      18
      10
       8
      17
      15
       9
      12
      15
      19
      11
      13
      12
      14
       9
      12
      14
      19
      16
      18
      11
      23
      10
      13
       9
      11
      15
      20
      20
      16
      16
      21
      23
       8
      16
      20
      13
      16
      11
      16
      19
      11
      17
      17
      17
      13
      16
      11
      20
       9
      19
      19
      14
      15
      18
      10
      19
      16
      12
      21
      18
      16
      16
       7
      16
       9
      22
      18
      15
      21
      13
       9
      12
       5
      13
      13
      11
      15
      16
      13
      14
      10
      11
      16
      14
      13
      13
      14
      19
      14
      23
      13
      14
      14
      12
      11
      16
      18
      16
      12
      20
      16
      15
      13
      21
      10
      10
      14
       9
      15
      10
      17
      14
      11
      15
      14
       9
      16
       6
       9
      16
      17
      12
      16
       9
      17
      19
      18
       9
      11
       8
      13
       9
      15
      15
      18
      21
      15
      17
      19
      14
      14
      13
      17
      12
       9
      10
      13
      12
      11
      13
       7
      17
      19
       7
       6
      12
      11
       9
      10
      10
      11
      15
      12
      12
      18
       9
      13
      21
       9
      12
      17
      12
      10
      15
      14
      15
      16
      11
      16
      12
      10
      11
      12
      24
      12
      16
      14
      10
      12
      12
      11
      10
       9
      16
      11
      10
      15
      15
      13
      14
      10
      17
      13
       8
      13
       5
      17
      15
      15
      11
      11
      17
      13
      12
      16
       6
      11
      11
      13
      11
      21
      15
      13
      12
      10
      18
       9
      17
      19
      12
      16
      15
      11
      15
      11
      14
      12
      17
      17
      13
      15
      16
      10
      11
      11
      11
      11
       8
      13
      12
       9
       5
      21
      13
      13
      15
      11
      15
       5
      12
      22
       7
      10
      16
      15
      13
      13
      11
      12
      14
       6
      17
      16
      13
       8
      11
      12
      12
      12
      17
      11
      14
      13
      12
      18
       7
      11
      11
      15
      15
      18
      17
      12
      12
      12
       9
       9
      15
      12
      14
      16
      13
      14
      12
      12
      18
      19
      14
      14
      12
      14
      16
      10
      16
      14
      17
      17
      14
      21
      18
      17
      18
      19
       8
      19
       9
      11
      10
      17
       9
      14
      15
      14
      14
       9
      16
      19
      10
      10
      18
      19
      17
      18
      14
      11
      17
      15
      15
      12
      15
      15
      14
      10
      16
      17
      10
      13
      14
       7
      16
       9
      12
      18
      12
      11
      17
      10
      12
       9
      11
      12
      16
      14
       9
      15
      11
       6
      15
      14
       8
       9
       7
      19
      16
       8
      10
      15
      12
      15
       7
      15
      13
      10
      12
      15
      10
       9
       7
      10
      16
      10
      10
      15
      14
      12
      14
      18
      15
      10
       5
      19
       7
      14
      16
      10
      15
      17
      11
      13
       5
      12
      22
      12
       9
      16
       9
      12
      10
      12
      10
      11
      10
      12
      15
       9
      15
      23
      13
      13
      16
       7
      17
      13
      10
       9
      16
      13
      15
      19
      14
      12
      11
       7
      15
      11
      10
       8
      11
      13
      13
      13
       8
      12
      16
       5
      15
      10
       6
      11
      13
      14
      10
      11
      10
      14
      12
      22
       9
      10
       6
      13
      23
       9
       7
      12
      11
      10
      10
      16
      11
      12
      15
      10
      14
      11
      15
      15
      19
       9
      11
      14
      11
      10
       9
      13
      15
       9
       8
      11
      10
       9
       9
       8
      18
       6
       6
       7
      12
      14
      11
      16
      12
      17
      16
      11
       5
      18
      17
      14
      13
       9
      10
       6
      11
      11
      14
      10
      11
       4
       3
       5
       4
       5
       1
       3
       2
       2
       2
       1
       2
       0
       0
       2
       1
       2
       4
       3
       3
       0
       3
       4
       1
       0
       1
       2
       1
       1
       3
       2
       4
       1
       0
       2
       1
       1
       2
       2
       0
       1
       1
       1
       0
       1
       0
       0
       2
       1
       1
       0
       0
       1
       0
       0
       0
       0
       0
       0
       0
       0
       0
       0
       0
       0
       0
       0
       0
       0
       0
       0
       0
       0
       0
       0
       0
       0
       0
       0
       0
       0
       0
       0
       0
       0
       0
       0
       0
       0
       0
       0
       0
       0
       0
       0
       0
       0
       0
       0
       0
       0
       0
       0
       0
       0
       0
       0
       0
       0
       0
       0
       0
       0
       0
       0
       0
       0
       0
       0
       0
       0
       0
       0
       0
       0
       0
       0
       0
       0
       0
       0
       0
       0
       0
       0
       0
       0
       0
       0
       0
       0
       0
       0
       0
       0
       0
       0
       0
       0
       0
       0
       0
       0
       0
       0
       0
       0
       0
       0
       0
       0
       0
       0
       0
       0
       0
       0
       0
       0
       0
       0
       0
       0
       0
       0
       0
       0
       0
       0
       0
       0
       0
       0
       0
       0
       0
$ROI:
24
43 57
143 159
196 212
298 314
354 370
455 478
509 527
607 627
687 707
750 770
857 879
886 908
981 1003
1652 1680
1940 1984
2242 2276
2410 2444
2500 2534
2714 2752
2779 2839
2910 2975
3330 3374
3517 3563
4577 4648
$PRESETS:
None
0
0
$ENER_FIT:
-0.479377 0.397317
$MCA_CAL:
3
-4.793768E-001 3.973171E-001 -2.936620E-009 keV
$SHAPE_CAL:
3
2.913355E+000 2.829383E-003 4.133060E-008
