$SPEC_ID:
Pulser
$SPEC_REM:
DET# 2
DETDESC# DETECTOR 2
AP# GammaVision Version 7.01.03
$DATE_MEA:
04/26/2017 12:44:29
$MEAS_TIM:
4138 4257
$DATA:
0 8191
       0
       0
       0
       0
       0
       0
       0
       0
       0
       0
       0
       0
       0
       0
       0
       0
       0
       0
       0
       0
       0
       0
       0
     297
   16337
   19663
   11412
    9731
    9236
    8910
    9209
    9812
   11278
   13625
   15857
   15032
   12883
   11170
   10540
   11369
   12908
   14953
   16444
   16314
   14782
   12977
   11267
   10510
   10304
   10433
   11253
   11579
   11741
   11133
   10502
   10220
   10042
   10105
   10206
   10250
   10944
   11196
   11093
   10600
   10341
   10163
   10334
   10470
   10513
   10838
   11018
   11169
   11401
   10952
   10655
   10382
   10445
   10508
   10779
   10292
   10307
   10313
   10462
   10226
   10151
   10208
   10230
   10443
   10884
   11890
   12801
   12999
   11921
   10845
   10340
   10477
   10359
   10633
   10624
   10746
   11043
   11330
   11811
   12056
   11927
   11598
   11553
   11646
   11375
   11319
   11355
   11346
   11476
   11485
   11896
   11895
   11810
   12210
   12312
   12380
   12413
   12670
   13105
   13301
   14041
   14693
   14975
   14822
   14412
   14030
   14121
   14332
   14297
   14864
   14804
   14977
   15268
   15625
   15719
   15944
   16203
   16069
   16736
   17561
   18702
   19522
   19196
   20143
   25333
   37664
   47732
   46140
   34475
   24072
   19458
   18638
   18259
   18506
   19002
   19809
   20574
   20411
   20209
   20238
   20604
   20340
   19391
   19406
   19431
   19548
   19421
   19707
   19905
   20314
   20671
   20895
   21715
   22026
   22425
   23040
   25042
   30857
   44247
   61188
   65881
   54525
   43313
   51226
   77247
   97459
   86330
   56166
   33743
   24039
   21418
   20941
   20539
   20658
   20819
   20838
   21097
   21431
   22282
   23457
   24831
   24744
   23805
   23123
   22977
   23387
   24796
   28737
   36802
   46948
   51200
   45720
   35505
   28369
   26441
   28332
   31322
   31293
   27978
   24589
   22164
   21178
   20927
   20501
   20574
   20746
   21168
   21377
   21763
   22744
   23072
   24510
   31177
   46601
   65831
   74227
   62697
   43611
   32606
   33768
   42926
   53728
   68394
   90894
  111828
  106456
   78486
   49714
   37044
   40283
   53187
   59129
   52416
   37801
   25947
   20792
   20739
   22270
   21999
   20580
   18351
   18035
   19615
   22309
   22946
   20758
   17742
   15847
   14876
   14735
   14973
   15678
   18309
   23076
   30220
   37612
   42736
   42081
   35586
   27442
   23013
   23060
   26826
   31991
   35831
   35240
   30253
   24200
   19320
   16971
   15938
   16453
   16692
   16668
   15864
   15175
   14565
   13956
   14011
   13726
   13990
   13976
   13838
   13753
   13780
   13596
   13632
   13656
   13222
   13432
   13523
   13446
   13311
   13335
   13452
   13405
   13543
   13549
   13572
   13575
   14019
   14617
   15291
   15619
   15289
   14758
   14077
   13846
   13691
   13443
   13627
   13811
   13940
   13799
   13660
   13818
   13774
   13427
   13444
   13591
   13556
   13642
   13651
   13475
   13512
   13551
   14003
   15587
   20014
   26188
   31706
   30941
   26214
   19386
   15312
   13904
   13617
   13459
   13243
   13242
   13589
   13527
   13799
   13706
   13635
   13401
   13068
   12645
   12661
   12891
   13117
   13630
   14190
   14892
   15485
   17252
   19651
   21493
   20676
   18009
   14866
   13125
   12295
   12136
   12124
   12006
   11973
   12008
   11837
   12037
   12068
   11850
   12239
   13162
   14493
   16257
   16981
   15912
   14247
   12874
   12061
   11687
   11571
   11456
   11632
   11839
   11961
   12092
   12318
   12723
   13696
   14096
   14101
   13452
   12922
   12884
   12158
   11757
   11807
   11675
   11791
   11594
   11282
   11098
   11252
   11062
   10945
   11010
   11032
   11063
   10995
   11124
   11128
   10953
   11098
   10903
   10964
   10969
   11119
   10894
   11132
   11134
   11412
   11357
   11157
   10960
   10849
   10872
   10959
   11244
   11832
   12246
   12764
   12882
   12352
   11720
   11449
   11138
   10921
   11052
   10992
   10957
   11233
   11070
   11337
   11359
   11151
   11061
   10853
   10847
   10810
   10935
   10762
   10996
   10973
   10854
   11035
   10896
   10926
   11003
   10920
   10891
   10818
   10757
   10946
   10794
   11081
   11176
   11804
   12665
   13883
   14155
   13775
   12752
   11779
   11142
   10861
   10933
   10822
   10845
   11059
   11104
   11235
   11043
   11018
   10809
   10879
   10737
   11003
   10874
   11020
   10951
   10810
   10714
   10513
   10568
   11888
   15279
   21690
   29967
   36693
   36715
   29840
   21366
   15047
   12196
   11077
   10481
   10563
   10736
   10255
   10104
    9911
    9859
    9701
    9890
    9740
   10028
    9618
    9659
    9693
    9647
    9637
    9502
    9534
    9606
    9597
    9544
    9792
    9798
   10266
   10544
   10627
   10676
   10088
    9632
    9391
    9091
    8941
    9075
    9112
    9009
    8740
    8846
    8827
    9043
    9090
    9839
   12403
   16837
   23009
   27582
   27812
   23282
   17098
   12272
    9680
    9097
    9008
    9024
    9094
    8821
    8550
    8457
    8411
    8253
    7907
    7995
    7933
    7911
    7744
    7722
    7784
    7639
    7730
    7662
    7471
    7620
    7590
    7556
    7981
    7902
    8172
    8468
    8403
    8176
    7956
    7556
    7467
    7309
    7232
    7134
    7174
    7183
    7222
    7186
    6876
    7064
    6963
    7082
    8364
   12855
   23412
   43407
   68632
   88194
   89837
   70457
   43877
   22999
   11958
    8027
    7099
    7033
    6989
    7107
    7245
    7130
    7237
    6930
    6527
    6457
    6349
    6254
    6130
    6463
    6342
    6397
    6331
    6350
    6169
    6212
    6137
    6428
    6389
    6805
    7498
    8141
    8724
    8810
    7820
    7177
    6536
    6206
    6249
    6781
    7782
    8844
   10004
   10584
    9848
    8512
    7369
    6403
    5978
    5872
    5811
    5750
    5601
    5667
    5743
    5711
    6008
    6261
    6140
    6354
    6441
    6414
    6484
    6247
    6313
    6005
    6166
    6734
    7289
    8016
    8102
    7504
    6686
    5935
    5675
    5526
    5271
    5290
    5363
    5396
    5227
    5290
    5180
    5243
    5274
    5542
    5616
    5666
    5646
    5614
    5434
    5446
    5473
    5544
    5793
    6202
    6808
    7020
    6840
    6550
    5938
    5538
    5378
    5546
    5779
    6836
    8971
   12018
   15077
   16530
   15400
   12375
    8924
    6718
    5508
    5224
    4984
    4935
    5003
    5100
    5354
    5654
    5653
    5789
    5420
    5097
    4971
    4846
    4670
    4581
    4559
    4669
    4653
    4855
    4812
    5067
    5541
    5969
    6385
    6475
    6431
    6043
    5870
    5595
    5216
    4946
    4708
    4500
    4453
    4545
    4655
    4544
    4494
    4556
    4540
    4662
    4625
    4915
    5237
    5844
    6799
    7293
    7705
    7502
    7560
    7558
    7932
    8266
    8225
    7560
    6680
    6475
    6716
    7423
    7936
    7766
    6880
    5943
    5087
    4737
    4414
    4503
    4528
    4470
    4657
    4707
    4683
    4465
    4541
    4542
    4512
    4722
    4647
    4682
    4696
    4565
    4448
    4438
    4435
    4532
    4531
    4409
    4507
    4775
    4865
    4971
    5171
    5529
    5542
    5356
    5299
    5348
    5335
    5251
    5438
    5525
    5586
    5847
    5753
    5301
    4932
    4520
    4466
    4446
    4728
    4994
    5132
    5159
    5086
    4926
    4535
    4543
    4298
    4363
    4296
    4310
    4290
    4464
    4494
    4441
    4281
    4387
    4177
    4053
    4065
    4091
    4021
    3983
    4135
    4384
    4474
    4717
    5082
    5014
    5033
    4639
    4396
    4210
    3974
    4044
    3964
    4084
    4087
    4291
    4684
    4876
    4936
    4725
    4499
    4207
    4081
    3995
    4004
    4135
    4184
    4139
    4169
    3963
    4015
    4034
    3968
    4045
    4091
    4254
    4496
    5046
    5728
    6418
    6952
    6744
    5935
    5246
    4504
    4181
    3908
    3798
    3763
    3732
    3570
    3584
    3533
    3602
    3532
    3660
    3777
    3548
    3579
    3451
    3415
    3258
    3567
    3439
    3482
    3395
    3456
    3359
    3292
    3382
    3353
    3338
    3381
    3371
    3339
    3342
    3343
    3422
    3494
    3432
    3460
    3366
    3260
    3249
    3320
    3282
    3207
    3145
    3267
    3143
    3163
    3176
    3236
    3123
    3051
    3078
    3147
    3153
    3193
    3268
    3174
    3063
    3100
    3102
    3182
    3207
    3148
    3163
    3254
    3384
    3543
    3745
    3896
    3778
    3832
    3612
    3319
    3143
    3080
    3107
    3029
    3028
    2990
    3015
    3062
    3013
    3092
    2987
    3035
    2975
    3117
    3146
    3134
    3052
    3156
    3196
    3250
    3179
    3321
    3252
    3149
    3100
    3213
    3046
    3059
    3042
    2986
    3073
    3157
    3107
    3247
    3133
    3030
    3131
    3040
    2995
    3085
    3016
    3033
    3154
    3211
    3209
    3399
    3343
    3451
    3479
    3350
    3239
    3204
    3211
    3371
    3748
    4066
    4344
    4554
    4405
    3991
    3600
    3236
    3022
    2994
    2969
    2891
    2933
    2799
    2859
    3010
    3087
    3101
    3169
    2984
    2991
    2938
    2918
    2900
    2820
    2796
    2748
    2838
    2856
    2841
    2935
    3021
    3060
    3086
    3244
    3293
    3302
    3172
    3110
    3065
    3065
    3106
    3184
    3172
    3100
    3136
    2951
    2931
    2909
    2733
    2730
    2809
    2818
    2945
    2972
    2931
    2905
    2897
    2920
    2824
    2700
    2708
    2819
    2832
    2731
    2704
    2685
    2755
    2815
    2775
    2852
    3001
    3102
    3122
    3123
    3068
    3198
    3329
    3450
    3716
    3844
    3628
    3485
    3142
    3008
    2932
    2919
    2903
    2908
    3032
    3181
    3051
    2939
    2966
    2898
    2804
    2772
    2667
    2699
    2645
    2734
    2748
    2736
    2741
    3007
    2933
    3103
    3293
    3517
    3438
    3300
    3107
    2905
    2848
    2694
    2781
    2805
    2757
    2815
    2738
    2738
    2664
    2732
    2581
    2664
    2695
    2742
    2962
    3219
    3623
    4046
    4910
    5537
    5845
    5672
    4995
    4182
    3672
    3333
    3083
    2996
    3056
    3284
    3228
    3007
    3022
    2843
    2717
    2575
    2530
    2390
    2481
    2513
    2473
    2428
    2476
    2452
    2393
    2499
    2483
    2479
    2377
    2469
    2499
    2369
    2427
    2339
    2353
    2338
    2391
    2358
    2292
    2356
    2442
    2412
    2592
    2571
    2707
    2715
    2720
    2678
    2559
    2654
    2709
    2806
    2743
    2817
    2960
    2840
    2909
    2850
    2769
    2784
    2673
    2559
    2438
    2415
    2384
    2493
    2520
    2635
    2811
    2974
    3119
    3138
    2976
    2832
    2709
    2824
    2782
    2679
    2593
    2525
    2405
    2334
    2291
    2273
    2265
    2153
    2288
    2336
    2483
    2567
    2773
    2949
    3034
    3133
    3396
    3707
    3930
    3997
    3958
    3615
    3539
    3560
    3534
    3750
    3750
    3773
    3539
    3311
    3068
    2981
    2674
    2540
    2650
    2495
    2338
    2336
    2229
    2229
    2196
    2185
    2190
    2113
    2098
    2196
    2162
    2193
    2231
    2278
    2292
    2481
    2535
    2812
    3149
    3457
    3703
    3675
    3594
    3366
    3400
    3656
    4201
    5266
    6485
    7770
    8584
    8995
    9478
   10032
   11725
   14681
   19488
   24087
   26807
   26801
   23066
   17506
   11782
    7275
    4562
    3111
    2437
    2185
    2164
    2129
    2139
    2200
    2217
    2371
    2433
    2452
    2660
    2628
    2611
    2539
    2519
    2147
    2176
    2166
    2096
    2103
    2190
    2091
    2155
    2209
    2228
    2489
    2728
    3012
    3330
    3496
    3813
    4270
    4356
    4500
    4524
    4455
    3988
    3458
    2926
    2557
    2257
    2094
    2027
    2036
    2165
    2366
    2411
    2930
    3261
    3884
    4414
    5239
    6243
    7681
    9783
   11896
   14040
   14789
   14349
   11948
    8914
    5964
    3968
    2789
    2268
    2060
    2133
    2126
    2274
    2293
    2425
    2487
    2355
    2277
    2118
    1828
    1811
    1725
    1814
    1727
    1802
    1798
    1697
    1724
    1760
    1671
    1636
    1655
    1700
    1669
    1671
    1634
    1588
    1691
    1658
    1725
    1649
    1523
    1653
    1647
    1647
    1650
    1573
    1731
    1764
    1704
    1740
    1715
    1661
    1792
    1701
    1684
    1663
    1547
    1663
    1559
    1486
    1490
    1509
    1551
    1557
    1551
    1536
    1590
    1498
    1572
    1543
    1535
    1591
    1569
    1619
    1471
    1510
    1507
    1542
    1501
    1563
    1582
    1642
    1538
    1475
    1489
    1511
    1470
    1462
    1478
    1518
    1367
    1471
    1512
    1428
    1470
    1522
    1410
    1574
    1502
    1546
    1447
    1473
    1412
    1453
    1480
    1397
    1412
    1451
    1450
    1457
    1455
    1434
    1473
    1559
    1534
    1636
    1767
    1826
    1811
    1841
    1766
    1678
    1600
    1630
    1595
    1561
    1626
    1757
    1874
    2073
    2242
    2313
    2368
    2415
    2202
    1921
    1750
    1685
    1515
    1398
    1322
    1406
    1392
    1379
    1377
    1352
    1390
    1422
    1452
    1599
    1724
    1959
    2145
    2610
    2892
    3266
    3395
    3324
    3097
    2680
    2264
    2048
    1901
    1823
    1800
    1726
    1597
    1519
    1414
    1353
    1245
    1313
    1319
    1292
    1262
    1228
    1279
    1307
    1357
    1488
    1652
    1726
    1831
    2067
    2364
    2465
    2524
    2600
    2440
    2350
    2074
    1963
    1689
    1589
    1506
    1480
    1467
    1486
    1573
    1667
    1725
    1944
    1971
    2037
    2035
    2015
    1761
    1572
    1437
    1434
    1329
    1376
    1441
    1476
    1658
    1616
    1635
    1603
    1454
    1395
    1314
    1205
    1161
    1150
    1137
    1172
    1204
    1124
    1159
    1202
    1212
    1181
    1211
    1232
    1348
    1335
    1526
    1651
    1715
    1911
    2122
    2418
    2625
    3074
    3248
    3450
    3590
    3346
    3368
    3298
    3636
    4461
    5587
    7617
   10642
   13908
   17840
   20880
   22099
   21509
   18712
   14228
    9495
    5738
    3611
    2228
    1775
    1410
    1314
    1316
    1367
    1496
    1640
    1926
    2183
    2548
    2755
    3334
    4086
    4944
    6056
    6742
    7147
    7068
    6388
    5176
    4031
    2972
    2318
    1870
    1770
    1530
    1530
    1382
    1385
    1403
    1345
    1406
    1436
    1660
    1845
    2275
    2493
    2725
    2745
    2686
    2459
    2059
    1809
    1464
    1448
    1380
    1352
    1367
    1359
    1387
    1313
    1321
    1331
    1335
    1433
    1511
    1634
    1762
    1801
    1719
    1652
    1564
    1441
    1332
    1179
    1105
    1129
    1113
    1046
    1126
    1175
    1125
    1106
    1145
    1109
    1184
    1150
    1132
    1118
    1154
    1192
    1121
    1215
    1166
    1231
    1231
    1138
    1103
    1185
    1091
    1071
    1104
    1086
    1088
    1032
    1074
    1024
    1079
    1054
     972
    1024
    1103
    1069
    1093
    1139
    1262
    1236
    1198
    1266
    1317
    1279
    1374
    1292
    1327
    1364
    1368
    1282
    1341
    1344
    1151
    1137
    1085
    1056
     980
     976
    1011
     946
     995
     947
     978
     990
    1023
    1058
    1029
    1040
    1003
    1025
    1008
    1009
     956
    1018
    1056
    1051
    1118
    1143
    1159
    1136
    1231
    1378
    1581
    1711
    2068
    2415
    2946
    3530
    4352
    5078
    5550
    5950
    5816
    5305
    4460
    3499
    2782
    2033
    1724
    1527
    1494
    1329
    1266
    1155
    1069
    1068
    1019
    1058
     972
     978
    1026
     977
     975
     962
     943
     965
     938
     966
     950
     976
    1013
    1047
    1107
    1137
    1260
    1352
    1534
    1766
    1991
    2384
    2677
    3188
    3884
    4881
    6147
    8432
   11207
   14292
   16259
   17522
   17920
   16696
   13895
   10214
    6834
    4272
    2941
    2156
    1824
    1794
    1891
    2365
    2882
    3513
    3948
    4317
    4399
    4183
    3656
    3016
    2619
    2213
    2136
    2219
    2331
    2450
    2474
    2422
    2170
    1911
    1628
    1394
    1263
    1134
    1172
    1087
    1086
     949
     967
     958
    1030
    1092
    1109
    1114
    1149
    1079
    1117
    1029
    1047
     996
     933
     915
     937
     907
     925
     920
     939
     976
    1009
     981
    1049
    1030
    1010
    1181
    1248
    1387
    1607
    1798
    2360
    2901
    3574
    4212
    4808
    5146
    5244
    4889
    4305
    3506
    2739
    2037
    1586
    1349
    1221
    1067
    1133
    1112
    1174
    1188
    1147
    1118
    1061
    1058
    1110
    1064
    1041
    1104
    1127
    1126
    1224
    1203
    1182
    1081
    1046
     960
    1003
     944
    1001
     934
     960
     973
     996
     951
     908
     897
     897
     897
     855
     898
     921
     897
     902
     899
     969
    1002
    1067
    1037
    1106
    1069
    1137
    1019
     998
    1014
     903
     888
     885
     840
     866
     935
     916
     833
     851
     878
     908
     857
     849
     874
     900
     928
     934
     941
     982
     938
     931
     967
     957
     969
     949
     949
     962
     984
     897
     912
     969
    1043
    1056
    1131
    1166
    1254
    1465
    1727
    2031
    2315
    2659
    2796
    2952
    3013
    2824
    2499
    2033
    1714
    1506
    1222
    1051
    1035
     918
     903
     868
     861
     895
     896
     938
     873
     942
     919
     921
     974
     919
    1001
     933
    1009
     957
    1006
     993
     894
     904
     853
     817
     842
     818
     777
     781
     787
     813
     789
     778
     795
     808
     761
     805
     832
     831
     856
     874
     854
     985
     979
    1045
    1203
    1386
    1468
    1608
    1807
    1917
    1982
    2004
    1995
    1883
    1713
    1477
    1244
    1086
     919
     875
     842
     761
     771
     786
     777
     774
     905
     892
     997
     998
    1008
    1067
    1085
    1020
    1008
     999
     951
     902
     921
     837
     878
     838
     875
     819
     871
     870
     910
     983
    1055
    1074
    1090
    1066
    1062
    1044
     961
    1029
     925
     954
     953
     984
     990
     988
     901
     883
     887
     824
     824
     831
     827
     777
     793
     826
     788
     868
     822
     801
     818
     804
     775
     753
     741
     752
     739
     780
     757
     733
     770
     778
     725
     728
     733
     721
     719
     734
     744
     728
     742
     760
     747
     752
     821
     916
     931
    1010
    1139
    1369
    1478
    1542
    1595
    1623
    1619
    1617
    1371
    1308
    1194
    1069
     963
     871
     906
     881
     859
     885
     794
     808
     859
     851
     796
     754
     723
     788
     747
     778
     729
     786
     746
     733
     741
     720
     731
     671
     742
     718
     730
     720
     757
     734
     696
     711
     691
     733
     705
     724
     714
     757
     756
     791
     891
     802
     866
     795
     857
     957
     983
    1051
    1043
    1069
    1054
    1052
    1003
     939
     866
     818
     790
     706
     749
     792
     714
     723
     682
     667
     680
     718
     721
     693
     749
     697
     686
     756
     755
     788
     796
     800
     867
     819
     886
     832
     856
     862
     889
     886
     975
     940
    1054
    1143
    1226
    1292
    1363
    1346
    1422
    1479
    1289
    1234
    1134
    1007
     888
     762
     688
     782
     690
     705
     711
     680
     745
     705
     719
     742
     756
     747
     742
     748
     822
     864
     919
    1006
    1041
    1080
    1108
    1070
    1008
     891
     813
     806
     746
     716
     746
     765
     777
     760
     843
    1011
    1048
    1268
    1446
    1811
    2044
    2392
    2498
    2578
    2603
    2566
    2237
    1981
    1498
    1178
     947
     788
     744
     721
     634
     645
     600
     623
     617
     680
     656
     666
     620
     703
     594
     662
     643
     707
     667
     719
     761
     737
     821
     834
     845
     915
     828
     846
     846
     801
     710
     698
     689
     733
     740
     746
     781
     811
     980
    1010
    1173
    1232
    1283
    1262
    1280
    1248
    1172
    1174
     993
     844
     749
     659
     689
     647
     620
     608
     619
     598
     626
     637
     635
     613
     638
     655
     669
     655
     653
     687
     652
     693
     710
     750
     854
     799
     796
     871
     884
     899
     882
     828
     842
     854
     917
     871
     896
     953
     958
     942
     919
     943
     946
     964
     843
     800
     748
     664
     663
     643
     601
     588
     594
     633
     577
     672
     646
     637
     674
     631
     644
     627
     571
     613
     629
     573
     601
     621
     614
     683
     679
     634
     657
     607
     612
     660
     626
     621
     636
     652
     559
     599
     622
     634
     583
     571
     571
     585
     575
     611
     560
     583
     592
     607
     590
     568
     616
     600
     620
     603
     598
     651
     672
     591
     619
     633
     622
     664
     625
     603
     623
     679
     700
     648
     654
     646
     651
     620
     578
     591
     606
     605
     611
     600
     593
     584
     577
     574
     577
     561
     577
     575
     562
     607
     621
     627
     615
     565
     611
     606
     609
     643
     598
     578
     608
     588
     597
     614
     546
     591
     575
     602
     640
     574
     631
     657
     609
     700
     761
     815
     831
     948
    1141
    1296
    1517
    1824
    2185
    2594
    2894
    3153
    3390
    3527
    3571
    3415
    3127
    2653
    2153
    1511
    1216
     986
     875
     870
     800
     803
     872
     846
     932
     924
     853
     883
     872
     830
     773
     694
     701
     685
     684
     694
     665
     725
     808
     898
    1085
    1077
    1268
    1419
    1468
    1437
    1598
    1547
    1448
    1320
    1150
     910
     797
     692
     669
     615
     593
     599
     570
     507
     603
     593
     577
     543
     575
     578
     569
     551
     559
     538
     562
     597
     564
     568
     561
     577
     552
     592
     574
     613
     614
     596
     616
     610
     595
     569
     561
     576
     574
     551
     538
     470
     540
     543
     539
     548
     553
     524
     526
     531
     563
     508
     563
     525
     525
     542
     487
     483
     508
     520
     529
     489
     493
     498
     576
     561
     504
     542
     547
     532
     473
     536
     498
     481
     516
     519
     527
     513
     490
     495
     538
     526
     514
     500
     492
     461
     514
     536
     512
     509
     507
     499
     533
     518
     479
     500
     501
     528
     492
     493
     528
     480
     517
     535
     501
     532
     512
     522
     529
     498
     530
     482
     513
     551
     516
     487
     504
     504
     516
     510
     475
     537
     528
     504
     529
     472
     514
     497
     465
     475
     500
     467
     508
     569
     527
     519
     559
     561
     596
     578
     554
     550
     566
     590
     588
     541
     535
     523
     632
     599
     592
     660
     665
     674
     677
     668
     684
     644
     596
     587
     583
     528
     510
     470
     477
     486
     499
     437
     502
     467
     483
     488
     474
     503
     483
     555
     487
     540
     563
     525
     590
     582
     589
     590
     624
     610
     619
     602
     606
     640
     581
     521
     500
     505
     524
     480
     489
     524
     545
     550
     537
     531
     583
     630
     639
     704
     774
     853
     886
     823
     922
     991
     963
    1004
     937
     898
     909
     877
     877
     828
    1011
    1099
    1323
    1592
    1808
    2153
    2328
    2649
    2822
    2742
    2961
    2761
    2586
    2269
    1851
    1390
    1005
     882
     781
     724
     611
     576
     511
     525
     546
     536
     497
     501
     516
     502
     479
     511
     558
     541
     537
     518
     632
     610
     625
     512
     578
     592
     570
     548
     571
     643
     591
     628
     720
     637
     752
     680
     719
     694
     635
     594
     577
     553
     530
     529
     488
     428
     439
     481
     438
     405
     449
     438
     407
     451
     460
     460
     506
     434
     455
     486
     429
     490
     471
     447
     493
     460
     463
     456
     463
     482
     409
     455
     418
     488
     461
     457
     423
     434
     468
     493
     467
     471
     510
     509
     466
     511
     554
     568
     514
     553
     510
     508
     490
     465
     518
     494
     480
     468
     431
     425
     413
     438
     417
     433
     415
     405
     415
     397
     429
     457
     417
     425
     472
     405
     440
     477
     467
     509
     425
     458
     449
     465
     456
     425
     421
     427
     419
     408
     402
     407
     382
     397
     388
     412
     378
     406
     434
     386
     413
     405
     374
     370
     399
     378
     414
     426
     362
     430
     378
     381
     382
     388
     382
     397
     411
     417
     400
     446
     423
     373
     362
     387
     369
     415
     402
     407
     418
     386
     426
     432
     422
     404
     386
     411
     402
     427
     429
     426
     472
     464
     491
     438
     454
     469
     462
     445
     437
     432
     447
     450
     409
     404
     387
     395
     374
     394
     412
     365
     372
     332
     439
     415
     371
     389
     381
     375
     363
     402
     371
     361
     386
     338
     367
     363
     344
     383
     376
     404
     347
     384
     376
     366
     371
     350
     338
     416
     365
     344
     370
     357
     370
     370
     344
     393
     339
     350
     363
     346
     355
     384
     367
     351
     373
     400
     381
     399
     379
     395
     425
     398
     413
     429
     462
     443
     515
     491
     497
     527
     516
     485
     466
     482
     489
     471
     467
     459
     483
     452
     467
     409
     419
     377
     385
     370
     325
     359
     354
     337
     326
     341
     350
     383
     370
     361
     359
     347
     357
     362
     356
     350
     350
     359
     356
     374
     381
     370
     372
     361
     404
     377
     391
     480
     469
     519
     502
     598
     651
     743
     876
    1045
    1278
    1541
    1952
    2143
    2448
    2616
    2767
    2786
    2883
    2918
    2705
    2459
    2035
    1616
    1161
     877
     685
     556
     455
     439
     395
     358
     327
     310
     331
     290
     315
     362
     306
     333
     339
     312
     324
     355
     334
     331
     318
     312
     324
     293
     349
     360
     364
     394
     362
     379
     374
     379
     383
     387
     389
     408
     392
     411
     385
     382
     425
     393
     397
     399
     379
     388
     360
     395
     393
     339
     340
     334
     291
     301
     311
     275
     328
     298
     354
     302
     320
     331
     341
     308
     308
     344
     335
     311
     375
     315
     343
     323
     343
     334
     331
     345
     363
     365
     379
     392
     408
     468
     491
     492
     496
     529
     519
     514
     470
     501
     473
     477
     451
     417
     348
     340
     339
     349
     335
     359
     356
     317
     312
     342
     303
     306
     325
     347
     303
     296
     277
     333
     289
     313
     299
     292
     316
     293
     311
     326
     292
     306
     303
     347
     332
     342
     335
     329
     311
     298
     337
     349
     286
     308
     353
     252
     304
     296
     302
     309
     298
     337
     303
     320
     352
     306
     281
     296
     306
     301
     312
     333
     289
     308
     298
     301
     314
     308
     314
     283
     302
     300
     304
     298
     288
     302
     281
     254
     245
     308
     281
     272
     274
     287
     273
     283
     279
     273
     291
     314
     275
     270
     276
     312
     266
     263
     304
     283
     295
     264
     281
     258
     283
     288
     317
     279
     277
     293
     291
     287
     258
     284
     270
     296
     258
     280
     283
     289
     280
     266
     267
     317
     274
     285
     274
     316
     274
     296
     290
     300
     316
     295
     339
     345
     354
     367
     320
     378
     386
     345
     377
     339
     365
     351
     350
     315
     302
     286
     296
     311
     299
     273
     317
     284
     308
     332
     380
     384
     339
     370
     329
     338
     356
     370
     355
     339
     319
     337
     370
     362
     332
     347
     343
     399
     356
     415
     334
     390
     383
     377
     360
     336
     298
     332
     307
     316
     302
     323
     290
     303
     279
     294
     289
     327
     309
     338
     355
     367
     376
     432
     493
     541
     648
     732
     840
    1072
    1200
    1377
    1542
    1644
    1726
    1775
    1789
    1832
    1866
    1826
    1644
    1388
    1136
     862
     784
     561
     459
     433
     413
     364
     327
     307
     319
     310
     283
     287
     274
     267
     260
     281
     257
     258
     277
     285
     271
     299
     323
     344
     342
     363
     369
     369
     384
     405
     399
     460
     444
     425
     397
     437
     408
     423
     422
     410
     464
     478
     496
     560
     565
     535
     613
     541
     584
     560
     508
     507
     414
     383
     319
     327
     318
     294
     308
     295
     288
     277
     293
     301
     315
     324
     295
     296
     344
     321
     321
     320
     311
     265
     267
     250
     250
     263
     277
     243
     247
     292
     263
     262
     247
     247
     251
     292
     261
     258
     266
     238
     268
     242
     282
     258
     259
     274
     284
     276
     288
     282
     275
     272
     266
     243
     250
     251
     272
     257
     251
     277
     247
     268
     264
     310
     283
     287
     267
     277
     263
     265
     274
     260
     247
     281
     252
     244
     248
     267
     284
     269
     239
     274
     279
     286
     222
     301
     279
     256
     297
     295
     307
     285
     293
     295
     284
     262
     267
     259
     293
     293
     321
     258
     295
     274
     327
     295
     330
     291
     334
     329
     318
     351
     340
     330
     389
     376
     434
     450
     526
     543
     696
     704
     715
     826
     765
     777
     825
     879
     837
     823
     782
     654
     549
     419
     353
     327
     316
     318
     278
     242
     259
     216
     248
     255
     248
     242
     261
     267
     275
     226
     239
     228
     223
     229
     266
     243
     254
     229
     250
     255
     244
     269
     244
     233
     252
     250
     250
     257
     253
     240
     215
     226
     268
     252
     226
     236
     243
     236
     237
     209
     231
     234
     235
     206
     213
     218
     199
     223
     208
     226
     253
     240
     235
     233
     252
     245
     241
     212
     247
     237
     224
     219
     222
     236
     228
     215
     210
     218
     219
     253
     215
     259
     225
     231
     231
     204
     225
     237
     201
     221
     257
     235
     220
     244
     219
     255
     245
     250
     244
     256
     258
     237
     256
     247
     305
     287
     297
     290
     259
     296
     311
     300
     279
     294
     285
     270
     245
     249
     230
     215
     224
     238
     226
     236
     215
     239
     244
     222
     205
     204
     226
     196
     252
     229
     233
     222
     240
     217
     245
     262
     246
     221
     225
     212
     256
     243
     251
     216
     250
     265
     251
     225
     240
     245
     228
     255
     226
     245
     228
     229
     226
     229
     224
     247
     232
     268
     255
     243
     256
     290
     271
     270
     332
     343
     302
     305
     303
     345
     331
     315
     312
     325
     302
     310
     261
     238
     241
     212
     218
     254
     228
     220
     205
     226
     202
     233
     196
     212
     238
     221
     196
     219
     217
     212
     212
     213
     215
     227
     227
     205
     197
     219
     205
     196
     223
     210
     213
     185
     200
     221
     230
     219
     195
     194
     206
     190
     212
     215
     222
     206
     206
     186
     181
     212
     174
     210
     173
     190
     203
     211
     188
     193
     179
     209
     199
     217
     217
     195
     204
     212
     227
     242
     206
     199
     194
     238
     210
     227
     212
     191
     247
     209
     227
     243
     242
     255
     285
     268
     281
     275
     283
     269
     286
     278
     261
     266
     218
     249
     226
     218
     215
     240
     205
     217
     191
     195
     190
     211
     196
     208
     196
     196
     182
     182
     200
     217
     217
     193
     205
     209
     191
     219
     201
     214
     188
     215
     194
     203
     176
     184
     195
     197
     184
     209
     184
     182
     199
     209
     180
     182
     189
     197
     190
     185
     186
     194
     202
     171
     187
     199
     186
     214
     225
     196
     215
     173
     201
     209
     242
     243
     245
     259
     222
     259
     288
     241
     276
     262
     271
     240
     272
     234
     219
     217
     217
     216
     182
     177
     196
     185
     191
     183
     193
     167
     174
     188
     183
     173
     158
     192
     180
     167
     186
     165
     180
     187
     195
     183
     187
     211
     163
     194
     205
     201
     182
     210
     202
     192
     207
     206
     212
     201
     201
     206
     194
     197
     190
     195
     177
     162
     168
     173
     205
     188
     164
     172
     150
     185
     182
     157
     166
     181
     159
     175
     154
     186
     167
     182
     178
     162
     153
     160
     191
     184
     165
     185
     177
     170
     163
     154
     176
     168
     178
     172
     144
     165
     155
     170
     154
     170
     181
     182
     136
     158
     152
     174
     178
     160
     156
     160
     165
     150
     161
     180
     159
     189
     152
     170
     170
     166
     163
     182
     152
     190
     172
     156
     169
     163
     208
     175
     168
     176
     166
     186
     156
     179
     168
     180
     180
     173
     183
     196
     172
     166
     174
     196
     176
     159
     180
     179
     190
     177
     156
     163
     171
     169
     157
     182
     157
     176
     158
     166
     178
     159
     178
     160
     157
     157
     147
     174
     153
     162
     163
     156
     170
     172
     166
     165
     144
     153
     158
     161
     158
     135
     160
     168
     159
     150
     159
     161
     168
     180
     179
     190
     187
     220
     216
     249
     250
     272
     316
     342
     392
     436
     547
     566
     590
     575
     666
     622
     621
     659
     691
     651
     647
     601
     510
     451
     369
     303
     259
     235
     205
     197
     176
     178
     163
     172
     180
     165
     150
     161
     171
     167
     176
     153
     158
     145
     159
     129
     165
     150
     152
     168
     154
     159
     158
     135
     130
     145
     151
     153
     125
     169
     154
     141
     132
     159
     150
     158
     158
     156
     132
     155
     155
     146
     168
     173
     183
     175
     197
     184
     213
     245
     247
     316
     274
     298
     316
     323
     314
     294
     362
     320
     350
     328
     342
     300
     323
     270
     224
     191
     195
     165
     162
     153
     153
     142
     144
     150
     139
     136
     131
     129
     148
     158
     119
     145
     143
     154
     135
     140
     122
     143
     154
     134
     136
     150
     155
     143
     158
     149
     142
     127
     152
     153
     146
     161
     155
     153
     135
     145
     138
     148
     133
     140
     133
     154
     130
     109
     118
     159
     134
     136
     135
     143
     117
     137
     136
     136
     143
     142
     158
     188
     179
     143
     179
     202
     173
     191
     186
     195
     175
     202
     200
     203
     180
     186
     161
     156
     161
     170
     143
     162
     142
     147
     138
     141
     139
     153
     149
     155
     160
     156
     162
     166
     143
     178
     181
     162
     174
     157
     165
     178
     177
     155
     185
     190
     161
     158
     145
     155
     153
     160
     136
     141
     131
     117
     123
     151
     126
     136
     121
     134
     131
     133
     145
     117
     134
     130
     117
     126
     110
     130
     137
     129
     139
     150
     108
     139
     131
     120
     135
     118
     152
     142
     144
     109
     124
     130
     127
     131
     128
     110
     135
     130
     122
     149
     108
     138
     131
     141
     133
     147
     109
     124
     111
     102
     123
     146
     122
     116
     117
     135
     132
     123
     135
     128
     141
     122
     159
     133
     128
     147
     139
     145
     150
     152
     162
     185
     197
     186
     192
     240
     252
     277
     304
     364
     359
     432
     433
     486
     448
     503
     524
     467
     503
     479
     502
     496
     462
     402
     337
     296
     238
     229
     153
     174
     141
     121
     142
     133
     125
     124
     149
     124
     131
     119
     122
     134
     111
     133
     112
     137
     109
     122
     125
     114
     115
     115
     125
     115
     102
     135
     122
     115
     110
     118
     111
     117
     135
     127
     128
     117
     129
     126
     123
     129
     118
     129
     127
     121
     105
      90
     117
     118
     113
     118
     106
     135
     114
     126
     129
     108
     115
     116
     118
     134
     126
     147
     131
     130
     108
      98
     112
     123
     109
     107
     110
     103
     120
     128
     135
     114
     119
     106
     123
     129
     142
     158
     165
     155
     163
     148
     194
     173
     170
     198
     207
     217
     257
     249
     246
     257
     280
     277
     276
     288
     262
     310
     289
     265
     279
     268
     226
     196
     207
     163
     150
     148
     122
     122
     114
     120
     111
     106
     122
     130
     139
     147
     123
     132
     125
     123
     112
     122
     120
     117
     134
     140
     131
     140
     135
     121
     147
     126
     122
     118
     126
     133
     140
     135
     103
     118
     119
     113
     113
     105
     115
     118
     123
     114
     110
     110
     102
     101
      99
      85
      86
     108
     125
     109
      96
     103
     111
     102
     106
     115
      97
      93
     121
      96
     104
     108
     113
      98
     105
     112
     108
     115
     118
     117
     111
     132
     112
     107
     110
     113
     124
     104
     108
     110
     108
     105
     107
     120
     131
     101
     111
     119
     114
     112
      93
     123
     118
     106
     120
     127
     116
     103
     125
     104
     121
     128
     117
     118
      95
     132
     107
     106
     120
     117
     104
     133
     102
     109
      98
     116
     108
     115
     114
      98
      99
     112
     112
     107
     116
     111
      80
      99
     111
     103
     109
     127
      94
     113
     114
     111
     117
     119
      88
     109
     116
     114
     118
     111
     117
     116
     111
     112
     121
     117
     106
     119
     123
     100
     114
     109
     116
     113
      89
     104
      97
     105
      95
      94
      92
      95
     119
     104
      97
     100
      96
      97
      95
     126
     110
     118
     120
     102
     107
     110
     118
     120
     136
     125
     130
     153
     166
     129
     146
     145
     149
     169
     177
     158
     148
     172
     153
     150
     122
     144
     114
     131
     125
     143
     108
     111
      96
     130
      95
     131
     107
     122
     117
     116
      98
     117
     120
     109
     117
      96
     103
     107
     103
      86
      84
     106
      98
     100
      98
     100
     106
      89
      88
     101
      87
     113
      98
      93
      95
      98
      80
      80
      91
     103
     113
     100
     106
     105
     105
      94
     106
      91
      88
      88
     101
     113
      92
      92
      90
      88
      95
      79
     102
      88
     116
     103
      92
     116
      84
      96
      92
      91
     120
     103
     118
      71
      81
      91
     104
      89
      97
      86
      97
     104
      69
      92
      93
      92
      91
      86
      81
      94
      79
     120
      92
      96
     103
      92
      76
      69
      86
      85
     111
      89
      80
      91
      90
     102
      73
     100
      84
      80
      81
      82
      97
      86
      87
      85
      84
      91
      95
      94
      99
      94
      95
     106
      85
      82
      72
      77
      77
      76
      87
      69
      86
      93
      99
      84
      85
      86
      78
      90
      89
      87
      77
      74
      76
      88
      76
      87
      81
      72
      81
      67
      72
      85
      96
      81
      79
      86
      73
     101
      80
      92
      94
      90
     103
      90
     104
      89
      92
      81
      78
      91
      78
      88
     100
      83
      98
      97
      79
      75
      85
      74
      98
      94
     103
     109
     122
     116
      94
     114
      97
     117
     113
     115
     114
     131
     130
     111
      91
      95
      79
      96
     100
     104
     114
     112
     108
     108
     104
     109
     102
     113
     103
      87
      76
      72
      82
      97
      88
      75
      72
      91
      83
      80
      73
     100
      83
      84
      87
      75
      87
      95
      79
      85
      87
      82
      83
      86
      76
      92
      79
      94
      73
      83
      78
      84
      63
      83
      85
      77
      88
      77
      73
      80
      87
      95
      89
      74
      91
      91
      92
     121
      97
      95
      83
     100
      95
      98
     103
     110
     108
     107
     110
     127
     110
     106
     129
     118
     126
     104
     101
      98
     107
     113
     115
      98
     103
      90
     101
     129
     111
     110
     111
     103
     106
      99
      71
     102
      98
      98
     101
     106
     100
     106
     106
     104
      99
     101
     102
     127
     106
     123
     105
     116
     120
     111
     120
     102
     104
      90
     100
      96
      89
      93
      75
      83
      75
      92
      76
      86
      84
      91
      92
      77
      83
      81
      81
      78
      74
      73
      84
      66
      75
      82
      85
      93
      77
      83
      81
      89
      88
      62
      53
      68
      71
      82
      69
      86
      82
      90
      76
      73
      72
      80
      78
      64
      82
      81
      83
      70
      82
      83
      82
      60
      77
      72
      75
      94
      82
      76
      69
      62
      85
     101
      75
      76
      69
      85
      79
      84
      70
      66
      65
      78
      71
      81
      69
      73
      52
      67
      67
      60
      69
      67
      61
      65
      76
      92
      88
      70
      80
      67
      75
      63
      82
      79
      85
      79
      74
      72
      80
      84
      89
      80
      60
      82
      84
      69
      72
      72
      71
      78
      82
      82
      80
      71
      80
      71
     100
      78
      82
      59
      83
      65
      89
      85
      85
      74
      79
      82
      70
      94
      68
      93
      84
      76
      86
      80
      80
      86
      88
      81
      91
      88
      97
      70
      84
      89
      89
      78
      81
      75
      86
      78
      83
      93
      74
      62
      94
      58
      74
      69
      92
      84
      99
      83
      91
      61
      86
      79
      74
      64
      73
      73
      62
      74
      74
      91
      72
      75
      62
      83
      74
      73
      71
      89
      67
      85
      58
      75
      82
      68
      70
      69
      67
      69
      75
      75
      73
      70
      81
      71
      62
      68
      66
      65
      74
      61
      66
      70
      65
      71
      74
      65
      66
      81
      64
      83
      64
      67
      67
      53
      70
      70
      73
      62
      71
      70
      63
      56
      73
      73
      69
      74
      63
      64
      60
      63
      74
      85
      61
      66
      65
      66
      62
      83
      68
      71
      62
      74
      69
      60
      67
      66
      58
      67
      68
      57
      58
      61
      65
      74
      81
      67
      62
      63
      62
      76
      54
      80
      90
      44
      58
      71
      73
      76
      57
      53
      67
      68
      57
      70
      65
      69
      65
      74
      64
      40
      53
      67
      70
      62
      61
      51
      65
      49
      52
      64
      76
      66
      56
      68
      69
      58
      69
      74
      84
      67
      66
      61
      85
      73
      61
      49
      55
      66
      64
      64
      62
      63
      56
      54
      60
      61
      61
      51
      55
      68
      57
      71
      64
      66
      81
      87
      78
      58
      65
      56
      70
      85
      77
      89
      70
      59
      78
      95
      87
      80
      90
      80
      84
      78
      80
      81
      84
      75
      89
      91
     100
      97
      96
     108
     112
     108
     102
     112
     137
     101
     138
     115
     123
     157
     129
     132
     102
     125
      95
     111
      81
      68
      53
      73
      84
      52
      59
      63
      56
      44
      72
      60
      68
      60
      51
      60
      59
      63
      56
      53
      59
      47
      50
      43
      56
      59
      54
      60
      60
      59
      61
      61
      59
      59
      64
      58
      62
      46
      58
      60
      46
      60
      55
      57
      36
      62
      54
      69
      58
      61
      49
      53
      66
      57
      48
      65
      63
      59
      47
      42
      69
      56
      40
      66
      52
      49
      60
      61
      66
      66
      63
      56
      75
      63
      70
      63
      65
      80
      45
      70
      67
      70
      71
      71
      67
      79
      73
      78
      77
      65
      53
      48
      42
      59
      53
      44
      45
      61
      51
      50
      46
      54
      65
      58
      41
      50
      36
      38
      51
      51
      51
      48
      53
      46
      46
      44
      41
      60
      65
      60
      54
      57
      54
      50
      52
      51
      47
      58
      61
      50
      58
      62
      54
      60
      62
      57
      55
      76
      78
      58
      45
      63
      83
      67
      59
      71
      74
      70
      73
      65
      61
      59
      52
      66
      48
      46
      45
      57
      45
      54
      48
      43
      53
      65
      46
      49
      59
      56
      38
      45
      43
      58
      43
      49
      48
      44
      57
      41
      34
      54
      40
      50
      54
      53
      57
      40
      29
      38
      56
      43
      51
      39
      43
      41
      46
      46
      45
      37
      48
      42
      65
      44
      42
      48
      49
      41
      45
      48
      45
      34
      54
      58
      44
      43
      39
      49
      41
      45
      35
      41
      44
      45
      47
      46
      46
      45
      53
      35
      50
      29
      55
      49
      34
      50
      42
      48
      39
      53
      53
      55
      41
      41
      45
      48
      45
      51
      42
      57
      50
      38
      62
      47
      48
      43
      41
      42
      49
      46
      39
      46
      44
      44
      27
      40
      48
      47
      44
      43
      46
      35
      45
      49
      39
      45
      40
      44
      41
      43
      43
      49
      34
      32
      44
      45
      50
      43
      32
      47
      43
      45
      42
      38
      48
      46
      37
      50
      42
      54
      39
      40
      37
      39
      47
      38
      41
      49
      47
      38
      44
      39
      45
      53
      29
      50
      46
      38
      39
      35
      45
      37
      43
      59
      42
      43
      41
      41
      34
      49
      28
      35
      33
      40
      50
      24
      42
      40
      32
      39
      42
      32
      29
      35
      43
      38
      31
      50
      43
      34
      47
      44
      39
      49
      34
      44
      43
      38
      38
      22
      39
      44
      42
      39
      34
      33
      35
      31
      48
      38
      39
      34
      42
      49
      48
      47
      32
      45
      29
      39
      37
      40
      39
      43
      45
      51
      36
      43
      47
      39
      43
      52
      38
      40
      33
      42
      39
      34
      45
      43
      29
      36
      43
      36
      35
      38
      42
      37
      41
      37
      38
      35
      33
      33
      34
      37
      41
      33
      34
      48
      38
      31
      40
      32
      25
      34
      34
      39
      32
      35
      31
      27
      39
      43
      35
      31
      35
      33
      34
      49
      37
      31
      33
      31
      30
      47
      29
      36
      28
      44
      41
      35
      40
      34
      42
      32
      46
      49
      47
      50
      35
      51
      57
      51
      45
      56
      62
      47
      60
      57
      76
      62
      74
      78
      93
      99
     145
     131
     125
     167
     151
     160
     158
     187
     181
     195
     189
     192
     198
     210
     208
     208
     233
     197
     185
     157
     133
     129
      86
      95
      76
      68
      63
      55
      71
      49
      59
      59
      67
      65
      58
      46
      37
      29
      44
      46
      56
      47
      38
      44
      42
      51
      60
      69
      57
      70
      50
      46
      62
      64
      58
      65
      71
      71
      40
      48
      52
      57
      53
      47
      35
      38
      25
      33
      35
      37
      34
      37
      36
      28
      37
      33
      34
      30
      36
      34
      28
      26
      19
      36
      29
      28
      40
      28
      33
      33
      34
      32
      41
      32
      25
      29
      38
      40
      28
      29
      29
      32
      34
      30
      34
      34
      29
      33
      27
      45
      32
      23
      29
      35
      35
      31
      34
      30
      32
      33
      34
      30
      31
      33
      43
      34
      27
      31
      38
      32
      33
      42
      36
      33
      25
      36
      35
      33
      38
      30
      26
      37
      22
      30
      29
      36
      25
      35
      29
      37
      28
      30
      31
      30
      28
      28
      31
      23
      24
      32
      22
      34
      30
      33
      28
      38
      25
      32
      24
      27
      31
      29
      29
      39
      25
      24
      34
      32
      35
      35
      24
      31
      35
      28
      26
      35
      30
      30
      34
      19
      22
      34
      32
      33
      29
      36
      14
      33
      36
      29
      33
      37
      41
      30
      28
      26
      36
      26
      43
      42
      34
      18
      24
      29
      32
      37
      18
      44
      23
      24
      25
      31
      27
      23
      34
      25
      24
      33
      28
      23
      24
      20
      21
      23
      23
      19
      22
      23
      25
      24
      28
      21
      24
      22
      28
      31
      29
      25
      30
      25
      26
      22
      36
      35
      33
      30
      25
      26
      34
      20
      21
      34
      22
      32
      19
      34
      17
      36
      24
      19
      31
      32
      26
      30
      38
      15
      21
      23
      37
      23
      37
      22
      28
      34
      17
      32
      16
      18
      26
      28
      40
      33
      33
      25
      26
      24
      36
      30
      31
      33
      31
      29
      29
      26
      30
      19
      29
      31
      26
      27
      29
      13
      18
      28
      35
      35
      28
      27
      21
      29
      30
      25
      26
      24
      25
      19
      23
      26
      23
      24
      26
      30
      22
      19
      24
      29
      28
      15
      27
      19
      32
      26
      32
      27
      24
      33
      29
      27
      22
      25
      25
      33
      25
      27
      18
      28
      16
      26
      23
      25
      24
      29
      23
      18
      25
      24
      34
      29
      28
      32
      32
      26
      23
      22
      18
      25
      22
      28
      32
      38
      30
      28
      44
      27
      24
      24
      33
      33
      29
      34
      30
      31
      30
      29
      36
      34
      34
      37
      31
      46
      36
      19
      36
      25
      42
      25
      23
      43
      30
      34
      26
      34
      33
      31
      20
      23
      34
      27
      28
      17
      31
      15
      32
      27
      26
      24
      26
      22
      27
      21
      31
      23
      17
      37
      19
      21
      15
      29
      20
      22
      27
      29
      17
      20
      22
      23
      30
      24
      11
      18
      21
      22
      18
      17
      19
      22
      19
      22
      19
      30
      22
      19
      22
      26
      24
      24
      25
      27
      31
      25
      27
      29
      22
      29
      15
      25
      18
      24
      31
      27
      20
      32
      23
      27
      22
      20
      20
      22
      17
      25
      27
      23
      27
      20
      27
      18
      21
      20
      24
      21
      22
      18
      20
      18
      25
      23
      17
      14
      26
      21
      25
      20
      27
      23
      17
      25
      27
      14
      26
      21
      23
      27
      26
      26
      24
      24
      27
      18
      21
      22
      27
      15
      19
      28
      19
      20
      17
      22
      28
      11
      16
      15
      25
      16
      17
      15
      18
      16
      18
      24
      21
      21
      23
      25
      19
      20
      13
      24
      21
      11
      25
      17
      23
      12
      22
      20
      24
      19
      28
      20
      20
      18
      21
      17
      25
      30
      22
      21
      24
      12
      16
      22
      28
      17
      21
      15
      21
      18
      18
      25
      16
      32
      17
      27
      23
      17
      16
      25
      17
      18
      15
      17
      17
      17
      25
      16
      19
      16
      23
      25
      20
      21
      25
      25
      18
      17
      15
      17
      14
      17
      23
      16
      24
      20
      18
      25
      24
      23
      24
      22
      22
      14
      32
      12
      24
      18
      26
      19
      19
      16
      24
      21
      27
      17
      19
      13
      17
      19
      20
      24
      18
      18
      19
      24
      18
      14
      12
      21
      23
      19
      26
      18
      20
      14
      15
      21
      27
      16
      26
      19
      14
      21
      21
      12
      14
      13
      20
      25
      27
      20
      24
      19
      17
      15
      22
      14
      17
      13
      17
      19
      14
      17
      25
      27
      14
      30
      21
      27
      18
      21
      16
      24
      27
      19
      14
      15
      14
      14
      26
      28
      21
      14
      11
      17
      29
      14
      18
      20
      23
      19
      22
      22
      17
      23
      26
      22
      24
      17
      17
      19
      27
      25
      25
      29
      26
      27
      22
      25
      29
      24
      25
      23
      24
      16
      13
      21
      18
      21
      23
      12
      22
      23
      18
      20
      22
      15
      17
      20
      14
      26
      25
      24
      13
      15
      19
      22
      20
      21
      22
      14
      11
      15
      22
      12
      20
      15
      26
      26
      22
      12
      14
      14
      15
      16
      24
      14
      21
      15
       9
      28
      19
      17
      17
      16
      18
      19
      16
      12
      22
      15
       9
      17
      20
      14
      13
      20
       9
      16
      11
      21
      14
      16
      22
      17
      20
      20
      15
      17
      17
      17
      15
      16
      18
      14
      14
      15
      13
      11
      16
      21
      20
      13
      18
      15
      17
      16
       9
       9
      17
      13
      16
      17
      15
      15
      18
      19
      22
      11
      17
      21
      20
      12
      14
      16
      14
      14
      16
      21
      20
      17
      26
      23
      22
      21
      16
      19
      12
      18
       7
      16
      14
      13
      13
      15
      13
      17
      13
      23
      15
      13
      18
      20
      24
      14
      13
      24
      15
      12
      10
      12
      16
      18
      16
      19
      16
      16
      18
      10
      23
      12
      22
      12
      11
      18
      11
      16
      16
      13
      18
      18
      16
      21
      17
      17
      19
      30
      14
      23
      18
      22
      15
      25
      17
      19
      23
      26
      20
      34
      19
      17
      19
      18
      24
      16
      15
      13
      12
      16
      12
      24
      11
      12
      11
      19
      19
      22
      19
      11
       8
      15
      14
      11
       9
      11
      19
      17
      12
      21
      22
      22
       9
       9
       8
      15
      12
      12
      13
      21
      24
      16
      17
      15
      10
      19
      11
      16
      16
      10
      19
       9
      12
      12
      18
      13
      16
      19
      18
      10
      13
      15
      14
       9
      17
       7
      10
      15
       9
       9
      16
       9
      11
      15
      11
      18
       6
      15
      13
      13
       8
      16
      12
       5
      12
       8
      11
      14
      13
      11
       7
      14
      16
      13
      17
      12
      21
      17
      20
      15
      11
      16
      21
      14
      16
      15
      11
      14
      11
      20
      13
      11
      17
       7
      13
      17
      12
      15
       9
      16
      18
      21
       9
      16
      15
      18
      12
      17
       5
      14
      16
      16
      16
      18
      12
      14
      12
      14
      11
      15
      11
       9
      17
      14
      12
      15
      14
      22
      10
      12
      15
      11
      13
      15
      10
      17
       8
      11
      14
      14
      12
       8
      13
      10
      11
      18
      11
      12
      14
       8
      11
      12
      17
      16
      14
      25
      12
       9
      15
      10
      12
      14
      11
      16
      18
      12
      13
      16
      13
      10
      17
      11
      14
      18
      15
       9
       9
       9
      10
      11
      14
       9
      16
       9
       7
      13
      15
      11
      17
      11
       9
      13
      16
      17
      16
       5
       9
      13
      12
      11
      12
      13
      11
      10
      17
      11
      12
      12
      13
      11
      14
      10
      10
      23
      19
      12
      13
      21
       5
      14
      11
      15
       8
       7
      13
      18
       7
      10
       8
       7
      16
      16
      16
      12
       6
      13
      14
      14
      15
       8
       3
       8
       3
      13
      13
      12
      11
       8
      15
      10
       9
      11
      12
      13
      19
      12
      15
      11
      16
      11
       7
      12
      15
      12
       9
      10
      11
      11
       3
       8
       7
       7
      13
       7
      17
      16
      18
      16
      10
      12
      12
      11
      11
      11
      14
      12
      17
       6
      11
       9
      10
       8
      18
      11
      13
      13
      10
       3
       9
      10
      12
       6
      14
      13
      15
      16
       9
      14
      17
      16
       6
       8
      13
       9
       8
      17
       9
       8
      11
      17
      12
      10
      11
      12
      18
      14
      13
       9
      12
       8
       8
       9
      11
       6
       8
       6
       9
       7
       9
      10
       6
      12
      11
       9
       9
       6
       7
      22
      14
      10
      11
      15
      11
      12
       5
      11
      13
      11
       7
      12
      10
       8
       9
       8
       6
       9
       6
      11
      13
      12
      13
       9
      14
      11
       8
      10
       9
       9
       6
      16
      12
      11
      11
      13
       7
       9
      11
       8
       9
       8
       6
      10
       7
      17
      10
       8
       6
      11
       7
      10
       5
       9
      13
       9
       5
       8
      12
      16
      13
       9
      13
       8
      12
      11
      12
      11
       5
       8
       9
      10
      13
       8
      14
       7
      12
       5
      14
      10
      12
       9
       5
      14
      13
      11
       9
       9
      11
       9
       8
       9
       7
       7
      13
       8
       7
      13
      12
       5
      10
       6
       6
      10
      11
      12
      16
      10
      10
      11
      15
      15
      15
       7
       4
      14
      11
       8
      10
       6
       7
       9
       7
      11
      10
       8
      11
       8
       8
       7
       9
       8
      12
      15
       8
       6
       7
      10
      12
       8
      11
       9
      10
       8
       8
      10
       7
       9
       4
      14
      12
       7
       8
      16
       3
      11
      11
       5
      14
       6
      17
      12
      13
      12
      16
       7
      11
      15
      12
      11
       8
      11
      15
      11
      14
      11
      15
       8
       6
       7
      11
      11
      10
       7
       7
      12
       8
      13
       8
       5
      10
       7
       6
       7
      11
      17
       5
      14
      13
       7
      11
       7
       5
      14
       5
      21
      14
       8
       9
      13
       8
       6
      11
      12
       5
       7
       8
      11
      13
      11
       9
       9
      13
       5
       5
       4
      14
      16
       8
      11
      11
       8
       9
       6
       7
       9
      10
       7
       9
       8
       7
      13
       9
      14
       5
      11
       2
      11
       9
       5
      11
       5
       9
       4
      11
      10
       9
       7
      11
       6
       7
      12
       7
       9
       8
      11
       8
       7
      11
       9
       8
      10
      13
       7
      12
       8
       8
      14
      11
       6
       9
      11
      10
       6
       9
       2
      11
      13
       6
      10
       6
      11
       6
       7
       7
       6
       9
       5
       8
       8
       8
      10
       5
      10
       5
       6
       9
       8
       6
      10
       6
       6
       9
       4
      12
      12
       7
      10
       9
      11
       9
       7
       9
      11
       8
       9
      14
      13
       5
       8
       8
       8
       8
       7
       5
       7
      10
      10
       8
       7
      10
       7
       4
       6
       6
       9
       5
      12
       2
       9
       6
       8
       9
      11
      10
      10
       9
      11
       7
      12
       8
       9
       7
       8
       5
       9
       7
       8
      10
       7
      11
      14
       7
      12
      11
       4
       8
       9
       6
       9
      14
       9
       9
      13
       7
       8
       8
      10
      12
       7
       9
       8
      14
       6
       6
      10
      10
       9
       6
       5
      14
       3
       7
      14
       7
      12
       4
       9
      13
      10
      11
      11
      10
       9
       9
       6
       8
      10
       7
       8
       6
      11
       8
      12
       3
       5
       7
       6
       5
       3
       9
       6
       8
      11
      14
       7
       6
       9
       7
       3
      10
      10
      11
       5
       5
       5
       5
      12
       8
       6
       8
       8
       7
       9
       7
       7
      14
       4
       7
       5
       6
       3
       8
       4
      10
       3
       5
       3
       5
       7
       7
       6
      11
      16
       3
       8
       7
       8
       7
       5
       4
       7
       9
       8
      11
       6
       6
       9
      11
      11
       5
      10
       9
       3
       7
       6
       6
       8
      11
       6
      11
      14
       7
       4
       8
      10
       7
       4
       9
       4
       9
      10
      10
       8
      13
       7
      10
       5
       8
       6
       6
       8
       3
       8
       5
       6
       8
       8
      11
      13
       9
       7
      13
       6
       8
       6
       8
      12
      11
       9
      11
       4
       6
      11
       6
       4
      11
       7
       6
       8
      13
      12
      10
       5
       4
       9
       6
       6
       5
       7
       6
       4
       6
      11
       7
       9
       2
       8
       3
      11
       5
       5
       6
       9
       6
      12
       0
       2
       9
       4
       5
       6
       4
       4
       7
       9
       8
       9
       6
       8
      10
      10
       3
       8
       7
      11
      11
       7
       3
       4
       4
       7
       8
       5
       3
      11
       9
       8
       5
       3
       5
       6
       8
       3
       6
       4
       7
       6
       6
       6
       5
       7
       9
       9
       3
       4
       4
       6
       7
       8
       6
       2
       6
       5
       8
       2
      13
       6
      15
       5
       6
      11
       4
       7
       9
      10
       9
       9
       9
       8
       5
      10
       3
      10
       8
       4
       2
       2
       2
       7
       6
       3
       7
       4
       8
       8
       8
       9
       6
       7
       9
       3
       3
       7
       6
       6
       8
       6
       8
       7
       9
       5
       4
       8
       9
       4
       6
       4
       7
       3
      10
       8
       9
       4
       8
       5
       5
       6
       3
       8
       5
       3
       1
       0
       1
       0
       0
       0
       0
       0
       0
       0
       0
       0
       0
       0
       0
       0
       0
       0
       0
       0
       0
       0
       0
       1
       0
       0
       0
       0
       0
       0
       0
       0
       0
       0
       0
       0
       0
       0
       0
       0
       0
       0
       0
       0
       0
       0
       1
       0
       0
       0
       0
       0
       0
       0
       0
       0
       0
       0
       0
       0
       0
       0
       0
       0
       0
       0
       0
       0
       0
       0
       0
       0
       0
       0
       0
       0
       0
       0
       0
       0
       0
       0
       0
       0
       0
       0
       0
       0
       0
       0
       0
       0
       0
       0
       0
       0
       0
       0
       0
       0
       0
       0
       0
       0
       0
       0
       0
       0
       0
       0
       0
       0
       0
       0
       0
       0
       0
       0
       0
       0
       0
       0
       0
       0
       0
       0
       0
       0
       0
       0
       0
       0
       0
       0
       0
       0
       0
       0
       0
       0
       0
       0
       0
       0
       0
       0
       0
       0
       0
       0
       0
       0
       0
       0
       0
       0
       0
       0
       0
       0
       0
       0
       0
       0
       0
       0
       0
       0
       0
       0
       0
       0
       0
       0
       0
       0
       0
       0
       0
       0
       0
       0
       0
       0
       0
$ROI:
24
43 57
143 159
196 212
298 314
354 370
455 478
509 527
607 627
687 707
750 770
857 879
886 908
981 1003
1652 1680
1940 1984
2242 2276
2410 2444
2500 2534
2714 2752
2779 2839
2910 2975
3330 3374
3517 3563
4577 4648
$PRESETS:
None
0
0
$ENER_FIT:
-0.400801 0.397322
$MCA_CAL:
3
-4.008010E-001 3.973216E-001 -1.307090E-010 keV
$SHAPE_CAL:
3
2.969388E+000 2.442717E-003 8.917358E-008
