$SPEC_ID:
Pulser
$SPEC_REM:
DET# 2
DETDESC# DETECTOR 2
AP# GammaVision Version 7.01.03
$DATE_MEA:
04/26/2017 10:40:23
$MEAS_TIM:
6747 6971
$DATA:
0 8191
       0
       0
       0
       0
       0
       0
       0
       0
       0
       0
       0
       0
       0
       0
       0
       0
       0
       0
       0
       0
       0
       0
       0
     559
   30411
   36382
   21218
   18228
   16855
   16592
   16883
   18285
   20996
   25667
   29114
   27769
   23794
   20604
   19852
   20943
   24050
   27782
   30066
   29648
   27226
   23762
   20882
   19708
   19204
   19791
   20586
   21674
   21560
   20536
   19652
   19259
   19078
   18517
   18690
   19335
   20724
   20973
   20609
   19806
   19056
   19158
   19022
   19397
   19525
   20312
   21116
   20973
   20812
   20499
   19696
   19435
   19314
   19770
   19611
   19152
   19184
   19312
   19117
   19293
   19200
   19076
   19078
   19337
   20497
   22206
   23926
   24182
   22535
   20579
   19765
   19412
   19696
   20034
   20232
   20271
   20675
   20874
   22058
   22528
   22092
   21671
   21667
   21127
   21084
   21135
   21176
   21671
   21518
   21901
   21932
   22070
   22236
   22535
   23181
   22832
   23322
   23464
   23854
   24784
   26074
   27166
   27469
   27019
   26483
   26170
   26270
   26378
   26711
   27059
   27430
   28022
   28326
   28586
   29070
   29561
   29797
   29812
   30679
   32149
   34344
   35484
   35402
   36724
   45777
   65188
   82364
   79770
   60343
   43523
   36361
   34623
   34278
   34508
   35483
   36854
   37161
   36771
   36885
   37705
   38032
   37203
   36404
   36001
   35916
   36142
   36058
   36777
   36821
   37298
   38006
   38783
   39702
   40880
   41140
   42660
   45911
   57334
   82545
  111918
  120746
   99510
   80126
   94699
  141546
  176816
  157962
  103043
   61406
   43795
   38864
   38485
   37901
   37749
   38187
   38218
   38390
   39486
   40588
   42655
   44298
   44580
   43766
   42514
   41744
   43193
   45478
   53017
   67604
   85921
   94354
   83729
   64464
   51742
   48444
   52117
   56948
   57176
   51897
   45118
   41061
   38701
   37973
   37598
   37544
   38019
   38488
   38292
   39797
   40968
   41869
   44464
   56823
   86366
  121622
  135974
  114032
   79703
   58687
   59823
   74394
   93984
  121817
  166273
  203399
  194605
  141975
   89662
   65929
   70770
   90623
  100909
   89647
   65005
   45734
   38139
   37872
   40240
   39844
   37107
   33745
   32869
   35453
   39603
   40986
   37705
   32667
   29198
   27751
   27196
   27838
   29547
   33765
   42789
   55673
   69036
   78423
   76957
   64729
   50528
   41674
   41584
   47594
   57514
   64307
   63567
   54886
   44033
   35515
   31342
   29840
   29817
   30478
   30348
   29256
   27530
   26346
   26045
   25539
   25475
   26062
   25405
   25800
   25495
   25413
   25136
   25103
   25221
   25140
   25034
   25027
   25065
   25176
   25159
   25098
   25075
   25241
   25148
   25429
   25797
   26244
   27316
   28855
   29376
   28813
   27389
   26259
   25815
   25221
   25638
   25248
   25468
   25360
   25401
   25649
   25482
   25373
   25542
   25102
   25578
   25538
   25359
   25198
   25110
   25397
   25513
   25677
   28902
   35260
   44647
   53309
   52755
   43910
   34628
   28083
   25822
   24973
   24875
   24686
   24623
   24971
   25176
   25733
   25399
   25234
   24322
   24332
   23905
   24031
   23967
   24480
   25615
   26566
   27654
   29550
   32681
   38097
   41917
   40694
   34861
   29001
   24663
   23189
   22343
   22728
   22396
   22497
   22477
   22669
   22865
   22490
   22205
   23269
   25222
   28423
   32285
   33731
   31834
   27758
   24357
   22605
   21909
   21744
   21761
   21800
   21490
   22432
   22607
   22822
   23702
   24847
   25663
   26160
   26225
   25877
   25276
   23768
   22539
   22029
   21798
   21839
   21430
   21569
   20987
   20869
   20933
   20535
   20654
   20298
   20692
   20733
   20633
   20760
   20667
   20627
   20577
   20499
   20361
   20518
   20918
   20754
   20893
   21153
   20948
   21017
   21006
   20695
   20370
   20903
   21087
   22302
   22930
   23897
   23691
   22810
   21768
   21172
   20637
   20859
   20564
   20712
   20784
   20679
   21000
   20865
   20944
   21007
   20753
   20541
   20388
   20372
   20422
   20578
   20360
   20610
   20410
   20544
   20415
   20408
   20319
   20209
   20237
   20314
   20638
   20465
   20335
   20345
   21100
   22549
   25268
   27871
   28694
   27418
   24733
   22542
   20924
   20611
   20296
   20354
   20362
   20961
   20686
   20847
   20829
   20557
   20055
   20287
   20304
   20575
   20601
   20895
   20590
   20047
   20025
   19706
   20061
   21801
   27440
   38034
   52388
   62748
   63163
   51400
   37423
   27256
   22491
   21033
   20433
   20577
   20243
   19966
   19152
   18981
   18510
   18634
   18633
   18424
   18500
   18228
   18266
   18398
   18083
   17850
   18196
   17957
   17852
   17871
   18151
   18170
   18729
   19280
   20189
   20263
   19895
   18832
   18244
   17581
   17388
   16952
   17161
   17039
   16953
   16795
   16810
   16552
   16651
   17220
   18954
   22658
   29912
   39784
   47468
   48169
   40528
   30244
   22253
   17963
   17089
   16709
   16733
   16808
   16669
   16205
   16256
   15532
   15385
   15411
   15341
   15002
   14898
   14931
   15070
   14767
   14958
   14597
   14582
   14543
   14519
   14475
   14582
   14922
   15212
   15856
   16247
   16189
   15987
   15558
   14836
   14178
   13908
   13897
   13581
   13817
   13746
   13686
   13678
   13383
   13406
   13541
   13727
   15934
   23010
   41105
   74406
  116703
  148009
  148928
  118877
   74361
   39823
   21553
   15249
   13388
   13164
   13319
   13446
   13689
   13799
   13392
   13316
   12616
   12331
   11767
   11932
   11949
   12002
   12102
   12216
   12302
   12083
   11847
   11758
   11871
   12249
   12653
   13254
   14659
   16412
   16993
   17043
   15749
   14067
   12707
   12092
   12161
   13233
   14435
   16893
   18671
   19661
   18440
   16061
   13730
   12204
   11616
   11277
   11360
   11197
   11203
   11148
   10972
   11314
   11380
   11962
   12082
   12587
   12659
   12541
   12373
   12078
   11720
   11556
   11737
   12443
   13513
   14664
   14779
   13977
   12756
   11272
   10649
   10219
   10022
   10130
   10175
   10068
   10127
   10077
    9888
   10161
   10076
   10357
   10726
   10688
   10418
   10683
   10310
   10073
   10305
   10609
   11063
   12199
   13359
   13412
   13068
   12124
   11085
   10409
   10163
   10210
   10796
   12612
   16305
   21274
   26709
   28929
   26904
   21636
   16008
   12484
   10519
    9792
    9438
    9197
    9425
    9712
   10444
   10796
   11277
   11228
   10570
   10118
    9594
    9062
    8879
    8860
    9054
    9032
    8944
    8790
    9277
    9784
   10487
   11639
   12238
   12402
   12119
   11525
   11262
   10502
    9630
    9161
    8938
    8754
    8771
    8585
    8673
    8650
    8677
    8603
    8669
    8724
    8832
    9198
    9950
   11487
   12906
   14522
   15065
   14764
   14822
   15006
   16054
   16569
   16067
   14447
   12840
   11973
   12196
   13126
   14003
   13641
   12608
   10859
    9570
    8733
    8667
    8623
    8571
    8781
    8898
    8842
    8745
    8451
    8560
    8568
    8500
    8889
    9033
    8975
    8714
    8627
    8259
    8486
    8332
    8460
    8388
    8433
    8613
    8830
    8988
    9389
    9803
   10206
   10103
   10040
   10009
    9767
   10011
    9866
   10005
   10143
   10472
   10524
   10358
    9582
    9017
    8431
    8406
    8337
    8728
    9209
    9636
    9583
    9339
    8878
    8473
    8387
    8064
    8105
    8189
    8262
    8393
    8652
    8776
    8530
    8321
    8093
    8107
    7924
    7833
    7753
    7819
    7854
    7964
    8105
    8577
    9065
    9427
    9628
    9343
    9007
    8369
    7978
    7792
    7634
    7705
    7519
    8132
    8468
    8872
    9111
    9234
    9045
    8353
    8093
    7681
    7660
    7725
    7881
    8185
    8081
    7997
    7731
    7483
    7480
    7582
    7843
    7891
    8171
    8558
    9440
   10518
   11672
   12212
   11932
   10867
    9413
    8369
    7596
    7406
    7215
    7056
    6975
    6902
    6902
    6832
    6730
    6951
    6955
    6853
    6791
    6726
    6657
    6526
    6440
    6475
    6537
    6524
    6421
    6577
    6537
    6534
    6422
    6521
    6527
    6300
    6342
    6351
    6466
    6523
    6418
    6613
    6594
    6344
    6423
    6438
    6320
    6209
    6258
    6059
    6036
    6022
    6064
    6037
    6034
    5954
    5890
    6048
    6013
    6043
    6123
    5975
    5933
    5969
    5934
    6027
    6306
    6019
    5973
    6084
    6183
    6190
    6579
    6837
    7231
    7609
    7631
    7601
    7067
    6562
    6069
    5744
    5743
    5681
    5946
    5750
    5738
    5727
    5724
    5656
    5838
    5704
    5917
    5833
    5998
    6077
    6158
    6277
    6477
    6448
    6546
    6550
    6288
    6241
    5962
    6115
    5767
    6010
    5846
    5857
    5837
    6005
    6204
    6114
    5901
    5914
    5916
    5830
    5928
    5823
    5818
    5693
    5828
    5943
    6254
    6558
    6634
    6737
    6696
    6452
    6315
    6058
    6099
    6599
    6937
    7731
    8368
    8626
    8505
    7776
    6891
    6264
    5796
    5632
    5500
    5461
    5492
    5646
    5610
    5760
    5692
    5831
    5860
    5860
    5826
    5642
    5379
    5414
    5327
    5380
    5287
    5376
    5117
    5312
    5451
    5563
    5862
    6083
    6268
    6469
    6574
    6385
    6165
    5847
    5944
    5952
    5887
    6068
    6150
    5998
    5734
    5640
    5580
    5331
    5354
    5386
    5271
    5487
    5398
    5597
    5502
    5518
    5406
    5472
    5277
    5253
    5353
    5299
    5214
    5268
    5215
    5255
    5271
    5310
    5566
    5539
    5658
    5957
    5995
    5802
    6071
    6469
    6877
    7190
    7221
    7291
    6723
    6147
    5730
    5624
    5495
    5639
    5632
    5707
    5855
    5885
    5791
    5729
    5415
    5434
    5255
    5096
    5082
    5179
    5211
    5163
    5268
    5345
    5503
    5830
    6195
    6371
    6703
    6543
    6466
    6092
    5777
    5429
    5259
    5190
    5338
    5291
    5094
    5118
    5122
    5086
    5054
    5029
    5038
    5083
    5253
    5488
    6056
    7137
    8284
    9869
   11308
   11846
   11460
   10342
    8491
    7131
    6237
    5910
    5770
    5761
    5802
    5933
    5772
    5556
    5286
    5143
    4856
    4909
    4788
    4666
    4702
    4681
    4550
    4868
    4786
    4620
    4811
    4642
    4634
    4654
    4730
    4602
    4933
    4634
    4672
    4552
    4467
    4604
    4470
    4570
    4483
    4660
    4675
    4886
    4957
    5237
    5159
    5225
    5065
    5114
    4856
    4943
    5162
    5295
    5468
    5368
    5617
    5414
    5519
    5412
    5195
    5089
    4914
    4648
    4589
    4671
    4680
    4846
    5044
    5388
    5610
    5686
    5759
    5581
    5396
    5546
    5440
    5362
    5142
    4896
    4765
    4672
    4578
    4406
    4331
    4374
    4403
    4414
    4326
    4601
    4763
    5086
    5458
    5625
    5844
    6328
    6834
    7080
    7396
    7269
    6933
    6764
    6874
    7030
    7373
    7275
    7130
    6762
    6664
    5952
    5854
    5376
    5076
    4948
    4719
    4516
    4327
    4355
    4313
    4254
    4141
    4242
    4200
    4060
    4253
    4156
    4153
    4244
    4201
    4389
    4633
    4892
    5244
    5844
    6253
    6650
    6722
    6580
    6213
    6423
    6968
    8241
   10122
   12584
   14639
   16441
   17046
   17574
   18188
   20919
   26525
   34095
   42276
   46680
   46329
   40295
   30612
   20741
   12721
    8086
    5903
    4535
    4303
    4118
    4127
    4101
    4235
    4358
    4434
    4639
    4848
    4961
    4993
    4810
    4670
    4567
    4329
    4324
    4222
    4171
    4137
    4261
    4246
    4162
    4406
    4453
    4766
    5380
    6017
    6565
    7198
    7766
    8162
    8433
    8699
    8991
    8526
    7806
    6790
    5557
    4780
    4372
    4028
    3945
    3874
    4093
    4608
    5057
    5845
    6727
    8022
    9344
   10689
   12452
   14684
   18539
   22486
   26029
   27855
   25999
   22268
   16457
   11276
    7450
    5324
    4399
    3884
    3972
    4160
    4462
    4703
    4864
    4927
    4684
    4455
    4147
    3650
    3533
    3296
    3340
    3426
    3451
    3413
    3368
    3279
    3268
    3086
    3221
    3276
    3297
    3241
    3141
    3191
    3145
    3235
    3134
    3135
    3149
    3115
    3086
    3184
    3198
    3216
    3226
    3249
    3347
    3262
    3476
    3376
    3338
    3304
    3311
    3089
    3128
    3190
    3066
    3077
    3077
    3032
    3010
    2950
    3030
    3014
    3057
    3085
    3068
    3154
    3097
    3239
    3123
    3120
    3101
    3000
    3113
    3029
    2976
    3024
    3062
    2988
    2967
    2888
    2945
    2878
    2840
    2926
    2931
    2952
    2937
    2845
    3003
    2955
    2934
    2946
    3006
    2908
    3028
    2878
    2943
    2938
    2918
    2906
    2720
    2881
    2846
    2892
    2741
    2796
    2704
    2877
    2806
    2942
    2993
    3004
    3225
    3369
    3420
    3410
    3442
    3418
    3296
    3050
    3079
    2991
    3073
    3232
    3360
    3626
    3778
    4025
    4198
    4397
    4357
    4018
    3717
    3393
    3017
    2903
    2824
    2736
    2730
    2735
    2733
    2775
    2814
    2844
    2786
    2981
    3129
    3364
    3609
    4110
    4722
    5563
    5899
    6034
    5924
    5326
    4870
    4271
    4001
    3753
    3580
    3442
    3307
    3159
    3034
    2831
    2828
    2556
    2505
    2575
    2488
    2504
    2559
    2556
    2646
    2662
    2879
    2989
    3371
    3710
    3970
    4324
    4637
    4732
    4811
    4713
    4505
    4058
    3662
    3342
    3078
    2991
    2989
    2982
    2924
    3144
    3371
    3486
    3821
    3742
    3944
    3967
    3772
    3307
    3047
    2928
    2829
    2914
    2973
    3393
    3525
    3834
    3959
    3983
    3920
    3492
    3164
    2726
    2561
    2484
    2344
    2414
    2347
    2351
    2365
    2423
    2402
    2338
    2413
    2581
    2544
    2624
    2794
    2862
    2974
    3268
    3627
    4139
    4620
    4994
    5737
    6292
    6665
    6823
    6682
    6466
    6524
    6914
    8063
   10283
   13545
   18830
   25370
   31601
   36945
   39033
   38111
   32633
   24924
   17142
   10479
    6507
    4330
    3183
    2734
    2473
    2562
    2677
    2823
    3179
    3509
    3937
    4505
    5158
    5816
    7121
    8797
   10392
   11805
   12575
   12292
   11377
    9241
    7112
    5324
    4109
    3732
    3260
    3102
    2827
    2809
    2657
    2716
    2652
    2737
    3025
    3364
    3872
    4501
    5206
    5851
    5813
    5675
    5185
    4347
    3595
    3085
    2704
    2646
    2673
    2705
    2679
    2670
    2652
    2694
    2602
    2785
    2926
    3054
    3177
    3342
    3290
    3262
    3212
    3029
    2781
    2562
    2305
    2260
    2199
    2068
    2197
    2121
    2091
    2176
    2193
    2237
    2196
    2229
    2239
    2183
    2255
    2257
    2374
    2288
    2475
    2453
    2432
    2383
    2390
    2238
    2352
    2179
    2162
    2120
    2110
    2185
    2162
    2093
    2087
    2047
    2023
    2067
    2123
    2110
    2093
    2208
    2334
    2366
    2313
    2479
    2442
    2546
    2514
    2594
    2681
    2639
    2743
    2645
    2657
    2541
    2478
    2324
    2238
    2202
    2072
    1997
    2100
    2053
    1934
    1958
    1984
    2043
    2126
    2151
    2009
    1994
    2087
    2122
    1904
    2049
    1950
    2000
    2041
    2168
    2173
    2137
    2167
    2296
    2223
    2460
    2653
    3041
    3418
    4076
    4811
    5929
    7166
    8664
   10251
   11561
   12053
   12165
   11210
    9363
    7300
    5411
    4048
    3412
    2980
    2733
    2563
    2443
    2253
    2113
    2137
    2039
    2038
    1938
    2010
    2006
    1993
    1906
    1946
    1869
    1924
    1910
    1878
    2050
    1911
    1999
    1986
    2119
    2307
    2362
    2643
    2929
    3248
    3659
    4236
    4903
    5883
    7042
    8739
   11369
   14953
   19942
   24821
   29326
   31415
   31506
   29415
   24737
   18464
   12267
    7795
    5312
    4028
    3516
    3430
    3894
    4639
    5413
    6632
    7534
    8111
    8212
    7859
    7149
    5976
    4950
    4358
    4160
    4296
    4501
    4734
    4665
    4686
    4171
    3718
    3074
    2728
    2417
    2241
    2150
    2172
    2030
    2038
    2006
    2043
    2069
    2164
    2170
    2210
    2287
    2383
    2284
    2137
    2076
    1947
    1891
    1920
    1820
    1757
    1800
    1866
    1912
    1902
    1970
    2041
    2072
    2140
    2092
    2245
    2339
    2715
    2950
    3445
    4201
    5148
    6349
    7509
    8397
    8945
    9148
    8639
    7517
    6147
    4794
    3777
    2959
    2451
    2238
    2218
    2149
    2182
    2217
    2319
    2196
    2168
    2205
    2093
    2085
    2004
    2105
    2122
    2271
    2217
    2370
    2255
    2294
    2068
    2090
    2007
    2000
    2029
    2016
    2056
    2049
    2014
    1958
    1906
    1819
    1821
    1836
    1747
    1735
    1876
    1850
    1825
    1894
    1753
    1859
    1918
    2079
    2017
    2018
    2161
    1986
    2041
    1915
    1853
    1823
    1828
    1780
    1777
    1742
    1843
    1787
    1794
    1769
    1726
    1675
    1682
    1741
    1687
    1777
    1749
    1864
    1802
    1881
    1871
    1931
    1931
    2040
    1992
    2050
    1896
    1935
    1929
    1965
    1814
    1946
    1994
    1995
    2136
    2365
    2667
    2916
    3403
    4006
    4516
    5210
    5823
    6125
    6030
    5818
    5111
    4314
    3428
    2868
    2400
    2138
    1983
    1819
    1755
    1804
    1794
    1745
    1748
    1799
    1872
    1823
    1815
    1909
    1871
    1908
    2022
    2008
    2127
    2087
    2035
    1949
    1966
    1831
    1756
    1733
    1706
    1610
    1592
    1548
    1660
    1574
    1641
    1693
    1624
    1656
    1690
    1655
    1653
    1743
    1698
    1792
    1755
    1979
    2139
    2386
    2525
    2772
    3124
    3367
    3749
    3917
    4016
    3982
    3848
    3672
    3435
    3008
    2536
    2134
    1893
    1672
    1642
    1632
    1681
    1629
    1630
    1711
    1792
    1801
    2033
    2038
    2240
    2254
    2306
    2311
    2316
    2308
    2206
    2187
    2269
    2015
    1920
    1940
    1824
    1773
    1797
    1745
    1819
    1989
    2069
    1996
    2090
    2165
    2113
    2021
    1930
    1882
    1838
    1821
    1841
    1876
    1858
    1881
    1887
    1803
    1832
    1772
    1770
    1650
    1578
    1630
    1738
    1693
    1693
    1658
    1644
    1594
    1690
    1590
    1578
    1668
    1508
    1539
    1520
    1458
    1426
    1471
    1531
    1426
    1511
    1435
    1526
    1489
    1429
    1478
    1469
    1463
    1434
    1605
    1558
    1576
    1754
    1742
    1896
    2100
    2258
    2496
    2712
    2973
    3068
    3206
    3169
    3117
    2812
    2635
    2326
    2093
    1926
    1840
    1811
    1795
    1653
    1682
    1736
    1766
    1695
    1741
    1650
    1758
    1756
    1766
    1738
    1754
    1684
    1699
    1609
    1531
    1495
    1472
    1496
    1475
    1519
    1456
    1477
    1415
    1364
    1405
    1415
    1467
    1498
    1459
    1436
    1494
    1555
    1533
    1557
    1622
    1694
    1770
    1782
    1859
    1957
    2127
    2147
    2273
    2311
    2370
    2352
    2304
    2302
    2059
    1939
    1756
    1595
    1517
    1490
    1426
    1388
    1474
    1377
    1398
    1451
    1425
    1455
    1387
    1401
    1498
    1454
    1519
    1480
    1593
    1597
    1611
    1551
    1631
    1649
    1722
    1705
    1843
    1783
    1956
    1922
    1969
    2143
    2263
    2430
    2699
    2894
    2876
    3022
    2870
    2781
    2565
    2194
    2018
    1827
    1566
    1516
    1429
    1464
    1419
    1407
    1374
    1354
    1422
    1345
    1454
    1429
    1482
    1584
    1485
    1702
    1732
    1905
    2009
    2138
    2073
    2130
    1959
    1979
    1829
    1647
    1570
    1402
    1505
    1494
    1467
    1560
    1582
    1792
    1965
    2258
    2560
    3041
    3613
    4288
    4822
    5124
    5399
    5352
    5088
    4506
    3889
    3166
    2393
    1901
    1621
    1519
    1316
    1366
    1320
    1322
    1261
    1234
    1328
    1300
    1309
    1344
    1293
    1266
    1224
    1333
    1369
    1423
    1411
    1471
    1639
    1688
    1694
    1702
    1765
    1717
    1615
    1630
    1592
    1505
    1405
    1447
    1397
    1498
    1652
    1648
    1689
    1868
    2054
    2145
    2301
    2434
    2479
    2498
    2412
    2284
    2065
    1808
    1665
    1461
    1350
    1296
    1293
    1251
    1234
    1269
    1261
    1311
    1264
    1281
    1264
    1339
    1260
    1233
    1323
    1308
    1328
    1358
    1439
    1473
    1604
    1662
    1756
    1777
    1827
    1814
    1846
    1893
    1781
    1831
    1706
    1761
    1802
    1864
    1846
    2002
    1930
    1919
    1841
    1874
    1775
    1664
    1557
    1387
    1305
    1306
    1196
    1215
    1321
    1350
    1269
    1309
    1401
    1276
    1363
    1367
    1347
    1356
    1301
    1293
    1235
    1227
    1229
    1285
    1258
    1217
    1261
    1165
    1220
    1251
    1276
    1291
    1261
    1255
    1216
    1261
    1236
    1225
    1235
    1246
    1157
    1198
    1147
    1185
    1262
    1235
    1169
    1156
    1232
    1205
    1212
    1221
    1212
    1217
    1265
    1305
    1182
    1250
    1237
    1279
    1263
    1248
    1264
    1238
    1267
    1304
    1301
    1279
    1344
    1316
    1302
    1287
    1346
    1288
    1235
    1259
    1276
    1164
    1219
    1235
    1148
    1164
    1202
    1226
    1158
    1142
    1237
    1215
    1136
    1162
    1156
    1238
    1180
    1241
    1254
    1144
    1215
    1170
    1285
    1241
    1191
    1201
    1200
    1138
    1220
    1222
    1162
    1278
    1221
    1228
    1207
    1232
    1341
    1343
    1463
    1524
    1558
    1763
    1852
    2175
    2420
    2964
    3397
    4094
    4917
    5598
    6095
    6532
    6646
    6582
    6480
    5781
    4971
    3910
    3104
    2364
    1892
    1851
    1715
    1648
    1722
    1879
    1859
    1883
    1950
    2019
    1939
    1758
    1603
    1600
    1437
    1329
    1418
    1274
    1452
    1413
    1571
    1623
    1876
    2022
    2247
    2560
    2797
    2926
    2990
    3052
    3021
    2920
    2611
    2247
    1895
    1651
    1429
    1376
    1256
    1243
    1144
    1196
    1122
    1216
    1178
    1175
    1117
    1113
    1129
    1145
    1192
    1112
    1183
    1200
    1185
    1095
    1111
    1170
    1221
    1196
    1244
    1185
    1175
    1256
    1213
    1242
    1222
    1169
    1137
    1092
    1139
    1120
    1078
    1135
    1030
    1114
    1044
    1099
    1100
    1082
    1087
    1096
    1093
    1104
    1102
    1078
    1018
    1082
    1043
    1088
     995
    1109
    1045
    1104
    1142
    1055
    1107
    1087
    1114
    1221
    1099
    1099
    1067
    1047
    1036
    1035
    1071
    1047
    1123
    1086
    1013
    1063
    1051
    1094
    1035
    1088
     997
    1053
    1068
    1041
    1087
     988
     999
    1073
    1048
    1044
     954
    1095
    1060
    1084
    1058
    1021
    1141
    1056
     981
    1001
    1034
    1023
    1047
    1092
    1040
    1027
    1138
    1085
    1032
    1095
    1083
    1031
    1116
    1059
    1018
    1006
    1076
    1017
    1064
    1065
    1137
     957
    1021
    1032
    1031
    1050
    1099
    1103
    1086
    1107
    1151
    1165
    1167
    1165
    1245
    1201
    1155
    1233
    1238
    1238
    1148
    1127
    1132
    1181
    1172
    1213
    1225
    1288
    1320
    1341
    1315
    1405
    1391
    1383
    1397
    1239
    1203
    1127
    1140
    1105
    1017
    1055
     979
     996
    1034
    1032
     984
     983
     971
    1005
    1040
    1068
    1076
    1017
    1118
    1082
    1142
    1239
    1207
    1369
    1384
    1407
    1433
    1408
    1371
    1342
    1317
    1219
    1220
    1132
    1072
    1103
    1034
    1023
    1013
    1106
    1108
    1136
    1133
    1199
    1212
    1391
    1416
    1542
    1669
    1717
    1751
    1808
    1824
    1987
    1892
    1862
    1805
    1694
    1710
    1694
    1721
    1911
    2229
    2482
    3035
    3584
    4310
    4734
    5237
    5376
    5562
    5711
    5491
    5184
    4450
    3647
    2755
    2137
    1756
    1551
    1369
    1270
    1291
    1184
    1181
    1123
    1065
    1079
    1111
    1046
    1123
    1115
    1130
    1218
    1236
    1266
    1251
    1279
    1227
    1264
    1245
    1258
    1284
    1194
    1166
    1237
    1206
    1255
    1317
    1276
    1386
    1325
    1397
    1413
    1310
    1317
    1241
    1217
    1181
    1044
     992
    1003
     945
     958
     963
     974
     987
     905
     943
     931
     900
     997
     930
     938
     959
     968
    1020
     959
    1013
     953
    1026
     999
     981
    1012
    1010
     972
     941
     954
    1008
     944
     906
    1001
     931
     954
    1029
     988
     986
     950
    1033
    1006
    1046
     981
    1087
    1107
    1026
    1128
    1080
    1113
    1074
     995
     954
    1024
    1012
     915
     917
     919
     945
     918
     922
     884
     893
     900
     893
     862
     896
     880
     880
     917
     893
     931
     889
     929
     918
     899
     979
     978
     946
     925
     958
     925
     893
     923
     913
     949
     901
     840
     837
     832
     821
     875
     916
     779
     834
     818
     818
     795
     828
     797
     867
     894
     821
     808
     817
     822
     847
     817
     837
     813
     890
     823
     807
     801
     835
     842
     817
     847
     845
     796
     813
     775
     799
     806
     805
     785
     786
     793
     809
     823
     797
     811
     804
     835
     854
     857
     904
     996
     915
     971
     891
     954
     964
     946
     915
     905
     914
     859
     870
     858
     872
     850
     814
     764
     829
     813
     822
     743
     799
     780
     764
     732
     857
     792
     816
     770
     835
     765
     809
     737
     782
     770
     754
     779
     790
     783
     807
     769
     732
     752
     813
     767
     752
     803
     743
     717
     748
     795
     735
     772
     805
     765
     753
     784
     806
     762
     760
     766
     740
     809
     828
     821
     778
     832
     787
     816
     888
     859
     894
     884
     900
     902
     981
    1014
    1040
    1039
     992
    1007
    1028
    1038
    1013
     941
     905
     913
     893
     910
     917
     877
     884
     797
     839
     839
     770
     784
     784
     762
     721
     744
     717
     776
     743
     694
     726
     690
     756
     737
     750
     727
     722
     763
     747
     773
     736
     768
     752
     744
     759
     834
     831
     844
     880
     935
    1036
    1140
    1229
    1364
    1521
    1655
    2096
    2513
    3030
    3774
    4220
    4705
    5116
    5519
    5468
    5616
    5679
    5354
    4964
    4210
    3072
    2411
    1818
    1371
    1121
     977
     872
     782
     740
     693
     695
     700
     665
     638
     675
     675
     698
     735
     688
     713
     643
     667
     695
     671
     700
     654
     733
     695
     755
     745
     779
     821
     757
     804
     779
     768
     826
     779
     770
     863
     783
     789
     771
     808
     781
     777
     830
     738
     749
     762
     822
     735
     735
     678
     663
     688
     586
     592
     657
     621
     678
     592
     657
     607
     668
     595
     708
     648
     691
     721
     648
     704
     675
     673
     707
     705
     753
     700
     691
     691
     747
     791
     827
     846
     879
     898
     926
     968
    1022
     929
     961
     956
     890
     969
     859
     891
     804
     795
     753
     722
     750
     824
     721
     728
     725
     699
     727
     670
     640
     605
     635
     590
     675
     617
     676
     631
     618
     656
     650
     628
     654
     622
     672
     658
     581
     640
     631
     626
     649
     611
     598
     641
     643
     630
     641
     636
     624
     617
     634
     619
     601
     599
     613
     602
     619
     610
     581
     637
     638
     638
     634
     619
     588
     608
     542
     665
     623
     659
     643
     661
     593
     620
     601
     613
     600
     585
     579
     596
     577
     568
     590
     598
     581
     588
     626
     583
     600
     602
     562
     578
     584
     629
     606
     534
     618
     565
     586
     545
     625
     571
     586
     643
     624
     611
     566
     580
     586
     598
     569
     558
     552
     573
     613
     579
     584
     575
     568
     561
     580
     604
     571
     574
     590
     569
     572
     608
     585
     610
     675
     621
     593
     601
     643
     638
     643
     699
     676
     732
     721
     710
     757
     736
     739
     726
     723
     687
     661
     700
     631
     627
     630
     653
     647
     570
     664
     688
     620
     671
     694
     695
     762
     696
     720
     714
     730
     708
     767
     731
     703
     765
     715
     675
     740
     732
     726
     802
     826
     831
     736
     834
     729
     789
     713
     728
     731
     668
     662
     680
     670
     667
     610
     645
     684
     583
     644
     589
     674
     643
     745
     793
     859
     840
    1025
    1127
    1224
    1474
    1695
    2028
    2483
    2943
    3261
    3819
    4079
    4384
    4484
    4520
    4698
    4584
    4426
    4148
    3449
    2756
    2128
    1649
    1253
    1079
     992
     917
     799
     704
     686
     627
     584
     579
     561
     571
     577
     548
     568
     551
     564
     611
     562
     625
     582
     631
     666
     711
     695
     751
     714
     780
     801
     810
     798
     781
     771
     786
     832
     837
     814
     818
     919
    1036
    1057
    1079
    1093
    1202
    1192
    1221
    1142
    1213
    1149
    1078
     964
     896
     756
     712
     661
     624
     639
     629
     582
     622
     574
     595
     633
     575
     610
     644
     640
     607
     629
     599
     594
     632
     559
     560
     555
     558
     514
     540
     593
     558
     495
     547
     549
     554
     568
     541
     525
     520
     590
     513
     580
     560
     543
     527
     542
     531
     519
     498
     551
     541
     542
     545
     543
     522
     504
     524
     521
     542
     515
     561
     508
     564
     524
     528
     538
     580
     540
     520
     558
     552
     559
     529
     531
     561
     552
     548
     516
     602
     578
     532
     556
     560
     591
     543
     544
     558
     543
     552
     551
     564
     560
     594
     598
     548
     551
     585
     579
     571
     565
     523
     582
     591
     572
     593
     599
     644
     611
     589
     630
     675
     695
     625
     688
     670
     730
     745
     766
     897
     867
    1058
    1146
    1287
    1430
    1538
    1538
    1643
    1647
    1623
    1662
    1689
    1530
    1488
    1299
    1024
     885
     791
     633
     618
     544
     566
     542
     481
     528
     479
     565
     488
     468
     480
     531
     488
     501
     468
     491
     485
     479
     524
     514
     540
     523
     513
     544
     537
     536
     545
     551
     506
     543
     497
     532
     543
     513
     536
     514
     501
     493
     487
     478
     466
     495
     457
     523
     452
     489
     498
     512
     538
     534
     527
     468
     464
     467
     456
     478
     535
     461
     445
     474
     452
     468
     459
     493
     453
     486
     452
     485
     459
     512
     451
     480
     458
     451
     476
     425
     473
     461
     513
     467
     484
     451
     532
     493
     451
     459
     485
     462
     501
     476
     485
     481
     490
     523
     505
     520
     509
     576
     535
     599
     583
     585
     606
     540
     592
     604
     609
     602
     534
     591
     534
     471
     500
     437
     486
     473
     468
     475
     444
     492
     448
     473
     483
     470
     490
     496
     434
     446
     515
     448
     489
     482
     495
     432
     477
     466
     527
     485
     545
     483
     500
     532
     556
     511
     504
     533
     532
     529
     490
     475
     510
     471
     481
     474
     456
     512
     511
     479
     472
     479
     488
     507
     582
     596
     639
     658
     642
     651
     694
     718
     755
     725
     694
     747
     670
     671
     668
     633
     610
     517
     480
     509
     459
     489
     459
     440
     461
     467
     456
     452
     432
     428
     449
     429
     447
     442
     441
     459
     454
     450
     439
     396
     478
     454
     424
     425
     443
     465
     456
     444
     509
     456
     467
     489
     456
     463
     428
     456
     424
     454
     455
     434
     412
     474
     406
     436
     410
     438
     411
     432
     426
     444
     436
     415
     426
     435
     442
     392
     380
     445
     391
     436
     447
     443
     412
     454
     440
     418
     456
     424
     444
     460
     458
     465
     505
     485
     516
     516
     530
     528
     518
     596
     535
     549
     570
     576
     566
     556
     530
     486
     524
     477
     460
     456
     427
     414
     427
     444
     443
     391
     437
     436
     433
     439
     440
     432
     439
     440
     410
     443
     454
     487
     454
     459
     456
     430
     412
     433
     434
     407
     388
     391
     409
     404
     389
     399
     443
     377
     436
     431
     399
     420
     402
     395
     421
     383
     398
     364
     414
     419
     410
     348
     378
     428
     397
     384
     411
     446
     433
     443
     424
     475
     433
     460
     489
     481
     504
     509
     490
     494
     480
     502
     502
     499
     498
     464
     383
     451
     424
     426
     430
     394
     447
     426
     399
     395
     385
     363
     366
     370
     415
     384
     365
     337
     367
     401
     374
     354
     361
     401
     357
     399
     419
     398
     385
     405
     405
     365
     392
     395
     411
     455
     452
     437
     446
     409
     460
     409
     408
     416
     405
     370
     348
     376
     412
     403
     348
     329
     368
     322
     341
     397
     370
     356
     329
     387
     372
     347
     388
     362
     360
     372
     350
     381
     340
     352
     347
     347
     334
     332
     352
     369
     368
     401
     321
     354
     355
     327
     338
     378
     316
     343
     364
     341
     358
     368
     348
     369
     359
     336
     323
     365
     317
     308
     328
     357
     335
     340
     363
     355
     363
     397
     363
     331
     385
     373
     335
     362
     374
     386
     365
     341
     321
     343
     336
     364
     384
     390
     359
     369
     347
     401
     380
     409
     381
     344
     335
     347
     349
     377
     381
     364
     394
     364
     380
     362
     376
     364
     373
     357
     375
     365
     336
     364
     360
     353
     334
     326
     312
     359
     344
     335
     321
     338
     344
     353
     301
     338
     309
     335
     287
     310
     313
     342
     304
     318
     328
     355
     310
     316
     341
     361
     314
     363
     338
     345
     385
     404
     429
     475
     493
     494
     540
     543
     621
     732
     819
     924
     957
    1101
    1197
    1180
    1212
    1326
    1291
    1310
    1330
    1326
    1281
    1209
    1119
     937
     798
     667
     510
     450
     431
     429
     418
     387
     396
     391
     348
     353
     341
     328
     346
     335
     340
     333
     316
     316
     305
     261
     337
     329
     295
     324
     304
     309
     303
     319
     308
     317
     318
     349
     290
     320
     301
     326
     314
     328
     327
     331
     346
     340
     337
     326
     361
     374
     348
     364
     309
     407
     419
     409
     474
     504
     546
     568
     595
     642
     631
     645
     644
     696
     721
     671
     745
     712
     713
     678
     563
     501
     472
     381
     370
     334
     340
     309
     325
     319
     311
     276
     319
     304
     279
     264
     323
     266
     282
     294
     314
     317
     318
     298
     307
     287
     302
     311
     324
     330
     296
     312
     295
     361
     330
     309
     336
     302
     333
     317
     314
     318
     306
     300
     305
     290
     299
     280
     323
     238
     277
     304
     306
     283
     271
     276
     304
     309
     296
     302
     313
     304
     313
     328
     352
     354
     397
     392
     408
     405
     354
     418
     437
     447
     420
     423
     437
     418
     387
     366
     378
     331
     339
     347
     323
     288
     298
     283
     283
     277
     294
     311
     280
     301
     324
     304
     330
     316
     320
     324
     336
     318
     316
     351
     354
     361
     396
     332
     355
     347
     362
     338
     334
     333
     280
     281
     291
     287
     306
     313
     311
     285
     305
     276
     296
     271
     292
     275
     255
     255
     272
     257
     298
     295
     259
     216
     277
     271
     293
     286
     266
     240
     282
     267
     282
     304
     274
     268
     252
     287
     240
     267
     299
     257
     278
     268
     271
     250
     288
     297
     251
     275
     257
     284
     263
     279
     233
     288
     263
     236
     257
     233
     294
     261
     257
     282
     277
     280
     270
     281
     278
     277
     251
     293
     294
     322
     311
     314
     299
     334
     331
     368
     348
     353
     424
     445
     458
     500
     594
     676
     824
     809
     796
     882
     947
     931
     986
     970
    1020
    1055
    1016
     994
     970
     849
     646
     566
     472
     424
     397
     357
     326
     278
     295
     281
     288
     257
     256
     285
     251
     265
     306
     240
     255
     279
     249
     246
     291
     251
     260
     259
     267
     278
     280
     232
     285
     261
     267
     262
     278
     255
     283
     258
     247
     259
     244
     212
     237
     235
     252
     245
     236
     243
     227
     263
     260
     246
     235
     228
     222
     263
     230
     240
     255
     240
     230
     250
     242
     251
     240
     220
     227
     252
     247
     228
     260
     232
     239
     260
     258
     268
     246
     260
     263
     268
     261
     252
     283
     268
     298
     310
     327
     325
     311
     337
     347
     342
     392
     368
     420
     503
     509
     555
     575
     649
     585
     622
     671
     660
     697
     728
     692
     801
     662
     693
     708
     625
     611
     494
     423
     361
     333
     295
     287
     276
     286
     260
     269
     248
     249
     253
     229
     253
     249
     247
     251
     250
     270
     250
     262
     258
     261
     270
     295
     295
     293
     251
     265
     268
     243
     275
     241
     245
     257
     258
     252
     256
     275
     229
     245
     203
     235
     239
     237
     227
     231
     251
     246
     235
     268
     211
     235
     228
     240
     230
     221
     243
     243
     226
     231
     235
     221
     210
     206
     229
     218
     222
     252
     224
     234
     248
     242
     244
     244
     236
     242
     255
     219
     211
     220
     247
     220
     231
     244
     240
     232
     202
     204
     217
     272
     244
     238
     234
     274
     270
     233
     253
     234
     256
     241
     267
     270
     250
     287
     270
     265
     253
     270
     278
     287
     263
     255
     235
     253
     273
     257
     254
     237
     237
     208
     255
     245
     239
     237
     238
     244
     221
     227
     243
     221
     210
     205
     231
     226
     227
     228
     256
     220
     204
     223
     244
     251
     224
     229
     197
     247
     243
     249
     245
     244
     274
     255
     270
     243
     274
     247
     230
     249
     276
     267
     255
     258
     257
     248
     246
     217
     218
     216
     216
     231
     213
     221
     241
     209
     217
     207
     232
     256
     225
     217
     219
     238
     228
     231
     252
     237
     284
     269
     283
     270
     269
     273
     319
     291
     320
     289
     339
     288
     340
     343
     288
     368
     362
     316
     302
     287
     267
     246
     267
     243
     274
     221
     229
     226
     250
     243
     237
     217
     224
     214
     223
     250
     248
     238
     228
     241
     233
     241
     234
     214
     203
     200
     212
     205
     184
     209
     212
     200
     211
     182
     212
     195
     185
     231
     184
     191
     206
     191
     201
     241
     177
     190
     213
     195
     200
     202
     218
     201
     212
     208
     207
     205
     176
     199
     216
     215
     198
     203
     224
     204
     206
     218
     202
     205
     211
     198
     203
     220
     185
     228
     219
     194
     198
     190
     179
     220
     196
     223
     177
     203
     197
     199
     208
     196
     206
     206
     186
     195
     178
     194
     209
     211
     214
     193
     182
     213
     194
     175
     218
     184
     207
     178
     190
     202
     199
     188
     205
     221
     180
     186
     217
     189
     188
     199
     170
     183
     207
     182
     189
     188
     207
     201
     189
     197
     208
     163
     202
     178
     192
     168
     194
     190
     166
     181
     175
     175
     190
     176
     201
     188
     183
     205
     211
     177
     180
     210
     185
     203
     170
     211
     189
     201
     166
     198
     189
     160
     187
     190
     194
     186
     182
     210
     202
     190
     209
     188
     151
     208
     182
     210
     187
     198
     172
     199
     233
     213
     207
     216
     232
     159
     193
     200
     231
     228
     203
     225
     238
     215
     225
     232
     258
     248
     232
     234
     235
     236
     250
     232
     263
     231
     245
     241
     210
     233
     245
     222
     232
     227
     219
     203
     208
     186
     200
     220
     172
     187
     193
     192
     183
     180
     176
     191
     178
     175
     180
     198
     176
     186
     185
     175
     173
     186
     199
     191
     175
     180
     161
     186
     178
     160
     180
     168
     178
     183
     183
     173
     191
     173
     177
     194
     169
     214
     197
     195
     172
     183
     197
     189
     213
     234
     223
     238
     249
     240
     233
     266
     258
     263
     273
     270
     269
     280
     277
     263
     284
     268
     276
     247
     256
     249
     237
     207
     223
     236
     220
     250
     253
     251
     227
     224
     246
     232
     195
     204
     216
     216
     186
     196
     211
     191
     232
     220
     238
     206
     226
     234
     208
     232
     220
     217
     225
     218
     222
     230
     259
     245
     231
     190
     196
     192
     175
     205
     192
     175
     198
     172
     175
     173
     167
     179
     177
     190
     179
     187
     205
     185
     179
     177
     195
     180
     187
     194
     179
     154
     195
     183
     162
     171
     191
     147
     177
     161
     165
     179
     167
     183
     177
     167
     195
     176
     158
     156
     177
     177
     165
     159
     153
     164
     188
     157
     191
     168
     178
     186
     158
     169
     169
     174
     160
     179
     184
     173
     172
     169
     149
     181
     196
     156
     172
     168
     159
     175
     152
     173
     168
     180
     156
     152
     168
     173
     180
     157
     139
     166
     151
     168
     175
     143
     185
     195
     175
     171
     154
     165
     134
     153
     161
     169
     174
     155
     148
     138
     168
     190
     156
     159
     151
     172
     164
     173
     155
     165
     163
     173
     171
     177
     179
     192
     195
     178
     136
     175
     176
     178
     168
     178
     178
     172
     168
     151
     171
     169
     181
     179
     174
     191
     192
     194
     185
     181
     194
     189
     202
     182
     176
     181
     183
     190
     194
     172
     169
     183
     166
     169
     161
     190
     158
     150
     170
     172
     166
     162
     154
     171
     173
     160
     169
     157
     157
     156
     164
     174
     142
     161
     149
     155
     173
     179
     157
     167
     139
     149
     167
     165
     179
     159
     168
     140
     168
     142
     132
     143
     139
     144
     156
     148
     146
     160
     166
     153
     155
     153
     151
     155
     153
     161
     153
     143
     138
     146
     144
     173
     165
     156
     167
     155
     139
     152
     164
     150
     149
     161
     167
     163
     135
     161
     148
     181
     169
     153
     155
     167
     147
     137
     143
     134
     139
     159
     135
     165
     146
     159
     170
     143
     157
     153
     171
     144
     142
     138
     174
     163
     137
     179
     158
     152
     160
     164
     167
     140
     148
     147
     164
     154
     147
     137
     145
     149
     161
     129
     152
     147
     128
     160
     148
     140
     129
     154
     156
     162
     135
     153
     161
     139
     140
     139
     144
     142
     132
     149
     152
     143
     168
     146
     135
     142
     154
     145
     139
     169
     148
     146
     137
     142
     133
     146
     151
     147
     161
     135
     144
     154
     148
     116
     147
     144
     137
     141
     130
     132
     142
     143
     149
     136
     138
     147
     155
     148
     161
     166
     178
     138
     140
     150
     142
     149
     161
     168
     164
     165
     196
     190
     188
     168
     180
     170
     190
     179
     173
     200
     184
     194
     186
     193
     236
     244
     261
     227
     244
     293
     253
     261
     296
     262
     301
     275
     302
     305
     298
     333
     279
     313
     281
     291
     243
     178
     184
     203
     184
     160
     146
     131
     155
     127
     130
     111
     131
     136
     127
     133
     109
     121
     119
     122
     130
     113
     113
     134
     134
     134
     129
     139
     119
     117
     132
     114
     123
     128
     126
     118
     110
     133
     133
     134
     116
     130
     120
     114
     113
     125
     121
     143
     106
     112
     137
     114
     142
     106
     102
     131
     127
     119
     123
     123
     115
     125
     115
     144
     147
     132
     136
     140
     122
     144
     121
     137
     156
     144
     158
     145
     165
     152
     150
     168
     157
     154
     143
     166
     169
     170
     168
     169
     163
     138
     145
     147
     152
     140
     122
     145
     125
     125
     100
     125
     107
     120
      96
     119
     112
      92
     133
     125
     129
     100
     107
     108
     116
     117
     112
     111
     116
     114
     123
     114
     131
     124
     108
     114
     112
     111
     136
     122
     112
     117
     120
     134
     120
     125
     140
     126
     158
     129
     140
     133
     162
     138
     134
     140
     176
     142
     155
     134
     146
     138
     138
     160
     135
     126
     113
     104
     122
     101
     126
     119
     119
     121
      97
     116
      98
     110
     110
      90
     100
     111
      97
     113
     101
     121
     107
      89
     102
      87
     102
     108
     119
     102
     102
      93
     109
     115
      80
     109
     131
     111
      96
     105
     109
     112
      92
      98
     103
     101
      93
     105
      99
     116
     100
     108
     121
      98
      97
     114
      90
      90
      90
      97
      97
     108
     102
      96
      98
      98
     103
     105
     102
     103
     104
      83
      75
     102
     114
      84
     113
      99
      97
     103
      92
      94
      93
      97
     111
      89
      96
      97
      96
     104
      88
     107
      76
      99
      98
     102
     106
     103
      84
      95
      89
      96
     114
      96
      97
      93
      96
     102
     112
      84
      96
     101
      88
      82
     103
      92
      79
      85
      91
      96
      98
     101
     100
      98
      87
      92
     101
     100
     109
      79
      93
      80
     100
      97
     100
      95
      95
     103
      91
      82
     102
      89
      86
     100
      83
      93
     100
      96
      92
      97
     100
      74
     111
      89
     100
     110
      96
     107
      88
     100
      95
      87
      83
      99
      97
      89
      92
      88
      90
      84
      82
      99
      76
      89
     101
      90
      81
      72
      85
      73
      88
      90
      78
     100
      97
      79
      88
      80
      77
      91
     120
      92
      90
      97
      90
      93
      94
      94
      97
      86
     101
      74
      86
      88
      99
      89
      84
      90
      91
      99
     105
      73
      82
      95
      90
      81
      88
      85
      80
      91
      83
      89
      77
      91
      96
      92
      99
      82
      99
      94
     106
      94
      90
      85
     105
      89
      95
      74
      94
      92
      89
     117
      88
     106
      89
      76
      93
      79
      75
      96
      78
      70
      86
      83
     100
      84
      85
      78
      82
      76
      87
      73
      86
      73
      75
      76
      78
      84
      94
      86
      80
      84
      74
      88
      72
      73
      73
      70
      97
      82
      80
      89
      80
      74
      94
      73
      84
      82
      86
      79
      78
      89
      84
      79
      79
      80
      88
      77
      73
      78
      78
      79
      82
      83
     102
     104
     103
     101
     106
     114
      90
      99
     114
     144
     118
     132
     131
     178
     166
     189
     202
     229
     275
     281
     329
     362
     380
     389
     355
     417
     426
     430
     466
     463
     476
     507
     505
     546
     532
     515
     517
     462
     401
     367
     306
     269
     217
     166
     170
     163
     163
     150
     169
     150
     154
     129
     123
     107
     115
      98
      87
      95
     108
     103
      96
     105
     134
     111
     107
     129
     116
     140
     121
     127
     124
     124
     115
     143
     120
     126
     121
     138
     125
     115
      96
     116
     100
     101
      99
      99
      69
      81
      86
      62
      80
      78
      72
      82
      78
      66
      82
      82
      69
      67
      75
      63
      78
      73
      89
      64
      74
      77
      67
      81
      68
      65
      75
      76
      75
      93
      63
      74
      67
      68
      72
      57
      66
      64
      67
      84
      70
      61
      63
      81
      71
      72
      73
      78
      78
      53
      76
      96
      75
      71
      72
      68
      61
      69
      72
      58
      64
      66
      62
      70
      71
      77
      80
      63
      72
      71
      79
      64
      65
      71
      64
      73
      65
      56
      61
      71
      79
      75
      74
      76
      45
      57
      69
      67
      90
      60
      77
      68
      65
      75
      69
      73
      66
      66
      79
      74
      71
      71
      73
      50
      58
      76
      68
      55
      74
      66
      65
      61
      76
      70
      74
      56
      71
      74
      73
      72
      64
      66
      64
      62
      59
      66
      64
      81
      56
      68
      74
      57
      69
      80
      68
      70
      62
      66
      82
      73
      71
      64
      65
      66
      68
      59
      77
      52
      69
      63
      63
      70
      61
      67
      61
      55
      75
      60
      71
      62
      60
      71
      77
      69
      54
      77
      60
      65
      75
      64
      53
      78
      56
      63
      65
      71
      66
      63
      55
      58
      63
      72
      59
      57
      54
      73
      81
      62
      53
      69
      67
      87
      48
      68
      65
      65
      56
      62
      60
      64
      57
      49
      67
      65
      44
      72
      76
      80
      64
      64
      71
      79
      76
      67
      61
      58
      53
      57
      70
      58
      71
      77
      64
      66
      64
      74
      47
      65
      61
      65
      70
      60
      60
      67
      63
      63
      64
      70
      69
      73
      66
      54
      72
      65
      75
      62
      59
      45
      72
      70
      58
      68
      57
      59
      60
      62
      58
      58
      61
      58
      65
      62
      58
      71
      70
      62
      67
      58
      68
      56
      61
      57
      44
      64
      70
      62
      53
      59
      45
      54
      65
      60
      64
      58
      59
      45
      42
      52
      55
      62
      57
      58
      49
      50
      54
      55
      55
      52
      72
      64
      54
      64
      45
      76
      63
      78
      59
      59
      77
      70
      51
      84
      88
      74
      72
      93
      80
      95
      89
      82
      81
      76
      95
      91
      86
      88
      93
      88
      78
      98
      86
      98
      80
      72
      67
      55
      72
      58
      55
      77
      64
      70
      68
      71
      87
      67
      67
      59
      52
      67
      65
      65
      62
      58
      69
      53
      57
      48
      81
      65
      64
      55
      69
      54
      55
      68
      49
      50
      53
      64
      60
      72
      62
      51
      55
      56
      56
      57
      56
      45
      55
      49
      58
      58
      40
      55
      50
      60
      48
      45
      39
      56
      51
      57
      51
      51
      52
      47
      44
      64
      47
      42
      43
      48
      48
      42
      43
      69
      50
      64
      54
      38
      58
      57
      54
      43
      57
      57
      63
      51
      50
      56
      40
      56
      49
      74
      48
      39
      50
      58
      58
      52
      53
      54
      54
      56
      58
      55
      48
      51
      47
      48
      55
      54
      46
      66
      53
      47
      49
      42
      44
      42
      55
      63
      42
      27
      60
      56
      52
      54
      48
      37
      59
      51
      50
      47
      64
      46
      53
      59
      55
      41
      51
      55
      52
      59
      52
      51
      51
      53
      51
      49
      47
      56
      48
      58
      49
      37
      52
      48
      49
      46
      45
      43
      49
      49
      46
      48
      50
      31
      51
      57
      49
      46
      57
      58
      38
      49
      44
      49
      43
      39
      49
      48
      61
      61
      43
      51
      48
      47
      41
      52
      43
      52
      55
      48
      41
      38
      43
      43
      38
      56
      45
      50
      39
      45
      42
      37
      37
      43
      53
      45
      53
      36
      54
      42
      50
      43
      41
      49
      44
      43
      58
      55
      49
      50
      46
      52
      35
      32
      43
      48
      46
      39
      49
      43
      37
      32
      39
      47
      53
      39
      51
      42
      36
      35
      39
      36
      34
      40
      38
      45
      43
      34
      47
      34
      44
      51
      45
      43
      42
      50
      43
      44
      38
      48
      48
      43
      47
      43
      47
      38
      39
      48
      44
      39
      46
      51
      46
      40
      47
      49
      46
      39
      50
      51
      43
      54
      46
      53
      35
      48
      43
      48
      57
      58
      51
      44
      53
      53
      47
      57
      48
      46
      55
      54
      46
      44
      43
      45
      38
      58
      50
      53
      48
      55
      41
      47
      43
      54
      60
      59
      64
      57
      75
      62
      69
      68
      47
      58
      54
      66
      75
      65
      69
      62
      63
      65
      80
      56
      55
      65
      56
      49
      43
      43
      44
      51
      48
      37
      50
      43
      45
      43
      38
      35
      43
      40
      41
      38
      42
      51
      39
      49
      34
      35
      36
      44
      32
      40
      24
      51
      38
      37
      46
      56
      51
      53
      40
      54
      44
      47
      45
      47
      32
      29
      39
      42
      40
      45
      36
      47
      35
      33
      30
      20
      44
      41
      37
      40
      37
      39
      44
      39
      41
      37
      48
      41
      26
      39
      41
      43
      45
      49
      38
      25
      36
      27
      36
      42
      42
      43
      51
      36
      32
      40
      44
      36
      31
      34
      34
      34
      43
      38
      40
      44
      33
      40
      37
      29
      51
      41
      37
      35
      39
      39
      47
      40
      41
      36
      41
      39
      28
      39
      36
      25
      36
      27
      37
      34
      40
      27
      47
      31
      31
      48
      34
      39
      37
      41
      35
      30
      40
      38
      40
      47
      30
      48
      39
      32
      36
      35
      41
      31
      40
      37
      29
      38
      31
      39
      42
      44
      30
      39
      34
      39
      25
      32
      30
      46
      34
      35
      37
      39
      34
      38
      29
      40
      32
      46
      31
      51
      30
      38
      31
      41
      52
      39
      47
      31
      50
      54
      40
      51
      57
      43
      53
      44
      43
      50
      56
      45
      43
      35
      39
      39
      45
      29
      28
      29
      39
      25
      28
      30
      26
      39
      36
      38
      33
      28
      38
      34
      32
      33
      33
      40
      34
      35
      31
      29
      31
      39
      36
      45
      37
      33
      34
      35
      40
      36
      32
      37
      42
      40
      29
      29
      36
      31
      34
      26
      30
      38
      29
      28
      30
      40
      32
      26
      32
      42
      32
      30
      34
      27
      25
      40
      41
      24
      36
      32
      30
      33
      45
      45
      27
      28
      26
      25
      37
      27
      34
      32
      34
      20
      35
      43
      29
      34
      43
      30
      33
      27
      35
      27
      29
      26
      35
      31
      33
      42
      35
      29
      37
      22
      36
      30
      30
      36
      30
      37
      31
      42
      39
      31
      34
      31
      38
      36
      32
      44
      32
      33
      38
      46
      28
      25
      30
      27
      33
      37
      25
      30
      42
      39
      39
      39
      35
      35
      19
      20
      30
      48
      30
      38
      23
      28
      34
      33
      35
      24
      40
      42
      16
      30
      27
      31
      34
      35
      33
      32
      27
      30
      29
      32
      44
      28
      30
      33
      36
      26
      35
      22
      31
      36
      35
      38
      32
      30
      39
      29
      28
      25
      43
      30
      23
      41
      23
      34
      25
      33
      33
      31
      36
      25
      26
      22
      24
      31
      34
      30
      24
      25
      32
      36
      26
      43
      34
      30
      36
      28
      37
      39
      31
      16
      35
      34
      29
      25
      31
      22
      21
      19
      36
      27
      29
      35
      34
      36
      21
      29
      30
      36
      29
      31
      26
      36
      28
      31
      31
      25
      29
      29
      29
      26
      23
      30
      23
      27
      19
      22
      29
      32
      21
      17
      41
      31
      24
      41
      28
      39
      21
      40
      28
      27
      28
      38
      22
      25
      19
      25
      33
      19
      34
      27
      41
      25
      21
      39
      26
      29
      31
      41
      34
      30
      28
      34
      25
      27
      31
      32
      28
      41
      27
      28
      22
      29
      23
      31
      36
      23
      37
      30
      32
      19
      32
      20
      22
      25
      27
      22
      28
      32
      26
      26
      25
      24
      28
      25
      32
      21
      21
      29
      24
      27
      28
      21
      30
      22
      28
      25
      19
      23
      16
      26
      27
      23
      24
      27
      20
      25
      37
      21
      29
      22
      23
      30
      30
      23
      26
      16
      27
      19
      30
      24
      22
      33
      21
      21
      32
      21
      35
      33
      18
      19
      24
      19
      22
      31
      19
      33
      30
      15
      19
      26
      26
      38
      22
      26
      26
      22
      25
      18
      20
      24
      21
      23
      30
      26
      17
      19
      22
      22
      29
      28
      20
      18
      19
      11
      27
      17
      30
      19
      25
      26
      27
      33
      21
      23
      34
      24
      31
      31
      34
      26
      28
      29
      25
      22
      27
      16
      29
      26
      25
      26
      25
      22
      10
      30
      24
      24
      27
      29
      27
      36
      19
      32
      28
      25
      15
      23
      30
      25
      27
      18
      24
      22
      25
      18
      23
      21
      30
      30
      26
      15
      24
      16
      21
      28
      24
      19
      27
      31
      28
      15
      21
      29
      30
      27
      20
      21
      24
      18
      31
      22
      18
      21
      27
      25
      30
      21
      28
      24
      20
      23
      23
      23
      23
      28
      31
      18
      19
      31
      24
      24
      30
      27
      17
      25
      11
      25
      23
      13
      23
      26
      28
      20
      25
      24
      21
      21
      36
      31
      25
      23
      21
      22
      19
      25
      21
      26
      21
      24
      19
      27
      23
      24
      25
      27
      39
      39
      30
      21
      31
      36
      23
      28
      27
      38
      30
      28
      30
      25
      28
      28
      30
      33
      19
      29
      23
      34
      21
      36
      29
      36
      19
      24
      29
      25
      22
      24
      22
      30
      19
      19
      15
      24
      21
      30
      27
      21
      22
      21
      29
      19
      21
      23
      21
      21
      30
      23
      19
      22
      26
      15
      31
      28
      19
      19
      22
      23
      21
      25
      27
      12
      24
      33
      36
      22
      24
      33
      25
      23
      23
      19
      31
      33
      27
      18
      23
      21
      18
      25
      12
      26
      22
      23
      26
      25
      18
      23
      17
      23
      29
      19
      28
      15
      22
      23
      27
      19
      27
      32
      23
      32
      15
      25
      24
      18
      25
      19
      29
      24
      23
      24
      30
      24
      24
      20
      26
      21
      24
      26
      29
      33
      29
      28
      20
      21
      23
      24
      21
      11
      24
      20
      16
      25
      15
      13
      22
      17
      17
      16
      19
      24
      25
      20
      17
      16
      23
      15
      20
      27
      24
      13
      22
      20
      19
      24
      26
      21
      22
      20
      19
      25
      21
      18
      24
      14
      24
      17
      22
      25
      30
      17
      26
      31
      14
      30
      28
      21
      30
      19
      12
      15
      22
      17
      22
      29
      21
      27
      15
      19
      26
      20
      21
      14
      26
      20
      27
      11
      13
      19
      24
      20
      18
      16
      23
      19
      28
      17
      18
      28
      12
      17
      31
      25
      13
      14
      12
      13
      30
      18
      19
      21
      18
      26
      23
      25
      21
      14
      23
      24
      20
      19
      22
      16
      14
      20
      29
      17
      13
      13
      19
      19
      16
      21
      22
      22
      25
      16
      11
      17
      23
      20
      27
      19
      27
      16
      16
      25
      18
      10
      22
      21
      21
      21
      24
      17
      21
      21
      20
      18
      19
      32
      22
      26
      17
      12
      19
      22
      24
      17
      18
      27
      18
      11
      24
      25
      21
      17
      15
      16
      14
      18
      16
      20
      21
      21
      22
      18
      19
      19
      27
      26
      23
      18
      16
      25
      23
      22
      11
      14
      18
      23
      20
      22
      14
      19
      25
      18
      15
      19
      17
      16
      17
      19
      19
      24
      15
      17
      18
      21
      15
      15
      17
      23
      18
      17
      25
      11
      19
      23
      20
      25
      18
      31
      20
      15
      16
      21
      16
      21
      21
      12
      13
      20
      20
      21
      22
      23
      23
      13
      20
      18
      15
      19
      25
      13
      14
      19
      24
      22
      21
      18
      20
      15
      21
      17
      10
      11
      20
      22
      22
      20
      27
      21
      27
      14
      23
      18
      13
      16
      11
      18
      19
      10
      21
      13
      22
      13
      12
      15
      18
      24
      11
      19
      14
      13
      24
      16
      13
      11
      14
      16
      14
      19
      13
      29
      12
      12
      19
      14
      20
      17
      15
      11
      16
      13
      14
      12
       9
       8
      16
      24
      15
      24
      15
      25
      24
      20
      18
      17
      15
      17
      18
      13
      20
      13
      19
      21
      20
      23
      13
      16
      22
      21
      23
      15
      20
      19
      16
      18
      15
      16
      14
      14
      21
      20
      21
      14
      15
      14
      16
      13
      17
       9
      21
      20
      18
       7
      15
      11
      13
       7
      15
      20
      16
      22
      15
      16
      23
      15
      15
      16
       8
      15
      13
      10
      18
      17
      20
      18
      19
      15
      10
      11
      19
      20
      15
      19
      16
      13
      12
      18
      12
      11
      15
      13
      15
      24
      11
      18
      15
      12
      17
      21
      19
      19
      14
      19
      12
      19
       9
      16
      17
      19
      16
      20
      13
      15
       4
       0
       0
       0
       0
       0
       2
       0
       0
       0
       0
       0
       0
       0
       0
       0
       0
       1
       0
       1
       0
       0
       0
       0
       0
       0
       0
       0
       0
       0
       0
       0
       0
       1
       0
       0
       0
       0
       0
       0
       0
       0
       0
       0
       0
       0
       0
       0
       0
       0
       0
       0
       0
       0
       0
       0
       0
       0
       0
       0
       0
       0
       0
       0
       0
       0
       0
       0
       0
       0
       0
       0
       0
       0
       0
       0
       0
       0
       0
       0
       0
       0
       0
       0
       0
       0
       0
       0
       0
       0
       0
       0
       0
       0
       0
       0
       0
       0
       0
       0
       0
       0
       0
       0
       0
       0
       0
       0
       0
       0
       0
       0
       0
       0
       0
       0
       0
       0
       0
       0
       0
       0
       0
       0
       0
       0
       0
       0
       0
       0
       0
       0
       0
       0
       0
       0
       0
       0
       0
       0
       0
       0
       0
       0
       0
       0
       0
       0
       0
       0
       0
       0
       0
       0
       0
       0
       0
       0
       0
       0
       0
       0
       0
       0
       0
       0
       0
       0
       0
       0
       0
       0
       0
       0
       0
       0
       0
       0
       0
       0
       0
       0
       0
       0
       0
       0
$ROI:
24
43 57
143 159
196 212
298 314
354 370
455 478
509 527
607 627
687 707
750 770
857 879
886 908
981 1003
1652 1680
1940 1984
2242 2276
2410 2444
2500 2534
2714 2752
2779 2839
2910 2975
3330 3374
3517 3563
4577 4648
$PRESETS:
None
0
0
$ENER_FIT:
-0.400801 0.397322
$MCA_CAL:
3
-4.008010E-001 3.973216E-001 -1.307090E-010 keV
$SHAPE_CAL:
3
2.969388E+000 2.442717E-003 8.917358E-008
