$SPEC_ID:
Pulser
$SPEC_REM:
DET# 2
DETDESC# DETECTOR 2
AP# GammaVision Version 7.01.03
$DATE_MEA:
04/26/2017 07:02:14
$MEAS_TIM:
6801 7138
$DATA:
0 8191
       0
       0
       0
       0
       0
       0
       0
       0
       0
       0
       0
       0
       0
       0
       0
       0
       0
       0
       0
       0
       0
       0
       0
    1046
   47560
   51692
   31022
   26507
   24831
   24340
   24887
   26824
   30531
   36612
   40762
   38667
   33256
   29737
   29049
   30684
   34544
   39464
   42307
   41560
   37715
   32955
   29818
   28172
   28078
   29116
   30433
   31545
   31266
   29977
   28397
   27820
   27756
   27276
   27432
   28713
   30770
   31496
   30509
   29225
   28439
   28251
   28639
   29420
   29434
   30112
   30696
   30398
   30493
   29691
   28757
   28358
   28679
   28517
   28677
   28289
   28299
   28084
   28260
   28344
   28673
   28767
   28259
   28636
   29602
   31513
   33272
   33048
   31685
   29913
   29060
   29463
   29713
   30247
   30411
   30431
   30464
   31174
   31913
   32013
   31960
   31286
   31327
   31079
   30915
   31347
   31646
   31772
   32022
   32039
   32311
   32511
   32592
   33177
   33382
   33813
   33911
   34305
   34588
   36267
   37653
   38145
   38807
   38472
   37866
   37829
   38175
   38313
   38771
   39319
   39804
   39951
   40814
   41057
   41718
   41954
   42436
   42702
   43701
   45637
   48258
   49350
   49612
   51926
   62493
   82686
   97867
   93890
   73954
   58226
   51924
   49994
   49290
   49963
   50961
   52580
   52889
   52445
   52603
   54027
   54070
   53409
   52655
   51742
   51959
   52404
   52547
   52885
   53585
   54024
   54813
   56513
   57502
   58380
   59595
   61570
   67061
   83797
  120547
  161021
  167286
  138427
  115285
  139952
  206578
  249747
  216754
  141666
   86135
   63310
   56450
   54518
   54315
   54546
   54617
   55167
   55640
   56249
   57097
   58501
   60160
   60735
   60444
   59928
   60234
   60782
   65045
   75997
   97551
  122497
  132078
  116285
   90303
   72357
   68292
   74221
   80580
   79987
   72537
   63314
   58108
   54837
   54204
   53545
   53316
   53087
   53062
   53840
   54251
   56284
   57448
   62613
   82170
  124330
  171963
  187073
  156657
  109402
   80519
   79307
   94695
  118693
  162124
  231178
  279939
  263294
  191694
  121881
   87333
   89043
  107457
  115843
  101648
   77637
   60060
   52267
   52215
   54057
   53775
   50102
   46947
   46633
   49898
   53434
   54015
   50560
   45296
   42051
   40620
   40493
   40910
   43326
   50336
   63233
   81289
   99953
  111587
  108066
   90317
   70448
   59064
   57602
   65948
   78298
   88571
   87838
   76827
   62111
   50814
   45104
   42048
   41794
   41989
   41809
   40610
   39673
   38380
   37657
   37614
   37274
   37704
   37680
   37442
   37323
   37023
   36823
   37129
   37177
   37052
   36916
   36847
   36910
   36680
   37082
   36896
   36882
   36994
   37285
   36943
   37568
   38669
   40756
   43062
   43916
   42963
   40204
   38481
   37437
   37350
   37211
   37034
   36878
   36939
   37556
   37093
   37590
   37704
   38257
   38142
   38000
   37432
   37109
   36832
   37256
   36651
   36654
   37746
   40158
   45683
   54068
   59916
   59226
   52052
   44492
   39017
   36881
   36489
   36220
   36242
   36384
   36431
   36263
   36623
   36830
   36700
   36085
   35500
   35126
   34973
   35595
   36180
   37656
   39330
   40619
   43853
   50541
   60405
   67529
   64894
   55045
   43795
   37384
   34469
   34441
   33734
   33452
   33683
   34177
   34283
   35049
   34655
   34381
   35497
   39340
   46371
   53723
   56385
   51880
   44667
   37848
   34536
   33028
   32611
   32412
   32622
   32576
   33108
   33497
   33619
   34934
   36179
   38806
   42674
   47222
   49980
   47673
   42888
   37352
   34112
   32836
   32563
   32649
   32519
   32343
   31819
   31091
   31100
   30864
   30763
   31228
   31122
   31035
   31003
   31139
   30810
   30759
   30750
   30671
   30751
   30848
   30824
   31275
   31094
   31542
   31173
   31066
   31095
   30777
   31070
   31860
   33041
   34652
   34980
   34358
   33683
   32664
   31772
   31297
   31053
   31014
   30941
   31163
   31292
   31168
   31404
   31192
   30479
   30631
   30570
   30487
   30815
   31281
   31012
   30811
   30964
   30613
   30809
   30254
   30431
   30322
   30777
   30855
   30845
   30543
   30427
   30563
   30848
   32473
   36187
   42750
   48892
   51841
   48175
   41576
   35587
   32258
   30922
   30570
   30342
   31053
   30511
   31348
   31196
   31255
   30587
   30434
   30594
   30111
   30761
   31003
   31021
   30671
   30326
   30005
   29727
   30082
   32275
   37737
   49267
   63627
   73402
   72964
   61218
   47956
   38080
   33161
   32813
   34051
   34899
   35146
   33937
   31392
   30207
   28747
   28482
   28450
   28419
   28316
   28301
   27786
   27912
   27834
   27385
   27638
   27438
   27244
   27455
   27404
   27938
   28730
   29842
   30726
   31331
   30509
   29011
   27679
   26633
   26575
   26292
   26437
   26119
   25968
   26327
   25870
   25738
   25948
   26366
   28162
   32346
   40189
   50224
   57775
   57462
   49895
   40004
   32220
   27753
   26055
   25814
   25912
   25679
   25457
   24994
   24708
   24208
   24011
   24305
   24298
   24412
   24388
   24187
   24051
   23623
   23546
   23218
   23247
   23071
   23083
   23119
   23525
   24100
   24568
   25370
   26799
   26980
   27076
   25891
   24334
   23346
   22407
   22085
   21989
   22078
   21951
   21935
   21633
   21746
   21404
   21076
   21378
   23542
   31093
   49155
   80790
  120434
  149863
  150160
  120055
   78930
   46604
   29340
   22721
   21212
   20944
   21045
   21250
   21095
   21288
   21389
   20505
   20113
   19636
   19422
   19173
   19112
   19312
   19727
   19320
   19586
   19306
   19387
   19122
   19426
   19940
   20585
   22370
   24567
   26742
   28376
   27490
   25424
   22496
   20336
   19624
   19618
   20503
   22375
   25316
   28421
   28934
   27483
   24282
   21884
   19929
   19024
   18897
   19077
   19535
   18951
   18598
   18128
   17951
   18949
   19724
   21164
   21394
   21109
   20434
   19812
   18795
   18235
   17755
   18104
   18992
   20714
   21773
   22200
   21264
   19703
   18270
   16777
   16618
   16529
   16033
   16026
   15997
   16167
   15925
   16007
   16115
   15964
   16638
   16602
   16983
   16541
   16438
   16158
   16067
   16100
   16691
   17536
   19154
   20816
   20877
   20047
   18528
   17390
   16418
   16202
   16108
   16796
   18458
   22795
   28099
   33309
   36102
   33855
   28160
   22503
   18272
   16278
   15438
   14744
   14887
   14954
   15393
   16090
   17259
   17926
   17717
   16781
   15701
   14888
   14465
   14139
   14113
   14110
   14194
   14037
   14266
   14543
   15583
   16661
   18243
   19222
   19345
   18452
   17400
   16360
   15230
   14726
   13981
   13898
   13543
   13703
   13581
   13666
   13607
   13598
   13902
   14206
   14510
   14798
   15484
   16790
   18997
   21374
   23337
   25066
   24740
   24811
   25683
   26588
   27542
   25944
   23265
   20001
   17924
   17297
   17818
   17942
   17888
   16680
   15270
   13756
   13380
   13260
   13186
   13319
   13633
   13530
   13398
   13264
   13174
   13056
   13554
   13826
   14240
   14616
   14449
   14133
   13524
   13120
   12819
   12898
   12688
   12914
   13163
   13520
   14030
   14174
   14502
   14608
   14731
   14899
   14883
   14762
   14991
   14916
   14872
   14773
   14989
   15180
   15114
   15020
   14361
   13591
   12891
   12665
   12735
   13137
   13618
   14081
   14338
   13876
   13123
   13003
   12538
   12436
   12273
   12705
   13113
   13380
   14040
   14059
   13766
   13272
   12970
   12067
   12072
   11926
   11879
   12092
   12278
   12533
   12864
   13300
   13914
   14351
   14263
   14300
   13352
   12718
   12213
   12095
   11766
   11674
   11843
   12161
   12568
   13046
   13348
   13532
   13154
   12724
   11986
   11931
   11880
   12063
   12210
   12467
   12289
   12445
   12105
   11921
   11677
   11971
   12482
   12509
   13041
   13353
   13846
   14448
   15753
   15978
   15928
   14763
   13400
   12364
   11631
   11423
   11128
   10945
   10793
   10624
   10747
   10580
   10531
   10667
   10642
   10532
   10471
   10556
   10405
   10363
   10328
   10368
   10201
   10358
    9992
   10148
   10252
    9992
   10149
    9983
    9958
    9980
    9774
   10156
   10099
   10030
   10040
    9823
   10076
   10134
    9976
   10019
    9976
    9566
    9636
    9650
    9717
    9601
    9749
    9593
    9533
    9553
    9615
    9546
    9544
    9460
    9518
    9462
    9458
    9697
    9309
    9391
    9602
    9642
    9673
    9797
   10043
   10167
   10288
   10850
   11651
   12328
   12422
   11928
   11419
   10394
    9709
    9427
    9166
    9091
    9158
    9230
    9259
    9198
    9209
    8976
    8988
    9131
    9210
    9316
    9599
   10185
   10844
   12111
   13000
   13616
   13482
   12954
   12064
   11298
   11080
   10921
   11008
   10711
   10548
   10060
    9837
    9767
    9806
    9701
    9529
    9353
    9207
    9077
    9048
    9219
    9360
    9191
    9239
    9518
   10018
   10281
   10615
   10714
   10747
   10269
    9901
    9635
    9722
   10256
   10818
   11845
   12710
   13220
   12755
   11916
   10715
    9535
    9047
    8933
    8780
    8723
    8742
    8824
    8993
    9157
    9453
    9742
    9633
    9532
    9298
    9102
    8857
    8572
    8518
    8375
    8297
    8428
    8378
    8547
    8747
    9077
    9535
   10274
   10714
   11043
   11332
   10851
   10338
    9874
    9660
   10096
   10401
   10687
   10752
   10459
    9943
    9571
    9166
    8763
    8741
    8798
    8626
    8730
    8820
    9074
    9241
    8894
    8660
    8503
    8378
    8343
    8355
    8392
    8201
    8087
    8272
    8272
    8326
    8372
    8552
    8915
    8833
    8953
    9076
    9290
    9480
   10039
   10618
   11245
   11295
   10903
   10309
    9668
    8953
    8468
    8602
    8536
    8736
    8899
    8879
    8782
    8559
    8737
    8491
    8400
    8204
    8125
    8207
    8078
    7990
    8136
    8080
    8414
    8882
    9272
    9751
   10635
   10928
   10751
   10619
    9757
    8945
    8676
    8344
    8288
    8252
    8123
    8257
    8282
    8082
    8056
    7982
    8013
    8028
    8133
    8314
    8946
    9751
   11254
   13630
   16286
   18629
   19940
   19057
   16841
   14276
   11646
   10215
    9163
    8815
    8771
    8500
    8632
    8459
    8123
    8002
    7758
    7565
    7447
    7355
    7360
    7594
    7400
    7396
    7458
    7368
    7484
    7447
    7419
    7356
    7702
    7660
    7780
    8102
    8239
    8100
    7985
    7801
    7480
    7441
    7417
    7190
    7245
    7403
    7503
    7764
    7648
    7977
    8017
    7946
    8166
    8060
    8040
    8515
    8557
    8654
    8855
    8880
    8771
    8821
    8727
    8416
    8318
    7737
    7513
    7395
    7331
    7198
    7291
    7518
    7970
    8202
    8290
    8482
    8472
    8566
    8490
    8564
    8629
    8473
    8164
    7506
    7359
    6979
    6977
    6959
    6845
    6934
    6845
    7016
    7231
    7417
    7530
    8158
    8338
    8928
    9400
    9693
   10445
   10763
   10878
   10844
   10820
   11166
   11929
   12672
   13021
   12730
   12449
   11652
   10528
    9887
    9267
    8598
    8099
    7859
    7630
    7273
    6931
    6960
    6876
    6586
    6642
    6779
    6562
    6612
    6590
    6763
    6743
    6720
    6851
    7030
    7324
    7863
    8367
    9068
    9339
    9372
    9503
    9520
    9498
   10330
   12180
   15054
   18352
   21538
   23506
   24365
   23906
   24341
   26964
   32108
   40507
   49482
   54667
   54437
   47939
   37011
   26001
   17170
   11528
    8745
    7381
    6756
    6560
    6452
    6745
    6599
    6747
    7115
    6996
    7356
    7291
    7603
    7422
    7268
    7295
    7234
    7395
    7504
    7900
    7880
    8166
    7947
    7691
    7582
    7660
    7929
    8746
    9941
   10999
   11836
   12713
   13298
   13649
   13870
   13709
   13408
   12048
   10659
    8723
    7564
    6729
    6468
    6438
    6563
    6722
    7594
    8567
    9813
   12099
   14114
   16112
   17914
   19640
   22180
   25935
   30754
   34938
   37221
   35626
   30586
   23141
   16396
   11674
    8566
    7177
    6554
    6537
    6819
    7201
    7750
    7824
    7863
    7735
    7141
    6472
    6127
    5943
    5869
    5875
    5862
    5782
    5877
    5808
    5807
    5657
    5603
    5558
    5441
    5478
    5414
    5360
    5349
    5274
    5366
    5397
    5452
    5267
    5302
    5313
    5340
    5327
    5473
    5431
    5448
    5716
    5778
    5740
    5599
    5771
    5624
    5681
    5491
    5455
    5412
    5422
    5349
    5287
    5197
    5142
    5074
    5139
    5009
    5057
    4990
    5346
    5337
    5193
    5427
    5270
    5322
    5292
    5043
    5108
    5168
    5105
    5029
    5219
    5087
    4993
    5039
    4956
    4915
    4868
    4961
    4847
    4946
    4928
    5105
    5098
    5113
    5104
    5388
    5451
    5558
    5794
    6070
    6102
    6370
    6232
    6069
    5725
    5390
    5104
    5006
    4954
    5015
    4874
    4994
    5017
    5077
    5221
    5112
    5295
    5415
    5613
    5597
    5732
    5590
    5375
    5282
    5164
    5251
    5126
    4992
    5272
    5470
    5793
    6023
    6261
    6277
    6100
    6099
    5593
    5297
    5136
    4953
    4743
    4809
    4829
    4892
    4883
    4967
    5121
    5241
    5224
    5300
    5391
    5440
    5694
    6133
    6728
    7403
    7883
    8095
    8073
    7525
    7201
    6634
    6425
    6224
    6169
    6439
    6447
    6471
    6302
    6028
    5660
    5309
    4984
    4652
    4597
    4641
    4592
    4506
    4768
    4849
    5157
    5348
    5612
    6120
    6410
    6806
    7155
    7328
    7196
    7038
    6621
    6343
    6074
    5730
    5299
    5282
    5248
    5251
    5417
    5477
    5596
    5877
    5928
    6329
    6334
    6177
    6121
    5799
    5700
    5554
    5886
    6381
    7346
    8905
   10374
   12135
   13006
   12940
   12511
   10650
    8942
    7031
    5710
    4890
    4446
    4404
    4331
    4211
    4462
    4700
    4565
    4814
    4817
    4883
    5044
    4930
    4908
    5157
    5382
    5605
    5898
    6390
    7171
    7950
    8896
    9661
    9966
   10227
   10325
    9878
    9985
   10496
   11799
   13772
   17668
   22950
   30084
   37436
   43314
   45967
   44914
   39989
   30939
   21229
   14122
    9353
    6695
    5169
    4439
    4345
    4500
    4467
    4639
    5123
    5374
    5769
    6404
    7113
    7970
    9265
   11034
   13119
   14645
   15163
   15224
   13923
   11951
    9538
    7540
    6488
    5622
    5295
    4920
    4881
    4730
    4606
    4757
    4776
    5073
    5439
    5986
    7093
    8253
    9497
   10671
   10757
   10677
    9900
    8483
    7349
    6224
    5387
    5157
    4872
    4757
    4713
    4731
    4645
    4640
    4900
    4736
    5033
    5207
    5501
    5355
    5648
    5514
    5117
    4821
    4703
    4382
    4104
    3958
    3947
    3790
    3793
    3815
    3778
    3936
    3920
    3816
    3981
    4022
    3951
    3934
    3942
    3969
    4052
    4119
    4164
    4153
    4192
    4192
    4082
    3974
    3983
    3922
    3780
    3952
    3730
    3751
    3721
    3762
    3715
    3710
    3602
    3646
    3710
    3665
    3772
    3709
    3995
    4075
    4223
    4058
    4039
    4178
    4159
    4244
    4359
    4429
    4492
    4429
    4554
    4493
    4283
    4131
    3864
    3858
    3666
    3617
    3662
    3643
    3714
    3626
    3653
    3701
    3680
    3596
    3597
    3537
    3517
    3649
    3543
    3628
    3561
    3527
    3473
    3592
    3654
    3642
    3645
    3789
    3787
    4033
    4434
    4925
    5579
    6517
    7866
    9445
   11995
   14834
   17330
   19915
   21153
   20819
   19629
   16550
   12775
    9447
    7199
    5790
    4970
    4575
    4170
    4056
    3802
    3835
    3736
    3666
    3689
    3670
    3617
    3541
    3514
    3462
    3454
    3473
    3487
    3388
    3525
    3498
    3590
    3527
    3444
    3717
    3712
    3956
    4050
    4281
    4810
    5365
    5948
    6764
    7831
    9254
   11183
   14207
   18694
   24685
   30529
   36155
   38869
   39206
   37088
   31440
   23963
   16653
   11082
    7773
    6155
    5337
    5446
    5831
    6738
    8040
    9255
   10547
   11314
   11519
   11106
   10169
    8939
    7427
    6747
    6692
    7084
    7363
    7850
    7928
    7623
    7096
    6325
    5372
    4509
    4204
    3844
    3644
    3615
    3511
    3395
    3490
    3462
    3533
    3683
    3732
    3869
    3950
    4002
    3898
    3881
    3537
    3482
    3377
    3263
    3250
    3346
    3458
    3430
    3544
    3657
    3824
    3840
    3770
    3912
    3742
    3872
    3948
    4197
    4412
    4943
    5721
    6771
    7990
    9369
   10298
   11070
   11094
   10801
    9842
    8145
    6526
    5501
    4663
    4008
    3641
    3550
    3460
    3434
    3515
    3651
    3443
    3572
    3415
    3440
    3460
    3341
    3553
    3468
    3461
    3636
    3509
    3526
    3498
    3336
    3410
    3435
    3373
    3399
    3412
    3605
    3602
    3405
    3499
    3506
    3406
    3398
    3270
    3242
    3224
    3083
    3156
    3147
    3144
    3195
    3232
    3356
    3477
    3500
    3565
    3500
    3460
    3457
    3337
    3243
    3128
    3144
    3149
    2997
    3087
    3147
    3058
    3053
    3090
    2953
    2943
    3089
    2952
    3059
    3093
    3058
    3071
    3077
    3153
    3295
    3252
    3334
    3549
    3557
    3587
    3686
    3552
    3477
    3237
    3319
    3314
    3344
    3509
    3727
    4042
    4289
    4807
    5486
    6590
    7581
    8663
    9965
   10186
   10361
    9843
    9003
    7634
    6171
    4802
    4150
    3563
    3296
    3108
    3049
    3028
    3059
    3159
    3150
    3159
    3221
    3177
    3384
    3368
    3423
    3553
    3645
    3733
    3847
    3967
    3762
    3838
    3684
    3491
    3368
    3190
    3087
    3006
    2993
    2821
    2886
    2869
    2922
    2878
    2940
    2866
    2831
    2807
    2938
    3054
    3152
    3150
    3438
    3570
    3989
    4349
    4855
    5383
    5863
    6348
    6631
    6924
    6834
    6694
    6371
    6185
    5663
    4840
    4293
    3763
    3410
    3127
    3064
    2970
    2922
    2935
    3088
    3145
    3497
    3676
    4056
    4328
    4866
    5635
    6351
    7238
    8320
    9373
   10113
   10500
   10136
    9717
    8832
    7426
    5871
    4792
    3934
    3515
    3365
    3305
    3219
    3250
    3335
    3303
    3307
    3161
    3212
    3151
    3062
    3171
    3188
    3376
    3424
    3571
    3651
    3628
    3526
    3584
    3560
    3448
    3363
    3358
    3358
    3267
    3342
    3304
    3259
    3262
    3286
    3124
    3241
    3160
    2995
    3038
    2920
    2893
    2755
    2686
    2708
    2673
    2571
    2628
    2589
    2543
    2650
    2524
    2655
    2597
    2670
    2639
    2736
    2779
    2755
    3020
    3222
    3429
    3711
    3858
    4265
    4484
    4822
    4968
    4921
    4677
    4538
    4200
    3846
    3595
    3390
    3306
    3146
    3205
    3123
    3409
    3455
    3579
    3988
    4358
    4906
    5523
    6320
    6815
    7080
    7103
    7154
    6638
    5786
    4857
    4091
    3422
    3049
    2911
    2763
    2674
    2627
    2639
    2615
    2640
    2635
    2520
    2689
    2600
    2800
    2917
    2945
    3038
    3211
    3508
    3611
    3740
    3849
    4127
    4234
    4343
    4556
    4726
    4961
    4977
    5007
    4863
    4596
    4191
    3781
    3257
    3068
    2774
    2697
    2582
    2600
    2504
    2539
    2497
    2519
    2462
    2445
    2468
    2532
    2660
    2745
    2637
    2649
    2691
    2788
    2824
    2850
    2888
    2947
    3008
    3145
    3212
    3518
    3691
    4026
    4147
    4549
    4726
    5022
    5583
    5695
    5763
    5658
    5537
    5144
    4831
    4363
    3690
    3229
    2781
    2651
    2630
    2552
    2534
    2378
    2390
    2483
    2420
    2492
    2501
    2569
    2532
    2636
    2659
    2782
    2931
    3126
    3097
    3359
    3439
    3286
    3267
    3213
    3070
    2922
    2700
    2593
    2610
    2564
    2600
    2664
    2810
    3007
    3209
    3705
    4168
    4948
    5779
    6726
    7509
    8077
    8401
    8753
    8258
    7733
    6682
    5301
    4182
    3417
    2971
    2714
    2492
    2395
    2334
    2324
    2370
    2345
    2292
    2249
    2295
    2437
    2352
    2304
    2296
    2357
    2388
    2448
    2512
    2624
    2627
    2875
    2909
    3055
    3052
    3034
    3187
    2971
    2897
    2815
    2588
    2719
    2623
    2663
    2709
    2957
    3153
    3329
    3429
    3739
    3851
    3993
    4028
    3865
    3671
    3484
    3263
    2937
    2660
    2496
    2420
    2354
    2198
    2216
    2213
    2319
    2243
    2271
    2301
    2233
    2210
    2369
    2309
    2401
    2427
    2370
    2406
    2461
    2626
    2632
    2871
    2945
    3063
    3160
    3201
    3343
    3440
    3270
    3216
    3118
    3077
    3065
    3200
    3160
    3208
    3160
    3296
    3276
    3256
    3265
    3174
    2960
    2927
    2816
    2702
    2557
    2581
    2444
    2589
    2439
    2534
    2467
    2611
    2515
    2595
    2571
    2701
    2537
    2447
    2404
    2328
    2381
    2285
    2202
    2256
    2170
    2282
    2190
    2257
    2242
    2218
    2224
    2272
    2258
    2290
    2205
    2246
    2225
    2197
    2126
    2161
    2147
    2158
    2176
    2142
    2197
    2184
    2144
    2219
    2178
    2134
    2179
    2194
    2152
    2156
    2212
    2161
    2187
    2228
    2216
    2286
    2219
    2155
    2215
    2179
    2266
    2193
    2251
    2266
    2216
    2194
    2223
    2302
    2249
    2266
    2278
    2193
    2156
    2097
    2117
    2112
    2159
    2120
    2192
    2138
    2222
    2068
    2166
    2189
    2243
    2281
    2199
    2424
    2349
    2349
    2446
    2500
    2469
    2448
    2326
    2279
    2346
    2127
    2208
    2178
    2163
    2131
    2120
    2135
    2133
    2273
    2226
    2212
    2237
    2374
    2416
    2538
    2716
    2918
    3181
    3588
    4207
    4870
    5647
    6613
    7612
    8349
    8779
    9301
    9248
    9113
    8310
    7195
    5905
    4683
    3780
    3321
    3019
    2937
    2990
    3095
    3183
    3262
    3426
    3399
    3474
    3235
    3249
    3090
    2775
    2605
    2419
    2408
    2422
    2514
    2460
    2648
    2857
    3001
    3310
    3689
    4092
    4424
    4656
    4815
    5008
    4927
    4719
    4348
    3866
    3459
    3057
    2657
    2573
    2435
    2361
    2307
    2278
    2224
    2319
    2268
    2320
    2120
    2126
    2028
    2114
    2071
    2050
    1955
    1997
    2054
    2038
    2123
    2036
    2158
    2130
    2129
    2094
    2178
    2165
    2100
    2206
    2130
    2091
    2098
    2127
    2105
    2086
    1941
    1977
    2019
    1978
    1866
    1972
    2020
    1926
    1964
    1832
    1987
    1876
    1905
    1973
    1860
    2023
    2004
    1950
    2052
    2021
    2047
    1999
    1959
    2044
    2006
    1992
    2002
    2118
    2087
    2060
    2067
    2016
    2074
    2073
    2084
    2046
    2173
    2299
    2412
    2443
    2540
    2657
    2634
    2670
    2514
    2462
    2334
    2261
    2195
    2027
    2019
    1946
    1899
    1857
    1963
    1935
    1904
    1917
    1908
    1986
    1930
    1943
    1853
    1942
    1902
    1937
    1844
    1929
    1972
    1939
    1976
    2049
    2032
    1948
    1980
    1985
    1919
    1914
    1973
    1936
    2019
    1878
    1863
    1842
    1876
    1994
    1923
    2016
    2014
    1995
    1986
    2135
    2075
    2142
    2370
    2401
    2463
    2471
    2621
    2565
    2584
    2678
    2604
    2521
    2387
    2266
    2157
    2162
    2143
    2176
    2113
    2180
    2296
    2377
    2405
    2450
    2445
    2454
    2320
    2328
    2341
    2151
    1973
    1944
    1928
    1913
    1825
    1821
    1836
    1897
    1942
    1907
    1893
    1938
    1916
    2004
    2060
    2058
    2099
    2274
    2404
    2465
    2692
    2817
    3019
    3150
    3125
    3069
    3218
    3091
    2958
    2781
    2515
    2324
    2119
    1913
    2003
    1923
    1927
    1964
    1966
    2047
    2051
    2071
    2151
    2352
    2469
    2629
    2859
    2760
    3067
    3083
    3264
    3223
    3209
    3083
    2861
    2917
    2853
    2865
    3023
    3119
    3534
    4130
    4765
    5705
    6612
    7331
    7884
    8541
    8626
    8772
    8708
    8182
    7149
    5978
    4835
    3916
    3327
    2999
    2921
    2660
    2563
    2548
    2517
    2480
    2263
    2290
    2174
    2093
    2131
    2199
    2251
    2306
    2403
    2544
    2528
    2556
    2524
    2600
    2408
    2378
    2246
    2248
    2149
    2136
    2140
    2215
    2244
    2312
    2292
    2348
    2371
    2451
    2327
    2234
    2157
    2033
    2034
    2007
    1939
    1842
    1814
    1778
    1819
    1784
    1775
    1774
    1789
    1818
    1800
    1741
    1788
    1826
    1862
    1880
    1870
    1875
    1949
    2026
    2009
    2009
    1964
    1996
    1943
    1989
    1913
    1856
    1918
    1866
    1786
    1850
    1796
    1842
    1740
    1779
    1789
    1826
    1820
    1873
    1888
    1936
    1896
    1912
    1928
    1981
    1987
    1989
    1920
    1822
    1754
    1752
    1755
    1754
    1744
    1704
    1680
    1664
    1649
    1646
    1659
    1670
    1667
    1603
    1706
    1671
    1670
    1739
    1666
    1710
    1727
    1627
    1757
    1704
    1790
    1739
    1727
    1706
    1650
    1738
    1648
    1694
    1696
    1622
    1612
    1624
    1590
    1654
    1544
    1647
    1625
    1477
    1590
    1514
    1518
    1524
    1536
    1529
    1568
    1475
    1557
    1540
    1538
    1526
    1523
    1519
    1488
    1509
    1563
    1528
    1480
    1591
    1602
    1526
    1459
    1546
    1500
    1467
    1529
    1551
    1503
    1490
    1497
    1457
    1474
    1480
    1552
    1452
    1451
    1469
    1509
    1519
    1628
    1502
    1607
    1606
    1609
    1554
    1609
    1653
    1713
    1651
    1633
    1643
    1581
    1614
    1571
    1589
    1546
    1484
    1469
    1451
    1578
    1414
    1529
    1477
    1426
    1518
    1469
    1418
    1423
    1461
    1441
    1474
    1400
    1418
    1450
    1445
    1432
    1463
    1447
    1410
    1407
    1426
    1504
    1421
    1347
    1443
    1494
    1414
    1463
    1444
    1440
    1436
    1414
    1430
    1416
    1400
    1390
    1390
    1397
    1404
    1374
    1441
    1427
    1457
    1434
    1468
    1446
    1505
    1499
    1551
    1508
    1562
    1541
    1577
    1639
    1650
    1681
    1679
    1775
    1765
    1693
    1699
    1675
    1715
    1753
    1705
    1712
    1629
    1602
    1666
    1620
    1588
    1524
    1691
    1509
    1575
    1566
    1488
    1483
    1430
    1377
    1443
    1382
    1263
    1408
    1311
    1378
    1398
    1335
    1356
    1385
    1380
    1365
    1388
    1438
    1462
    1362
    1382
    1398
    1424
    1397
    1417
    1465
    1482
    1487
    1489
    1592
    1576
    1758
    1817
    1914
    2187
    2373
    2691
    3126
    3740
    4631
    5355
    6391
    7094
    7589
    8055
    8403
    8672
    8536
    8291
    7667
    6595
    5313
    4169
    2973
    2420
    1986
    1814
    1640
    1406
    1366
    1308
    1309
    1312
    1210
    1268
    1239
    1283
    1269
    1219
    1237
    1242
    1241
    1250
    1273
    1268
    1265
    1240
    1300
    1327
    1319
    1355
    1352
    1326
    1362
    1343
    1398
    1379
    1406
    1361
    1338
    1311
    1321
    1357
    1315
    1423
    1392
    1362
    1406
    1365
    1364
    1402
    1344
    1273
    1247
    1237
    1244
    1214
    1196
    1203
    1187
    1164
    1136
    1101
    1182
    1213
    1180
    1228
    1093
    1173
    1200
    1176
    1245
    1239
    1224
    1226
    1260
    1238
    1238
    1316
    1319
    1235
    1227
    1346
    1373
    1411
    1375
    1440
    1473
    1461
    1447
    1533
    1551
    1547
    1528
    1499
    1492
    1427
    1397
    1404
    1288
    1375
    1402
    1494
    1443
    1417
    1391
    1413
    1406
    1371
    1259
    1283
    1173
    1188
    1197
    1148
    1154
    1215
    1161
    1148
    1127
    1172
    1146
    1136
    1121
    1157
    1136
    1082
    1123
    1147
    1066
    1177
    1081
    1131
    1196
    1108
    1122
    1161
    1114
    1110
    1116
    1156
    1115
    1122
    1136
    1106
    1127
    1100
    1211
    1138
    1135
    1133
    1195
    1129
    1127
    1215
    1158
    1144
    1146
    1216
    1198
    1211
    1180
    1113
    1135
    1162
    1161
    1149
    1134
    1077
    1111
    1072
    1105
    1086
    1037
    1074
    1071
    1051
    1080
    1126
    1115
    1098
    1059
    1106
    1109
    1060
    1094
    1089
    1101
    1063
    1091
    1064
    1081
    1139
    1174
    1132
    1122
    1103
    1023
    1050
    1073
    1024
    1046
    1072
    1054
    1018
    1033
    1039
    1010
    1069
    1072
    1041
    1072
    1073
    1023
    1032
    1046
    1036
    1120
    1074
    1057
    1073
    1122
    1130
    1179
    1197
    1165
    1197
    1275
    1292
    1384
    1291
    1346
    1337
    1354
    1393
    1346
    1319
    1297
    1226
    1196
    1149
    1092
    1168
    1024
    1071
    1089
    1135
    1209
    1235
    1139
    1292
    1265
    1289
    1251
    1270
    1337
    1252
    1322
    1345
    1299
    1314
    1286
    1275
    1323
    1288
    1396
    1472
    1404
    1444
    1368
    1425
    1406
    1428
    1404
    1324
    1260
    1263
    1229
    1225
    1206
    1130
    1162
    1209
    1117
    1136
    1194
    1209
    1284
    1332
    1447
    1563
    1716
    1885
    2186
    2409
    2705
    3257
    3782
    4681
    5699
    7024
    8163
    9266
    9978
   10869
   10992
   11408
   11536
   11757
   11393
   10445
    8888
    7262
    5297
    3970
    2963
    2343
    1990
    1749
    1551
    1449
    1239
    1150
    1097
    1060
    1012
    1081
    1095
    1075
    1034
    1040
    1053
    1097
     983
    1003
    1075
    1052
    1128
    1222
    1161
    1215
    1227
    1193
    1252
    1283
    1328
    1384
    1354
    1357
    1309
    1286
    1423
    1461
    1512
    1632
    1755
    1834
    1930
    1926
    2055
    2065
    2063
    2007
    1995
    1933
    1723
    1518
    1376
    1249
    1188
    1142
    1083
    1043
    1036
    1023
    1060
    1061
    1034
    1075
    1099
    1036
    1102
    1098
    1101
    1107
    1126
    1030
    1023
    1026
    1042
     961
    1038
     967
     936
     979
     970
     994
     937
    1020
     975
    1010
     939
     993
     968
     991
     958
    1028
    1019
     979
    1002
     964
    1011
    1001
    1003
     987
     988
    1017
     989
     956
     959
    1029
     919
     998
    1039
     979
    1057
    1018
    1079
    1041
    1046
    1025
    1042
    1016
    1060
    1050
     947
    1059
    1020
    1008
    1011
     986
    1018
     948
     959
     967
     932
     981
    1010
     990
    1063
    1021
    1015
    1018
     975
    1030
     971
    1004
    1047
    1035
     971
    1052
     956
    1004
     972
    1054
     979
     988
    1038
    1046
    1092
    1068
    1071
    1067
    1111
    1077
    1076
    1195
    1164
    1136
    1252
    1325
    1358
    1510
    1563
    1796
    1919
    2079
    2256
    2341
    2527
    2605
    2588
    2705
    2563
    2718
    2616
    2354
    2086
    1829
    1600
    1387
    1140
    1042
     991
     976
     974
     930
     929
     889
     945
     863
     897
     902
     959
     919
     937
     951
     917
     906
     956
     960
     965
     917
     973
     967
    1018
     963
     985
     942
     985
     983
     986
     956
     928
     986
     897
     918
     939
     920
     888
     916
     905
     900
     891
     892
     910
     937
     941
     926
     906
     920
     831
     847
     900
     935
     828
     909
     886
     891
     901
     917
     857
     859
     892
     889
     913
     876
     859
     838
     937
     878
     838
     851
     937
     834
     871
     875
     900
     881
     895
     846
     888
     864
     835
     856
     873
     831
     864
     841
     845
     896
     845
     889
     861
     925
     955
     908
     929
     954
     967
     936
    1025
    1025
     977
    1060
     968
    1048
    1047
    1034
    1034
    1092
     980
     953
     881
     904
     945
     892
     830
     875
     862
     863
     854
     872
     909
     846
     878
     888
     820
     896
     914
     872
     820
     879
     889
     863
     903
     942
     865
     914
     991
     983
    1012
    1023
    1047
    1005
     943
     994
    1046
    1012
     947
    1023
     926
     914
     898
     956
     857
     909
     902
     944
     937
     937
     939
    1020
    1030
    1121
    1112
    1198
    1288
    1355
    1340
    1406
    1403
    1463
    1527
    1520
    1452
    1519
    1487
    1327
    1330
    1216
    1074
     975
     935
     929
     895
     878
     910
     882
     856
     833
     855
     888
     841
     778
     841
     877
     868
     887
     908
     907
     884
     870
     882
     870
     827
     838
     913
     960
     891
     915
     929
     940
     938
     882
    1001
     951
     899
     955
     926
     923
     857
     917
     842
     795
     804
     821
     835
     787
     810
     797
     795
     790
     782
     805
     780
     796
     734
     834
     778
     811
     832
     798
     788
     779
     812
     815
     776
     795
     826
     855
     826
     835
     829
     833
     843
     872
     898
     886
     911
     954
     949
    1003
     972
    1017
     933
     987
     971
    1001
    1011
     972
     937
     983
     855
     872
     842
     821
     805
     826
     870
     846
     802
     823
     833
     834
     818
     854
     869
     865
     879
     901
     874
     918
     865
     910
     922
     864
     840
     765
     768
     740
     786
     779
     754
     800
     784
     803
     813
     755
     784
     760
     795
     796
     722
     831
     744
     735
     754
     772
     745
     800
     789
     733
     728
     725
     678
     788
     720
     713
     761
     756
     772
     751
     770
     813
     762
     788
     801
     782
     792
     821
     758
     829
     824
     809
     791
     817
     761
     789
     790
     717
     814
     788
     780
     765
     710
     787
     753
     716
     734
     745
     729
     782
     710
     765
     721
     813
     745
     723
     747
     717
     760
     693
     736
     759
     769
     759
     808
     794
     766
     850
     820
     831
     858
     828
     878
     782
     841
     892
     839
     849
     804
     791
     736
     711
     667
     737
     674
     740
     704
     662
     711
     732
     673
     693
     678
     642
     685
     688
     678
     689
     672
     683
     668
     678
     682
     711
     664
     677
     697
     707
     654
     687
     686
     678
     642
     657
     642
     683
     682
     653
     675
     656
     700
     651
     666
     658
     618
     687
     642
     675
     651
     678
     660
     637
     660
     674
     691
     642
     662
     692
     665
     683
     637
     683
     649
     657
     646
     669
     699
     685
     687
     710
     714
     699
     699
     702
     714
     650
     708
     705
     669
     705
     716
     679
     669
     686
     728
     717
     692
     674
     751
     703
     729
     701
     701
     715
     726
     716
     739
     693
     666
     740
     696
     687
     718
     653
     616
     719
     653
     651
     634
     605
     655
     641
     680
     678
     592
     646
     647
     609
     617
     647
     620
     661
     641
     661
     633
     632
     651
     645
     623
     700
     638
     689
     673
     678
     709
     707
     709
     792
     812
     833
     859
     867
     922
    1014
    1117
    1264
    1403
    1604
    1701
    1820
    1857
    1989
    1953
    2049
    2011
    2113
    2087
    2186
    2058
    1866
    1706
    1400
    1134
     986
     886
     902
     816
     748
     746
     748
     725
     727
     702
     731
     699
     658
     687
     668
     641
     688
     654
     634
     612
     634
     598
     627
     617
     633
     628
     589
     646
     585
     595
     604
     619
     598
     591
     578
     602
     593
     593
     592
     600
     584
     615
     637
     640
     597
     635
     710
     700
     686
     715
     688
     731
     757
     859
     888
    1001
    1015
    1053
    1139
    1097
    1135
    1166
    1235
    1225
    1327
    1234
    1197
    1092
    1077
     911
     832
     767
     667
     604
     630
     611
     647
     581
     598
     633
     594
     575
     573
     573
     592
     604
     596
     576
     632
     584
     603
     568
     554
     635
     633
     629
     623
     638
     636
     622
     688
     620
     675
     665
     677
     630
     650
     661
     669
     660
     616
     592
     606
     597
     617
     569
     560
     559
     538
     571
     597
     615
     545
     571
     574
     559
     591
     601
     514
     607
     643
     664
     656
     670
     673
     737
     731
     756
     807
     788
     748
     780
     820
     817
     871
     919
     812
     838
     766
     757
     716
     686
     704
     653
     651
     653
     597
     593
     604
     571
     621
     552
     620
     583
     604
     600
     621
     589
     603
     611
     620
     631
     662
     638
     649
     653
     717
     638
     654
     633
     689
     625
     634
     645
     654
     589
     580
     638
     628
     660
     636
     627
     640
     591
     663
     576
     570
     584
     532
     552
     509
     530
     516
     528
     556
     520
     542
     500
     509
     529
     553
     499
     535
     516
     535
     581
     540
     515
     528
     532
     552
     524
     548
     566
     534
     536
     559
     497
     552
     551
     525
     510
     507
     558
     525
     528
     541
     554
     508
     509
     530
     551
     526
     509
     525
     563
     539
     517
     542
     549
     558
     567
     542
     553
     537
     559
     576
     594
     605
     601
     705
     663
     682
     733
     835
     898
     960
    1090
    1191
    1218
    1322
    1450
    1450
    1507
    1483
    1559
    1504
    1628
    1647
    1561
    1480
    1421
    1261
    1111
     929
     833
     700
     651
     608
     633
     565
     512
     582
     569
     535
     496
     528
     547
     514
     533
     515
     504
     494
     529
     528
     534
     610
     528
     592
     572
     577
     577
     625
     650
     598
     597
     657
     593
     612
     644
     593
     547
     564
     555
     490
     504
     551
     522
     481
     491
     482
     492
     484
     503
     519
     534
     477
     518
     478
     494
     478
     494
     487
     492
     501
     483
     484
     505
     508
     510
     494
     487
     438
     460
     463
     506
     508
     511
     505
     519
     480
     533
     506
     536
     564
     553
     562
     601
     591
     619
     620
     618
     712
     729
     721
     784
     857
     914
    1015
    1106
    1214
    1273
    1384
    1394
    1388
    1514
    1561
    1651
    1573
    1597
    1709
    1629
    1529
    1548
    1409
    1182
    1027
     911
     721
     643
     614
     555
     567
     519
     498
     493
     497
     508
     527
     471
     555
     507
     480
     505
     516
     528
     501
     519
     548
     517
     533
     523
     515
     523
     498
     521
     454
     522
     461
     527
     502
     518
     464
     483
     509
     456
     499
     491
     464
     470
     459
     461
     489
     477
     459
     464
     423
     451
     465
     468
     448
     478
     479
     444
     496
     464
     463
     482
     464
     477
     432
     457
     481
     451
     458
     442
     446
     476
     439
     472
     473
     462
     490
     453
     491
     468
     472
     473
     491
     471
     521
     501
     486
     455
     483
     477
     483
     499
     469
     503
     507
     528
     514
     508
     551
     526
     583
     605
     560
     506
     572
     556
     563
     553
     561
     584
     547
     610
     530
     530
     547
     551
     513
     504
     532
     504
     523
     483
     520
     487
     496
     480
     495
     477
     456
     469
     492
     481
     414
     492
     479
     447
     458
     476
     458
     491
     492
     465
     513
     511
     495
     506
     538
     535
     607
     592
     594
     581
     622
     593
     637
     606
     682
     680
     694
     674
     670
     635
     662
     579
     565
     538
     491
     492
     524
     450
     441
     455
     436
     446
     408
     454
     490
     429
     467
     462
     447
     440
     491
     467
     483
     469
     455
     488
     456
     508
     499
     582
     574
     557
     546
     569
     556
     541
     592
     603
     543
     579
     546
     555
     495
     581
     504
     487
     457
     515
     499
     493
     474
     497
     462
     440
     441
     453
     434
     507
     419
     456
     455
     439
     486
     454
     445
     475
     397
     474
     421
     439
     447
     401
     450
     418
     408
     468
     433
     427
     411
     444
     414
     450
     428
     432
     423
     414
     465
     407
     420
     403
     400
     436
     399
     443
     424
     410
     422
     445
     403
     423
     409
     404
     434
     434
     407
     430
     432
     448
     429
     446
     400
     423
     416
     446
     417
     438
     416
     432
     409
     445
     414
     440
     445
     439
     428
     465
     440
     358
     401
     420
     405
     400
     434
     420
     404
     466
     439
     425
     429
     411
     457
     399
     424
     403
     408
     423
     409
     394
     402
     432
     413
     405
     384
     422
     409
     442
     418
     402
     398
     407
     409
     409
     413
     403
     358
     463
     372
     398
     437
     391
     378
     407
     393
     434
     399
     399
     342
     398
     379
     402
     399
     359
     403
     365
     403
     431
     394
     369
     370
     364
     379
     380
     374
     367
     373
     398
     390
     407
     387
     371
     379
     389
     421
     337
     398
     384
     385
     384
     386
     381
     415
     405
     390
     417
     375
     398
     409
     410
     399
     430
     382
     413
     405
     368
     411
     424
     435
     447
     434
     443
     450
     489
     467
     454
     431
     506
     480
     487
     464
     494
     493
     496
     482
     496
     519
     481
     481
     486
     467
     507
     489
     495
     519
     489
     503
     494
     495
     500
     458
     443
     440
     414
     441
     371
     385
     397
     416
     416
     405
     403
     393
     396
     367
     396
     406
     377
     401
     414
     382
     403
     363
     401
     392
     378
     379
     405
     379
     404
     386
     397
     377
     396
     381
     366
     394
     368
     432
     425
     394
     421
     396
     445
     439
     409
     423
     445
     477
     453
     474
     495
     509
     551
     518
     580
     584
     551
     581
     566
     584
     628
     641
     663
     606
     611
     655
     580
     619
     594
     598
     509
     549
     542
     512
     563
     500
     581
     549
     529
     482
     542
     499
     457
     446
     444
     419
     450
     398
     456
     447
     467
     424
     441
     442
     467
     429
     445
     458
     493
     437
     495
     456
     502
     486
     499
     447
     472
     452
     414
     413
     427
     382
     394
     413
     399
     435
     406
     435
     423
     461
     394
     411
     396
     419
     428
     437
     418
     386
     460
     440
     411
     372
     411
     382
     360
     369
     370
     368
     366
     360
     357
     339
     322
     342
     347
     332
     352
     341
     330
     376
     325
     353
     366
     382
     345
     369
     378
     356
     406
     360
     376
     393
     367
     353
     351
     366
     382
     371
     387
     339
     373
     374
     358
     362
     393
     335
     355
     356
     351
     372
     381
     352
     371
     357
     376
     332
     382
     353
     389
     372
     376
     358
     354
     374
     340
     364
     366
     332
     347
     354
     366
     362
     357
     380
     377
     364
     348
     374
     347
     353
     346
     338
     341
     356
     346
     313
     342
     346
     315
     346
     375
     347
     368
     324
     373
     381
     355
     366
     367
     386
     402
     411
     379
     353
     411
     386
     361
     416
     400
     390
     383
     388
     382
     393
     378
     386
     328
     419
     348
     348
     378
     364
     366
     371
     418
     367
     376
     370
     379
     339
     372
     370
     340
     331
     368
     338
     379
     381
     379
     379
     368
     319
     371
     360
     316
     354
     385
     361
     366
     361
     362
     371
     350
     369
     363
     339
     369
     395
     351
     312
     340
     321
     354
     341
     371
     346
     344
     377
     348
     337
     353
     335
     319
     331
     331
     302
     329
     319
     324
     358
     344
     347
     348
     339
     307
     303
     326
     338
     354
     306
     316
     355
     355
     310
     350
     354
     331
     342
     337
     340
     337
     350
     338
     317
     341
     330
     330
     370
     357
     315
     331
     346
     340
     342
     320
     331
     327
     362
     340
     298
     340
     336
     348
     341
     319
     323
     362
     341
     317
     350
     364
     335
     394
     333
     332
     334
     354
     338
     349
     335
     335
     341
     358
     336
     340
     317
     348
     326
     313
     372
     322
     336
     322
     331
     322
     358
     320
     340
     295
     337
     325
     309
     339
     342
     320
     361
     310
     299
     323
     290
     308
     301
     300
     303
     299
     274
     306
     334
     308
     346
     311
     306
     275
     316
     282
     333
     296
     302
     306
     296
     317
     328
     296
     306
     295
     288
     351
     281
     290
     271
     283
     314
     292
     303
     294
     309
     309
     312
     310
     330
     306
     345
     324
     359
     338
     351
     369
     400
     402
     398
     431
     423
     419
     446
     460
     501
     467
     465
     448
     483
     460
     506
     479
     506
     466
     491
     553
     546
     563
     621
     610
     613
     683
     677
     666
     728
     715
     686
     695
     757
     763
     759
     684
     655
     580
     549
     469
     413
     346
     331
     334
     311
     306
     310
     303
     275
     315
     309
     328
     280
     306
     262
     251
     284
     279
     276
     328
     259
     285
     258
     277
     281
     305
     265
     272
     300
     280
     273
     283
     263
     287
     261
     300
     265
     246
     282
     269
     266
     283
     291
     280
     258
     273
     247
     280
     264
     264
     252
     278
     286
     289
     268
     295
     289
     277
     227
     293
     271
     275
     281
     253
     284
     313
     302
     295
     332
     327
     329
     350
     317
     311
     326
     362
     332
     362
     342
     346
     345
     360
     377
     367
     368
     377
     343
     351
     350
     279
     317
     291
     272
     270
     267
     245
     244
     273
     249
     247
     250
     249
     229
     279
     245
     238
     274
     241
     238
     246
     258
     239
     229
     277
     264
     216
     256
     228
     278
     255
     252
     232
     243
     270
     238
     252
     260
     245
     283
     272
     275
     261
     282
     288
     299
     283
     283
     256
     289
     264
     305
     286
     302
     306
     303
     291
     254
     274
     272
     306
     232
     273
     256
     236
     244
     270
     247
     230
     260
     250
     255
     237
     234
     213
     235
     253
     239
     255
     247
     237
     256
     239
     228
     245
     233
     213
     196
     230
     220
     248
     220
     224
     234
     210
     224
     248
     218
     239
     207
     217
     204
     197
     200
     197
     223
     197
     219
     218
     241
     215
     211
     219
     208
     194
     202
     228
     228
     210
     171
     196
     218
     224
     226
     221
     242
     217
     216
     204
     203
     238
     225
     207
     234
     226
     190
     200
     237
     221
     248
     221
     208
     230
     194
     224
     215
     217
     203
     198
     201
     211
     219
     215
     211
     218
     209
     234
     218
     212
     203
     228
     199
     216
     219
     224
     211
     210
     208
     211
     209
     190
     220
     222
     202
     214
     182
     234
     217
     216
     207
     190
     217
     197
     209
     202
     192
     215
     211
     224
     209
     214
     228
     207
     227
     209
     215
     186
     220
     217
     209
     206
     192
     226
     203
     240
     205
     227
     242
     215
     193
     227
     213
     210
     205
     227
     212
     215
     201
     195
     227
     217
     232
     207
     195
     203
     207
     185
     215
     189
     228
     196
     203
     191
     224
     215
     217
     181
     206
     180
     201
     179
     184
     191
     215
     203
     181
     197
     185
     206
     217
     197
     170
     174
     197
     214
     167
     188
     205
     166
     222
     202
     190
     190
     179
     185
     183
     177
     181
     206
     185
     207
     184
     196
     206
     197
     201
     194
     211
     205
     175
     197
     208
     206
     199
     177
     181
     215
     195
     231
     184
     207
     203
     189
     218
     180
     218
     229
     204
     210
     222
     231
     213
     199
     179
     228
     201
     210
     190
     230
     206
     171
     196
     212
     195
     213
     216
     190
     187
     196
     178
     177
     211
     184
     192
     192
     202
     206
     190
     181
     207
     189
     192
     189
     193
     184
     176
     189
     192
     177
     191
     197
     175
     183
     203
     163
     174
     192
     197
     180
     172
     201
     186
     174
     187
     174
     166
     198
     189
     173
     183
     185
     203
     192
     209
     189
     222
     219
     219
     227
     248
     230
     279
     240
     292
     281
     363
     353
     359
     424
     451
     479
     508
     604
     691
     755
     793
     929
     932
     950
     985
    1002
    1055
    1051
    1090
    1191
    1191
    1218
    1266
    1302
    1300
    1394
    1279
    1145
    1016
     889
     813
     696
     536
     538
     562
     522
     534
     488
     531
     473
     500
     477
     399
     349
     303
     270
     236
     248
     217
     196
     209
     225
     222
     218
     275
     238
     230
     261
     262
     240
     215
     233
     219
     259
     250
     235
     246
     241
     251
     216
     240
     218
     186
     187
     163
     183
     193
     179
     165
     178
     196
     188
     178
     151
     176
     174
     187
     185
     165
     180
     162
     167
     143
     161
     148
     174
     144
     181
     167
     163
     149
     178
     172
     167
     161
     160
     145
     159
     137
     159
     168
     144
     191
     162
     152
     163
     152
     150
     166
     171
     126
     166
     149
     159
     160
     145
     147
     166
     144
     156
     166
     145
     168
     168
     158
     157
     141
     171
     145
     146
     153
     132
     164
     138
     147
     164
     164
     137
     134
     159
     131
     137
     149
     182
     158
     147
     159
     147
     143
     155
     155
     134
     155
     150
     159
     168
     162
     118
     150
     142
     162
     156
     152
     169
     133
     154
     160
     148
     160
     149
     184
     158
     159
     170
     154
     154
     158
     148
     145
     167
     170
     161
     169
     157
     169
     171
     169
     172
     149
     167
     146
     175
     157
     152
     146
     154
     157
     153
     159
     171
     156
     149
     146
     146
     171
     138
     150
     163
     144
     138
     164
     131
     139
     164
     151
     180
     124
     135
     138
     138
     128
     121
     152
     136
     126
     140
     130
     156
     148
     128
     138
     164
     149
     132
     143
     154
     141
     148
     133
     145
     166
     137
     136
     146
     126
     140
     158
     145
     135
     135
     134
     159
     154
     147
     157
     148
     145
     175
     129
     153
     158
     135
     127
     171
     152
     153
     158
     147
     156
     135
     130
     136
     152
     133
     131
     139
     140
     134
     142
     141
     133
     142
     112
     131
     132
     136
     141
     143
     157
     134
     139
     137
     149
     128
     136
     139
     146
     141
     155
     138
     149
     145
     138
     138
     121
     165
     161
     137
     135
     141
     131
     133
     144
     152
     146
     164
     151
     121
     142
     145
     132
     134
     117
     131
     137
     148
     112
     144
     150
     134
     137
     143
     146
     143
     114
     138
     139
     130
     125
     158
     164
     137
     142
     141
     158
     145
     138
     130
     143
     124
     128
     118
     128
     145
     141
     146
     125
     122
     142
     158
     143
     160
     153
     160
     153
     153
     152
     147
     152
     168
     149
     161
     155
     167
     192
     213
     221
     202
     229
     240
     256
     212
     277
     239
     244
     251
     276
     299
     274
     270
     297
     310
     328
     309
     318
     301
     260
     264
     252
     214
     203
     199
     190
     169
     190
     200
     177
     184
     165
     172
     180
     178
     173
     166
     166
     165
     171
     212
     172
     197
     165
     190
     195
     200
     180
     182
     176
     176
     164
     155
     164
     167
     148
     176
     129
     133
     146
     147
     138
     131
     147
     118
     110
     144
     117
     122
     116
     109
     109
     123
     136
     127
     121
     120
     114
     128
     131
     131
     115
     116
     132
     129
     126
     102
     121
     119
     120
     124
     119
     126
     130
     139
     140
     132
     129
     108
     128
     102
     113
     116
     112
     124
     118
     131
     130
     138
     107
     115
     115
     120
     133
     141
     126
     135
     120
     105
     115
     133
     102
     122
     135
     109
     127
     127
     120
     135
     134
     120
     120
     114
     127
     111
     116
     123
     102
      98
     143
      97
     112
     127
     114
     109
     102
     124
     100
     112
     116
     120
     103
     139
     111
      96
     109
     108
     117
     118
     112
     108
     113
      90
     106
     123
     117
     123
     108
      97
     104
     127
     110
     107
     103
     114
     102
     101
     124
     117
     106
     116
     122
     109
     105
     145
     107
     123
     113
      93
     105
     115
     117
     103
     103
     115
     102
     116
     119
     119
     112
      88
      86
     102
     130
     112
      90
      99
     101
     125
     124
     100
     105
      93
     108
     101
     112
     124
     106
     124
     126
      95
      97
      98
     114
     100
     117
     113
     111
     100
     106
     107
     101
     103
      93
      96
     125
     100
     111
      89
      93
     114
     108
     101
     109
     133
     119
      99
      92
     111
      93
     110
     127
     110
     102
     101
     105
     100
     117
     103
     117
     103
     102
     104
     115
     111
     110
      99
      98
      88
     103
      93
     103
      97
     117
     107
      84
     114
     123
      93
     107
     101
     105
     100
      98
     109
      98
      94
      96
     100
     102
     100
     105
     107
     103
     108
      96
     108
     119
     103
      97
     114
     123
     107
      99
     108
     113
     118
     122
     113
     103
     124
     141
     110
     121
     128
     112
     130
     162
     137
     111
     126
     127
     128
     144
     139
     138
     118
     133
     145
     150
     135
     161
     114
     151
     136
     134
     114
     136
     132
     125
     103
     136
     127
     143
     147
     140
     138
     135
     133
     166
     170
     173
     157
     152
     172
     143
     170
     155
     165
     146
     162
     133
     117
     126
      99
     129
      96
     126
      86
     114
     106
     106
      95
     100
      93
     106
     123
      84
      99
     103
     106
     106
      94
     107
     103
      91
      97
     113
     107
      96
     101
      96
     102
      99
     112
     110
     100
     105
      98
      91
     103
     116
     108
     122
     103
      98
      83
     115
      99
     120
     106
     106
      94
     102
      88
      90
      85
     109
     102
     101
      86
      85
      83
      93
      84
     103
      75
      98
      79
     100
      82
      95
      98
      96
      88
      92
     104
      82
      91
      89
      83
     100
      84
     110
      92
      79
      92
      95
      93
      79
     100
      77
      91
      84
      80
     114
      73
      68
      93
      89
      89
      91
      83
      94
      91
      93
      91
      76
      89
      73
      92
      97
      88
     105
      88
     104
     104
      78
     104
      92
      76
     107
     100
      99
     109
     100
     103
     101
      84
      72
      81
      93
      80
      99
      91
      88
      94
     102
      77
      85
      87
      83
      90
      88
     108
      91
      79
      85
      83
      79
      78
      68
      90
      75
      85
      98
      85
      89
      89
      75
      91
      97
      98
      91
      90
      79
     100
      86
      93
      74
      98
      90
     107
      77
      99
      93
      78
      88
     101
      75
     114
      70
     104
      93
     102
      87
     107
      91
     110
     111
      98
      82
     117
      90
      79
      88
      92
      86
      80
      85
      98
      71
      91
     104
      88
      91
      76
     100
      88
      85
      72
      96
      91
      77
      82
      74
     101
      84
      95
      89
      99
      76
      97
      85
      86
      82
      76
      90
      92
      91
      90
      83
      69
      92
      86
      72
      78
      86
      93
      86
      82
      71
      80
      90
      99
      88
      78
      75
      97
      72
     109
     100
      76
      86
      88
      86
      71
      79
      96
      91
      87
      81
      98
      77
      89
      87
      85
      81
      81
      85
      78
      71
      71
      86
      89
      75
      96
      72
      83
      77
      77
     102
      82
      78
      80
      82
      75
      80
      85
      74
      82
      84
      94
      77
      84
      91
      74
      85
      82
      80
      86
      97
      89
      95
      92
      89
      89
      76
      95
      89
     100
      78
      88
      79
      86
      86
      68
      88
      83
     100
      76
      68
      77
      85
      78
      86
      80
      80
      87
      78
      82
      81
      80
      89
      90
      85
      78
      95
      89
      71
     102
     102
      83
      93
      75
      61
      98
      95
      86
      83
      91
      88
      77
      90
      90
      67
      75
      81
      88
      81
      75
      85
      75
      78
      82
      78
      76
      90
      77
      78
      88
      74
      77
      86
      66
      80
      70
      66
      75
      74
      79
      82
      82
      83
      90
      56
      66
      62
      76
      79
      73
      87
      74
      86
      68
      83
      67
      80
      60
      60
      77
      58
      73
      76
      93
      56
      92
      77
      78
      92
      77
      73
      70
      84
      72
      70
      79
      89
      75
      63
      70
      88
      88
      87
      69
      73
      67
      56
      62
      62
      64
      67
      71
      77
      73
      69
      91
      57
      70
      68
      72
      74
      64
      73
      65
      73
      76
      79
      72
      64
      57
      70
      76
      70
      69
      77
      70
      67
      71
      58
      70
      69
      65
      64
      76
      75
      78
      73
      78
      63
      57
      66
      68
      59
      68
      63
      60
      74
      75
      78
      66
      61
      63
      53
      78
      81
      59
      64
      69
      75
      58
      58
      74
      62
      64
      72
      77
      62
      69
      67
      72
      63
      57
      65
      60
      83
      58
      72
      59
      54
      67
      57
      68
      81
      70
      66
      75
      47
      65
      67
      59
      78
      70
      83
      56
      70
      53
      59
      73
      67
      58
      59
      55
      58
      67
      81
      65
      58
      55
      64
      45
      60
      59
      67
      58
      72
      55
      56
      71
      55
      51
      74
      52
      67
      73
      53
      69
      65
      70
      57
      58
      77
      71
      73
      63
      76
      78
      56
      72
      71
      69
      67
      59
      64
      79
      68
      63
      59
      76
      78
      71
      57
      66
      53
      62
      62
      62
      65
      54
      67
      67
      66
      72
      73
      58
      62
      52
      68
      64
      57
      81
      64
      69
      63
      51
      60
      74
      56
      63
      63
      63
      82
      64
      58
      59
      64
      64
      66
      63
      62
      55
      52
      51
      62
      56
      57
      52
      77
      60
      48
      74
      58
      63
      57
      59
      57
      56
      69
      57
      60
      61
      75
      56
      62
      59
      55
      50
      71
      58
      69
      60
      60
      60
      58
      62
      58
      57
      65
      44
      52
      67
      67
      53
      56
      62
      55
      62
      56
      76
      52
      65
      60
      52
      60
      64
      64
      69
      48
      64
      73
      60
      46
      58
      62
      70
      59
      63
      58
      55
      54
      51
      56
      66
      59
      62
      59
      55
      83
      76
      67
      62
      60
      71
      72
      67
      64
      63
      60
      78
      67
      72
      71
      77
      83
      77
      88
      63
      98
      82
      94
      97
     100
      81
      99
      86
      95
     111
      98
     100
     107
      91
      78
     102
     103
     112
     111
      91
     104
      79
      70
      80
      88
      70
      80
      65
      71
      58
      73
      65
      63
      59
      71
      47
      60
      69
      71
      60
      65
      48
      73
      53
      59
      61
      70
      52
      56
      48
      48
      50
      52
      51
      71
      57
      69
      63
      58
      49
      64
      59
      72
      55
      48
      56
      71
      59
      63
      76
      64
      70
      46
      66
      58
      57
      56
      55
      54
      64
      65
      72
      48
      61
      57
      68
      73
      66
      58
      64
      68
      67
      72
      58
      62
      72
      61
      59
      62
      71
      73
      73
      64
      68
      64
      69
      63
      61
      86
      69
      55
      72
      62
      62
      62
      62
      66
      73
      58
      62
      61
      62
      66
      61
      70
      54
      64
      63
      54
      60
      60
      61
      50
      55
      53
      72
      44
      52
      65
      62
      48
      55
      46
      68
      52
      47
      49
      43
      60
      65
      57
      58
      55
      57
      57
      62
      56
      60
      59
      66
      48
      61
      54
      51
      52
      61
      46
      78
      66
      44
      57
      48
      70
      50
      64
      57
      61
      58
      46
      50
      57
      53
      57
      58
      67
      59
      56
      63
      61
      59
      59
      49
      55
      60
      53
      57
      56
      50
      57
      53
      54
      53
      50
      50
      53
      52
      56
      72
      58
      54
      49
      61
      69
      66
      57
      70
      49
      48
      47
      57
      41
      51
      60
      49
      56
      45
      50
      65
      52
      47
      49
      61
      57
      53
      61
      64
      46
      44
      55
      43
      64
      55
      51
      53
      67
      47
      71
      64
      46
      52
      52
      50
      48
      65
      47
      47
      52
      50
      54
      61
      47
      43
      45
      49
      47
      61
      51
      48
      44
      46
      59
      58
      54
      55
      51
      53
      58
      47
      57
      45
      51
      66
      50
      53
      53
      50
      45
      52
      46
      47
      46
      34
      53
      53
      57
      48
      53
      51
      42
      44
      39
      60
      57
      54
      61
      46
      35
      48
      48
      54
      41
      49
      48
      57
      51
      53
      47
      61
      51
      54
      40
      57
      46
      44
      48
      53
      47
      47
      44
      56
      50
      48
      39
      51
      45
      55
      60
      28
      45
      48
      52
      51
      64
      51
      45
      48
      57
      40
      46
      46
      50
      45
      54
      48
      40
      48
      52
      53
      53
      36
      53
      36
      48
      49
      50
      41
      48
      59
      36
      49
      51
      48
      57
      52
      47
      46
      42
      52
      51
      48
      48
      43
      46
      47
      49
      46
      39
      50
      60
      51
      58
      49
      40
      47
      61
      32
      48
      42
      33
      47
      48
      42
      50
      43
      51
      41
      58
      49
      36
      47
      42
      50
      53
      40
      47
      42
      51
      40
      45
      48
      48
      44
      43
      49
      58
      37
      54
      57
      36
      39
      41
      49
      59
      46
      47
      44
      45
      41
      45
      63
      40
      58
      36
      39
      39
      50
      50
      44
      43
      39
      31
      38
      57
      34
      33
      44
      48
      38
      42
      48
      45
      48
      45
      39
      50
      44
      48
      43
      44
      42
      45
      38
      58
      44
      39
      43
      37
      44
      39
      44
      51
      39
      55
      39
      53
      51
      38
      38
      41
      41
      39
      42
      41
      40
      45
      43
      42
      52
      54
      39
      45
      34
      32
      35
      50
      45
      43
      35
      45
      49
      38
      49
      44
      45
      46
      39
      37
      51
      43
      49
      45
      42
      36
      46
      46
      45
      45
      48
      46
      50
      43
      39
      44
      55
      49
      38
      36
      51
      47
      37
      30
       5
       0
       0
       2
       0
       0
       2
       0
       0
       0
       1
       0
       1
       0
       0
       0
       0
       0
       2
       0
       0
       0
       1
       0
       1
       0
       0
       0
       0
       1
       0
       0
       0
       0
       0
       0
       0
       0
       0
       0
       0
       0
       0
       0
       0
       0
       0
       0
       0
       0
       0
       1
       0
       0
       0
       0
       0
       0
       0
       0
       0
       0
       0
       0
       0
       0
       0
       0
       0
       0
       0
       0
       0
       0
       0
       0
       0
       0
       0
       0
       0
       0
       0
       0
       0
       0
       0
       0
       0
       0
       0
       0
       0
       0
       0
       0
       0
       0
       0
       0
       0
       0
       0
       0
       0
       0
       0
       0
       0
       0
       0
       0
       0
       0
       0
       0
       0
       0
       0
       0
       0
       0
       0
       0
       0
       0
       0
       0
       0
       0
       0
       0
       0
       0
       0
       0
       0
       0
       0
       0
       0
       0
       0
       0
       0
       0
       0
       0
       0
       0
       0
       0
       0
       0
       0
       0
       0
       0
       0
       0
       0
       0
       0
       0
       0
       0
       0
       0
       0
       0
       0
       0
       0
       0
       0
       0
       0
       0
       0
       0
       0
       0
       0
       0
       0
       0
$ROI:
24
43 57
143 159
196 212
298 314
354 370
455 478
509 527
607 627
687 707
750 770
857 879
886 908
981 1003
1652 1680
1940 1984
2242 2276
2410 2444
2500 2534
2714 2752
2779 2839
2910 2975
3330 3374
3517 3563
4577 4648
$PRESETS:
None
0
0
$ENER_FIT:
-0.400801 0.397322
$MCA_CAL:
3
-4.008010E-001 3.973216E-001 -1.307090E-010 keV
$SHAPE_CAL:
3
2.969388E+000 2.442717E-003 8.917358E-008
