$SPEC_ID:
Pulser
$SPEC_REM:
DET# 2
DETDESC# DETECTOR 2
AP# GammaVision Version 7.01.03
$DATE_MEA:
04/26/2017 03:32:25
$MEAS_TIM:
3870 4370
$DATA:
0 8191
       0
       0
       0
       0
       0
       0
       0
       0
       0
       0
       0
       0
       0
       0
       0
       0
       0
       0
       0
       0
       0
       0
       0
    1479
   64856
   70730
   41982
   36372
   34089
   33439
   34052
   36302
   41572
   47261
   50286
   47985
   42967
   39772
   39841
   41735
   45911
   51001
   53430
   52281
   48003
   42808
   38986
   38214
   37910
   38577
   40425
   41355
   40949
   39657
   38381
   37273
   37081
   37258
   37444
   38368
   39990
   40796
   39930
   38803
   39436
   40483
   41737
   41725
   41390
   41226
   41726
   42804
   42927
   41744
   40923
   39845
   39385
   38514
   38024
   38074
   38436
   38844
   39711
   39825
   39910
   38967
   38707
   38359
   39084
   39864
   41564
   40817
   40613
   39523
   39878
   40471
   41658
   42526
   42128
   41252
   40720
   40879
   40810
   41438
   40995
   41263
   41295
   41550
   41308
   42239
   42616
   42964
   42958
   43218
   44487
   44794
   44794
   44998
   44501
   44891
   45336
   45528
   46366
   46689
   47867
   48458
   48833
   49112
   49031
   49369
   49538
   50226
   50081
   50561
   51216
   52262
   53042
   53020
   54023
   54071
   54717
   55195
   56822
   58049
   60644
   62024
   62746
   65613
   73200
   84358
   90931
   88420
   79060
   71134
   67626
   66079
   65759
   66693
   67057
   67733
   68607
   68429
   69089
   69616
   70260
   69774
   69731
   69714
   69863
   69428
   70529
   70922
   72418
   72598
   74110
   75170
   76275
   78239
   79677
   82873
   91585
  117048
  163447
  206968
  211474
  178910
  163935
  204722
  285126
  325104
  279148
  190440
  122557
   89927
   77328
   72341
   71152
   72149
   75078
   80885
   84882
   86048
   82280
   79098
   77557
   76586
   77561
   77475
   77827
   80247
   86176
  102290
  130965
  159133
  167071
  147729
  117972
   97315
   92633
   97782
  103369
  102006
   92659
   82562
   76120
   72404
   70348
   69490
   68065
   67861
   67544
   67863
   68142
   68989
   72143
   81872
  112483
  167973
  222052
  234809
  198579
  144694
  106621
   95121
  103541
  134020
  199335
  287991
  345303
  321276
  238461
  156987
  110813
   97370
   99814
  100210
   91741
   79114
   69662
   65439
   64014
   64990
   64513
   62327
   60674
   60517
   62389
   63611
   63863
   61777
   59327
   57132
   56343
   56653
   57257
   61673
   70685
   87886
  110715
  132850
  144781
  138605
  117701
   94095
   78431
   74540
   83233
   98516
  111414
  111482
   98805
   83033
   69479
   60875
   56410
   54937
   54795
   54184
   53514
   52783
   52571
   52471
   51919
   52551
   52488
   52031
   51866
   51553
   52436
   52122
   52066
   51894
   51613
   51607
   51942
   51624
   51585
   52052
   51691
   51990
   51830
   52087
   52361
   52217
   53575
   55477
   57550
   58721
   57675
   55347
   53378
   52592
   52167
   51527
   51359
   51815
   51662
   52015
   53242
   55349
   58626
   61348
   61154
   58883
   55660
   53909
   52730
   52200
   52864
   53190
   53450
   55238
   56707
   58722
   60062
   58675
   56825
   54072
   52537
   51727
   50791
   50722
   50759
   50823
   50594
   50817
   50881
   50513
   50315
   50231
   50091
   50087
   49825
   51397
   53483
   58350
   64890
   70354
   74067
   78295
   83063
   85578
   81106
   71843
   61908
   55615
   52357
   50124
   49187
   49362
   49622
   50391
   51630
   52165
   51923
   51292
   51324
   54544
   60615
   66812
   68240
   66344
   62304
   60040
   59126
   56633
   53877
   51357
   49679
   48769
   48495
   48541
   49221
   49913
   53444
   61174
   75891
   93173
  103397
   98305
   82641
   66436
   56073
   51743
   50850
   51524
   52548
   52141
   50436
   47913
   46627
   46320
   45826
   45418
   45600
   45276
   45411
   45443
   45400
   45589
   45473
   44991
   45122
   44919
   45191
   45597
   45622
   45482
   45484
   45454
   45578
   45804
   46592
   48459
   52947
   56980
   59617
   60613
   59792
   59078
   57150
   53664
   49961
   47450
   46050
   45724
   45366
   45295
   45072
   44949
   44532
   44773
   44999
   45246
   46907
   47702
   47360
   46332
   45884
   45556
   45817
   45189
   44808
   44921
   44997
   45044
   45195
   44820
   44856
   44920
   45652
   47708
   53467
   62454
   69986
   73193
   69454
   60386
   52740
   48423
   46456
   45819
   45621
   45872
   45990
   47362
   48509
   49828
   49333
   48121
   46842
   45629
   45064
   44708
   45129
   44610
   44174
   44218
   43758
   43981
   45190
   49559
   55565
   64050
   69145
   68354
   63279
   57508
   55024
   57856
   63338
   67526
   68500
   65054
   59126
   52932
   47922
   46508
   45350
   44616
   43808
   43363
   42990
   42280
   42539
   42428
   42226
   42262
   42171
   41940
   42186
   41996
   41887
   42850
   43711
   44734
   45166
   44619
   43727
   42213
   41853
   41039
   40665
   40612
   40459
   40890
   40842
   40476
   40761
   40541
   40411
   42087
   44474
   49513
   54978
   58688
   58553
   54131
   48961
   44668
   42272
   40873
   40451
   40074
   40093
   39975
   39378
   39274
   38974
   39006
   39802
   40415
   42454
   42975
   43073
   41790
   40181
   38788
   37830
   37728
   37185
   37026
   37753
   38180
   38701
   40169
   41162
   42641
   43267
   43182
   41932
   39967
   37842
   36470
   35791
   35811
   35782
   36055
   35482
   35235
   35316
   34360
   34382
   34399
   35314
   38376
   46272
   58893
   74208
   85848
   84766
   73480
   58470
   45459
   37641
   34735
   32951
   32513
   32181
   32060
   32289
   32876
   32458
   31815
   31617
   30959
   30802
   30678
   31133
   31370
   31803
   31572
   31631
   31225
   30947
   30963
   32005
   33988
   36051
   38298
   40579
   41660
   41252
   39858
   36406
   33480
   31417
   29959
   30198
   30999
   32502
   34528
   36278
   37459
   37166
   35225
   32738
   31185
   31078
   31374
   32011
   32844
   31848
   30801
   29437
   28952
   29776
   30942
   32731
   33084
   32313
   31280
   29517
   28265
   28001
   28159
   29114
   31560
   35396
   39265
   41696
   40867
   37353
   33167
   29272
   26938
   25929
   25652
   25266
   25351
   24958
   25193
   25265
   25019
   25428
   25471
   25888
   26427
   25950
   25904
   25672
   25329
   25127
   25150
   26299
   27304
   28321
   28607
   28043
   26753
   25787
   24746
   24395
   24312
   24595
   25736
   28304
   31336
   34571
   35606
   34694
   31440
   28545
   25724
   24682
   23845
   23143
   22943
   23178
   23558
   23999
   24667
   25285
   25041
   24673
   23346
   22687
   22150
   22498
   22268
   22322
   22825
   23154
   23456
   23912
   24442
   25445
   26132
   27143
   26812
   26216
   25410
   25157
   24092
   23677
   23142
   22229
   21628
   21070
   20945
   21035
   21534
   22147
   23413
   25743
   28046
   30178
   31876
   35237
   39520
   44957
   49125
   49504
   45519
   40932
   37269
   35720
   34839
   33255
   30386
   27075
   24636
   22865
   22624
   22470
   22622
   21986
   21316
   20639
   20385
   19764
   19868
   20017
   19989
   19741
   19728
   19568
   19711
   20085
   20380
   21016
   21788
   22228
   22288
   21563
   20662
   19846
   19516
   19293
   19777
   20677
   22492
   24686
   27014
   28224
   28232
   26810
   25172
   23468
   23345
   23384
   24416
   24820
   24850
   23096
   22043
   20604
   19679
   19388
   18992
   18840
   18679
   18819
   18764
   18878
   19329
   19599
   19301
   19288
   18950
   18629
   18830
   18952
   18904
   19525
   20259
   21027
   21711
   21786
   21101
   20252
   19190
   18851
   18303
   18305
   18352
   18293
   18302
   18624
   19002
   19475
   20063
   20032
   20376
   20144
   19416
   18849
   18518
   17653
   17924
   17529
   17481
   17939
   18034
   18127
   18592
   18694
   18640
   18386
   17912
   17992
   18478
   18536
   18405
   18476
   18633
   17978
   17945
   17573
   17835
   17813
   18323
   18750
   19000
   18866
   19386
   19355
   19374
   19871
   19487
   18863
   18203
   17533
   17193
   17153
   17031
   16628
   16411
   16268
   16238
   16105
   16227
   16161
   15990
   15885
   15946
   16038
   16039
   15595
   15743
   15597
   15492
   15638
   15580
   15694
   15623
   15272
   15571
   15463
   15516
   15541
   15459
   15349
   15208
   15260
   15246
   15346
   15226
   15048
   15003
   15225
   15371
   15562
   15201
   15095
   14983
   15106
   15077
   15207
   14869
   14887
   15045
   14909
   14904
   14773
   14789
   14773
   14757
   14677
   14643
   14812
   15120
   15107
   15440
   15413
   15663
   15469
   15879
   16464
   17138
   17689
   17719
   17289
   16534
   15580
   15078
   14774
   14742
   14618
   14681
   14777
   14673
   14635
   14303
   14370
   14255
   14403
   14672
   15332
   16831
   19083
   22675
   27421
   31695
   33975
   34124
   30911
   27586
   25451
   25682
   26166
   27265
   27185
   24951
   22741
   20535
   19310
   18499
   17913
   17424
   16997
   16338
   15630
   15422
   15061
   15182
   14936
   14799
   15048
   15462
   15846
   16131
   16256
   16128
   15667
   15299
   14646
   15039
   14952
   15711
   16022
   16775
   17368
   17178
   16215
   15401
   14585
   14362
   13856
   13972
   13812
   14118
   14072
   14399
   14860
   15377
   15751
   15878
   15777
   15323
   14710
   14231
   13845
   13414
   13615
   13458
   13555
   13394
   13644
   14137
   14782
   15465
   16262
   17287
   17800
   18081
   17764
   17418
   17512
   18552
   20142
   22054
   23306
   23571
   23869
   22898
   21944
   20298
   18746
   16682
   15963
   14820
   14555
   14636
   14589
   14558
   14355
   13889
   13545
   13188
   12816
   12942
   12956
   13003
   12943
   13192
   13339
   13451
   13786
   14012
   14287
   14310
   14120
   14042
   13916
   13986
   14170
   14288
   14475
   14773
   14843
   14154
   13773
   13476
   13410
   13580
   13918
   14632
   15309
   15958
   16181
   16657
   16452
   16287
   15468
   14775
   14249
   13698
   13480
   13018
   13169
   13029
   13626
   14162
   14941
   16017
   16674
   17084
   17784
   17589
   18059
   18468
   19093
   20059
   20800
   21397
   21172
   20053
   18360
   16600
   15615
   14589
   14051
   13381
   13392
   13430
   14103
   15188
   17086
   19058
   21849
   23876
   24618
   24231
   22279
   19228
   16878
   14960
   13785
   13388
   12906
   12862
   12335
   12343
   12166
   12262
   11838
   11876
   11531
   11708
   11609
   11790
   11422
   11515
   11789
   12071
   11830
   11931
   12364
   12852
   13209
   14840
   16565
   17919
   19248
   19293
   18274
   16354
   14478
   13280
   12342
   12110
   11649
   11526
   11638
   11748
   11901
   12322
   12601
   13005
   13291
   13718
   13943
   13815
   13822
   13736
   13546
   13709
   13896
   13876
   13623
   13406
   13260
   12555
   12195
   11798
   11385
   11437
   11252
   11432
   11683
   11938
   12023
   11927
   12147
   12516
   12599
   12839
   12730
   12683
   12416
   12071
   11909
   11320
   11098
   11131
   10915
   11063
   11031
   10888
   10866
   11280
   11579
   11764
   11763
   12487
   12828
   13339
   13870
   14302
   15082
   15834
   16788
   18130
   19622
   20854
   22043
   22186
   21795
   20282
   18784
   17418
   16241
   15644
   15319
   15088
   14423
   13870
   13169
   12026
   11658
   11344
   10901
   10790
   10849
   10775
   10718
   10758
   10812
   10649
   10795
   10811
   11097
   11528
   11831
   12184
   12444
   12673
   12538
   12664
   13149
   13822
   15198
   17507
   19985
   22547
   24065
   24484
   23829
   23593
   24372
   26826
   31411
   36583
   40437
   40383
   36908
   31102
   24338
   18734
   15086
   12900
   11782
   11320
   10971
   11046
   11067
   11037
   11170
   10945
   11185
   11446
   11162
   11305
   11376
   11923
   12302
   13153
   14690
   16608
   18578
   20143
   20616
   20335
   19013
   16521
   14658
   13796
   13560
   14183
   15448
   16233
   17530
   17927
   18460
   18968
   19113
   18664
   17419
   16116
   14050
   12594
   11253
   11063
   10679
   10736
   10801
   11387
   12133
   13631
   15147
   17100
   18289
   19792
   21050
   22323
   24414
   28008
   30819
   32076
   31454
   29010
   24702
   19972
   16479
   13974
   12225
   11488
   10990
   10765
   10981
   10902
   11206
   11297
   10955
   10716
   10559
   10270
   10264
   10675
   10924
   11544
   12424
   13201
   13882
   14518
   14227
   13694
   12777
   11731
   10679
   10164
    9875
    9762
    9723
    9713
    9762
    9780
    9984
    9951
    9634
    9639
    9717
    9634
    9921
   10342
   10262
   10568
   10393
   10284
   10222
   10163
    9941
   10061
   10099
   10163
   10294
   10157
   10037
    9780
    9719
    9481
    9470
    9452
    9481
    9601
    9641
    9785
    9959
    9706
    9854
    9766
    9627
    9442
    9509
    9271
    9167
    9176
    9489
    9312
    9332
    9240
    9224
    9151
    9326
    9187
    9327
    9179
    9359
    9434
    9710
   10151
   10435
   11149
   12057
   13715
   15688
   17950
   19422
   20496
   20082
   19007
   16372
   14115
   12220
   10794
   10026
    9548
    9629
    9307
    9336
    9372
    9620
    9729
   10059
    9986
   10211
   10250
   10217
   10268
    9855
    9750
    9605
    9538
    9611
    9604
    9594
    9443
    9607
    9599
    9569
    9794
    9782
    9626
    9503
    9488
    9180
    9113
    9128
    9319
    9292
    9300
    9486
    9755
    9724
   10020
    9957
   10049
    9890
    9643
    9781
    9775
    9911
   10211
   10405
   10573
   10970
   10748
   10895
   11303
   12057
   13196
   14644
   16658
   18408
   19568
   19835
   19469
   17315
   15444
   13140
   11337
   10078
    9890
    9734
    9600
    9731
   10333
   10753
   11098
   11933
   12365
   12747
   12831
   12458
   12130
   11844
   11340
   11090
   10738
   10408
   10125
    9926
    9886
    9836
   10019
   10045
   10202
   10112
   10557
   10535
   10759
   10823
   11073
   11005
   10740
   11011
   11618
   12580
   15214
   18198
   22801
   27924
   33035
   36581
   37816
   35741
   31476
   25294
   20009
   15076
   12439
   10937
   10081
    9977
   10454
   10783
   11601
   12169
   13276
   13610
   13803
   13223
   12523
   11664
   10795
   10402
   10237
   10291
   10531
   10875
   11378
   12185
   12831
   13531
   13646
   13839
   14083
   14103
   14596
   14695
   15429
   17167
   19904
   23185
   27491
   30214
   32045
   31999
   28760
   24412
   19605
   15228
   12102
   10065
    9007
    8606
    8266
    8242
    8189
    8594
    8654
    8900
    9216
    9444
    9777
   10569
   11427
   12273
   13344
   14448
   14923
   15001
   14623
   13350
   12082
   10766
    9937
    9261
    8822
    8573
    8525
    8441
    8583
    8628
    8928
    9529
    9755
   10935
   11918
   13858
   15347
   17401
   18964
   19688
   19817
   18568
   16982
   14764
   13366
   11685
   11002
   10398
   10074
    9946
    9646
    9366
    9177
    8876
    8794
    8990
    8918
    8847
    9077
    8689
    8576
    8410
    8029
    7944
    7794
    7555
    7413
    7412
    7367
    7247
    7174
    7312
    7364
    7110
    7206
    7325
    7342
    7080
    7136
    7320
    7186
    7247
    7311
    7451
    7297
    7317
    7354
    7198
    6980
    7117
    7216
    7127
    7129
    6910
    6944
    7135
    7022
    6822
    6841
    6845
    6962
    7002
    7073
    7277
    7290
    7332
    7363
    7360
    7145
    7192
    7340
    7078
    7337
    7194
    7452
    7347
    7343
    7451
    7321
    7075
    7090
    6920
    6743
    6875
    6868
    6886
    6943
    6942
    7073
    7139
    7227
    7200
    7083
    7075
    6708
    6562
    6340
    6437
    6316
    6342
    6277
    6397
    6601
    6540
    6660
    6690
    6840
    6780
    7255
    7735
    8026
    8802
   10074
   11652
   14078
   16884
   19820
   22214
   23696
   24280
   22844
   20073
   16536
   13113
   10471
    8632
    7702
    7325
    6967
    6774
    6759
    6900
    7208
    7451
    7752
    7907
    8166
    8013
    7997
    7785
    7450
    7077
    6944
    6711
    6587
    6534
    6338
    6371
    6304
    6340
    6307
    6400
    6453
    6758
    7259
    7571
    8325
    9162
   10170
   11681
   13571
   16784
   20980
   26121
   31925
   36378
   39458
   39525
   37747
   32134
   25195
   18981
   13809
   10625
    8638
    7613
    7331
    7645
    8021
    9182
   10034
   11000
   11461
   11823
   12087
   11810
   11204
   10959
   11252
   12173
   13418
   14785
   15927
   16557
   16469
   15026
   12989
   11004
    8945
    7498
    6633
    6263
    5968
    5614
    5657
    5578
    5699
    5693
    5918
    5858
    6017
    6088
    6206
    5956
    5881
    5862
    5956
    5923
    6220
    6509
    6954
    7634
    8780
   10045
   11181
   12002
   12750
   12585
   12192
   11228
    9680
    8395
    7763
    7231
    7014
    7186
    7615
    8287
    9134
    9847
   10279
   10526
   10360
    9588
    8776
    7880
    6864
    6265
    5831
    5441
    5568
    5394
    5502
    5380
    5548
    5511
    5621
    5556
    5627
    5546
    5491
    5544
    5426
    5397
    5444
    5303
    5361
    5360
    5288
    5366
    5420
    5449
    5507
    5746
    6056
    6088
    6208
    6381
    6402
    6173
    6226
    6117
    5725
    5704
    5680
    5679
    5940
    5952
    6654
    7036
    7679
    8254
    8705
    8554
    8629
    8321
    7618
    6884
    6257
    5767
    5620
    5443
    5132
    5123
    5015
    4961
    5014
    4875
    4933
    5032
    5103
    4995
    5028
    5050
    5130
    5014
    5181
    5235
    5216
    5173
    5379
    5495
    5723
    5656
    5871
    5783
    5487
    5421
    5223
    5187
    5143
    5226
    5338
    5547
    6143
    6231
    7041
    8000
    9107
   10220
   11275
   11961
   12275
   11859
   11142
   10069
    8527
    7403
    6347
    5954
    5590
    5356
    5150
    5116
    5023
    5007
    4985
    5063
    5016
    5194
    5059
    5323
    5377
    5527
    5796
    5893
    6151
    6218
    6285
    6369
    6127
    6055
    5552
    5469
    5246
    5099
    4966
    4931
    4837
    5000
    4875
    4793
    4748
    4705
    4540
    4724
    4798
    4815
    5025
    5116
    5402
    5730
    6195
    6687
    7333
    7859
    8289
    8680
    9125
    9291
    9283
    9163
    9031
    8776
    8707
    8903
    8711
    8546
    8257
    8298
    7881
    7632
    7036
    6829
    6507
    6620
    7454
    8481
   10211
   12452
   15779
   20051
   25770
   33783
   42214
   50898
   58039
   62339
   63577
   61352
   54681
   44442
   33222
   23059
   15677
   11236
    8476
    7008
    6072
    5590
    5248
    5132
    5193
    5180
    5176
    5347
    5544
    5759
    6076
    6810
    7538
    8115
    8472
    8869
    8953
    8910
    8742
    8053
    7457
    6951
    6544
    6289
    6344
    6327
    6279
    6514
    6691
    6857
    7111
    7221
    7210
    7051
    6652
    6302
    5883
    5385
    4827
    4677
    4374
    4340
    4252
    4245
    4288
    4350
    4336
    4453
    4481
    4610
    4830
    4857
    5022
    4990
    5137
    5149
    5308
    5494
    5480
    5685
    5921
    6042
    6044
    6126
    6057
    5786
    5599
    5375
    5410
    5449
    5660
    6163
    6747
    7881
    9373
   11138
   13615
   17371
   21611
   27095
   32733
   37477
   40089
   41923
   41063
   37870
   32654
   25284
   18788
   13336
    9640
    7498
    6198
    5598
    5050
    4630
    4568
    4622
    4473
    4457
    4591
    4633
    4847
    5023
    5152
    5661
    6136
    6663
    7162
    7495
    7677
    8030
    8190
    8114
    8186
    8049
    7994
    7887
    7957
    7907
    7421
    6850
    6064
    5455
    4896
    4707
    4267
    4096
    4067
    4110
    3921
    4004
    4004
    4010
    3953
    4122
    4158
    4145
    4148
    4293
    4247
    4196
    4519
    4667
    4746
    4984
    5397
    5725
    6298
    7113
    8475
    9728
   11063
   12118
   13205
   14011
   14118
   14259
   13483
   12362
   11067
   10273
    9217
    8272
    7185
    6329
    5492
    5000
    4576
    4483
    4300
    4176
    4177
    4213
    4159
    3998
    3982
    4112
    4071
    4029
    4212
    4245
    4225
    4466
    4526
    4611
    4803
    4663
    4599
    4772
    4662
    4431
    4350
    4057
    4010
    3910
    3829
    4051
    4105
    4287
    4285
    4550
    4734
    4969
    5560
    6179
    6853
    7349
    8059
    8295
    8470
    8331
    7953
    7207
    6280
    5496
    4697
    4351
    4101
    3874
    3772
    3884
    3652
    3711
    3645
    3617
    3696
    3783
    3755
    3752
    3901
    3926
    4094
    4185
    4187
    4385
    4518
    4722
    4924
    5206
    5569
    5750
    5942
    6040
    5990
    5917
    5642
    5472
    4957
    4701
    4560
    4395
    4545
    4601
    4707
    4927
    4989
    5328
    5244
    5221
    5192
    4782
    4695
    4339
    4162
    3942
    3605
    3588
    3460
    3512
    3470
    3467
    3406
    3377
    3434
    3554
    3558
    3677
    3587
    3608
    3572
    3723
    3733
    3614
    3719
    3866
    3878
    4185
    4263
    4479
    4539
    4552
    4661
    4770
    4628
    4645
    4393
    4261
    4414
    4466
    4545
    4503
    4629
    4573
    4949
    4992
    5249
    5420
    5784
    5830
    5990
    5791
    5917
    5806
    5590
    5421
    5167
    5081
    4774
    5031
    5000
    4878
    4919
    4837
    4581
    4273
    4039
    3891
    3737
    3670
    3603
    3447
    3516
    3387
    3361
    3491
    3467
    3566
    3560
    3537
    3501
    3456
    3548
    3450
    3413
    3385
    3386
    3290
    3318
    3268
    3357
    3318
    3258
    3292
    3279
    3369
    3354
    3462
    3352
    3404
    3272
    3390
    3409
    3401
    3486
    3584
    3483
    3567
    3545
    3545
    3652
    3612
    3653
    3616
    3617
    3567
    3396
    3421
    3483
    3415
    3461
    3377
    3490
    3400
    3435
    3403
    3367
    3445
    3403
    3750
    3702
    3879
    4194
    4419
    4831
    5178
    5475
    6056
    6160
    6323
    6576
    6510
    6386
    5876
    5552
    5186
    4554
    4454
    3993
    3824
    3573
    3401
    3346
    3256
    3326
    3356
    3355
    3372
    3294
    3329
    3475
    3438
    3467
    3617
    3687
    3862
    3982
    4183
    4493
    5116
    5677
    6542
    7004
    7534
    7918
    8376
    8418
    8424
    8063
    7293
    6365
    5595
    4789
    4281
    4260
    4143
    4070
    4332
    4530
    4586
    4722
    4733
    4844
    4719
    4519
    4276
    4101
    3777
    3652
    3518
    3544
    3428
    3567
    3595
    3900
    4005
    4275
    4731
    5096
    5482
    5653
    5997
    6090
    6203
    6191
    6101
    5850
    5290
    5108
    4556
    4472
    4292
    4151
    4092
    4059
    4049
    3924
    3778
    3791
    3682
    3399
    3436
    3370
    3186
    3070
    3114
    3182
    3088
    3141
    3110
    3064
    3206
    3305
    3234
    3227
    3438
    3222
    3341
    3226
    3245
    3274
    3194
    3167
    3145
    3086
    3101
    3093
    3004
    2931
    3022
    3153
    3074
    2999
    3116
    3072
    3132
    3104
    3105
    3085
    3189
    3137
    3235
    3108
    3150
    3100
    3108
    3166
    3078
    3134
    3279
    3090
    3224
    3208
    3428
    3337
    3364
    3594
    3795
    4012
    4278
    4867
    5435
    6111
    6937
    7798
    8264
    8833
    9066
    9335
    8859
    8608
    7664
    6599
    5524
    4568
    3976
    3727
    3483
    3184
    3126
    3052
    3011
    3027
    3084
    2954
    2991
    3055
    2978
    3015
    3034
    2978
    2918
    3095
    2901
    2957
    3012
    3018
    2962
    2974
    2943
    3056
    2984
    2967
    2945
    2981
    2997
    3051
    3138
    3118
    3168
    3184
    3187
    3159
    3212
    3286
    3270
    3340
    3399
    3494
    3695
    3916
    3984
    4159
    4242
    4335
    4364
    4298
    4357
    4331
    3900
    3871
    3753
    3509
    3465
    3459
    3512
    3553
    3493
    3725
    3661
    3675
    3765
    3634
    3526
    3581
    3358
    3424
    3340
    3238
    3140
    3019
    3010
    2928
    2850
    2889
    2905
    2855
    2870
    2987
    2954
    3019
    3231
    3266
    3410
    3559
    3766
    4020
    4322
    4595
    4978
    5119
    5245
    5288
    5334
    5245
    5054
    4742
    4412
    3994
    3606
    3389
    3106
    3063
    3057
    2923
    2999
    3055
    3023
    3108
    3152
    3240
    3332
    3479
    3587
    3813
    3835
    3897
    3911
    4034
    3911
    3905
    3786
    3827
    3731
    3796
    3762
    4035
    4258
    4647
    5147
    5866
    6771
    7388
    8070
    8554
    8956
    9060
    9255
    9008
    8549
    8055
    7308
    6759
    6513
    6541
    6676
    6718
    6959
    6877
    6795
    6555
    5960
    5414
    4906
    4356
    3947
    3924
    3796
    3943
    3978
    3876
    3978
    4133
    4019
    4084
    4022
    3886
    3722
    3499
    3512
    3452
    3337
    3401
    3444
    3534
    3446
    3513
    3433
    3480
    3431
    3325
    3268
    3162
    3079
    3107
    3050
    2972
    2962
    2895
    2865
    2785
    2822
    2878
    2948
    2852
    2758
    3064
    3050
    3055
    3139
    3120
    3225
    3213
    3384
    3359
    3474
    3540
    3567
    3530
    3550
    3370
    3463
    3337
    3281
    3097
    2969
    2965
    3010
    2857
    3033
    2814
    2863
    2870
    2843
    2882
    2907
    2939
    2919
    2866
    2925
    2955
    2945
    2839
    2953
    2890
    2924
    2835
    2753
    2731
    2698
    2770
    2753
    2671
    2728
    2861
    2762
    2687
    2618
    2677
    2707
    2685
    2713
    2740
    2603
    2672
    2792
    2621
    2813
    2765
    2751
    2774
    2662
    2684
    2681
    2667
    2602
    2688
    2750
    2673
    2614
    2560
    2574
    2590
    2561
    2506
    2556
    2531
    2623
    2494
    2587
    2644
    2589
    2579
    2674
    2733
    2684
    2487
    2566
    2638
    2674
    2585
    2538
    2559
    2565
    2503
    2665
    2629
    2442
    2527
    2413
    2518
    2380
    2509
    2480
    2424
    2399
    2443
    2516
    2355
    2315
    2432
    2436
    2463
    2456
    2445
    2466
    2393
    2388
    2324
    2517
    2514
    2627
    2562
    2483
    2604
    2474
    2485
    2480
    2420
    2468
    2505
    2559
    2485
    2520
    2456
    2461
    2375
    2402
    2431
    2449
    2417
    2439
    2325
    2499
    2450
    2336
    2329
    2386
    2313
    2357
    2265
    2309
    2255
    2327
    2275
    2360
    2245
    2302
    2385
    2244
    2286
    2269
    2342
    2207
    2207
    2257
    2293
    2309
    2224
    2306
    2257
    2378
    2266
    2304
    2256
    2362
    2357
    2303
    2383
    2409
    2422
    2585
    2552
    2506
    2511
    2522
    2593
    2561
    2720
    2701
    2743
    2741
    2771
    2788
    2741
    2798
    2685
    2666
    2470
    2603
    2447
    2454
    2574
    2430
    2422
    2454
    2472
    2522
    2396
    2516
    2513
    2476
    2417
    2449
    2387
    2321
    2200
    2258
    2213
    2207
    2137
    2187
    2224
    2224
    2204
    2180
    2113
    2150
    2181
    2203
    2213
    2233
    2237
    2252
    2191
    2317
    2222
    2174
    2247
    2179
    2236
    2193
    2263
    2270
    2367
    2371
    2446
    2653
    2767
    2993
    3224
    3533
    3960
    4702
    5489
    6082
    6818
    7282
    7533
    8017
    8107
    8137
    8164
    7721
    6875
    5936
    4919
    3879
    3281
    2775
    2658
    2466
    2273
    2215
    2078
    2065
    2022
    2033
    2015
    2139
    2104
    2214
    2171
    2122
    2046
    2051
    2114
    2005
    2098
    2012
    1995
    2002
    2103
    1989
    1936
    1994
    2093
    2036
    1976
    2020
    1992
    1985
    2014
    2099
    2067
    2077
    2011
    1994
    2036
    2073
    1996
    1995
    2027
    1968
    2025
    2023
    2019
    2003
    1857
    1936
    1974
    1978
    1858
    1885
    1851
    1868
    1956
    1851
    1875
    1884
    1905
    1932
    1973
    1829
    1919
    1913
    1907
    1891
    2069
    1973
    1935
    1982
    1934
    1947
    2001
    1897
    1901
    2077
    1937
    1955
    2015
    2123
    2107
    2051
    2138
    2117
    2051
    2059
    2116
    2124
    2036
    2117
    2098
    2158
    2172
    2128
    2273
    2237
    2110
    2259
    2241
    2201
    2173
    1999
    1959
    1951
    1931
    1864
    1830
    1905
    1808
    1895
    1807
    1828
    1770
    1841
    1794
    1728
    1786
    1784
    1808
    1825
    1749
    1777
    1754
    1746
    1778
    1733
    1676
    1717
    1787
    1762
    1740
    1713
    1699
    1743
    1755
    1724
    1792
    1834
    1792
    1786
    1805
    1765
    1820
    1842
    1838
    1758
    1870
    1956
    1829
    1838
    1872
    1788
    1891
    1869
    1702
    1745
    1721
    1757
    1691
    1711
    1719
    1663
    1759
    1737
    1642
    1705
    1699
    1793
    1760
    1917
    1806
    1755
    1846
    1815
    1834
    1841
    1823
    1783
    1822
    1800
    1685
    1847
    1798
    1771
    1777
    1711
    1751
    1753
    1775
    1738
    1699
    1660
    1682
    1582
    1685
    1660
    1686
    1648
    1766
    1766
    1702
    1738
    1574
    1644
    1672
    1658
    1714
    1731
    1672
    1783
    1720
    1749
    1806
    1847
    1789
    1891
    1877
    1855
    1943
    1962
    2101
    2052
    2079
    2072
    2056
    2001
    2000
    2017
    1957
    1980
    1855
    1746
    1795
    1764
    1659
    1714
    1686
    1730
    1731
    1738
    1861
    1993
    2024
    1993
    2068
    2070
    2084
    2035
    2042
    2098
    2174
    2045
    1981
    1970
    1929
    1943
    1896
    2072
    2033
    2034
    1989
    1993
    1995
    2011
    1987
    1931
    1941
    1904
    1850
    1852
    1813
    1803
    1758
    1753
    1787
    1854
    1801
    1854
    1947
    1995
    2142
    2277
    2477
    2673
    2991
    3226
    3666
    4098
    4816
    5605
    6780
    8157
   10242
   12133
   13928
   15183
   16135
   17040
   17680
   18159
   18754
   18442
   17412
   15364
   12523
    9904
    7415
    5475
    4315
    3432
    2983
    2673
    2310
    2051
    1993
    1872
    1805
    1746
    1773
    1634
    1672
    1679
    1548
    1556
    1652
    1611
    1713
    1718
    1583
    1691
    1760
    1671
    1703
    1705
    1716
    1652
    1682
    1715
    1740
    1752
    1757
    1792
    1716
    1821
    1755
    1872
    1981
    2037
    2135
    2155
    2209
    2078
    2219
    2266
    2266
    2242
    2153
    2089
    2076
    1867
    1804
    1749
    1694
    1665
    1591
    1626
    1634
    1597
    1592
    1611
    1560
    1654
    1626
    1649
    1635
    1673
    1656
    1641
    1619
    1607
    1608
    1646
    1597
    1634
    1517
    1469
    1548
    1619
    1540
    1516
    1599
    1651
    1591
    1628
    1514
    1581
    1572
    1538
    1561
    1473
    1534
    1543
    1561
    1563
    1550
    1606
    1552
    1590
    1572
    1645
    1649
    1695
    1795
    1781
    1857
    1859
    2063
    2055
    2227
    2391
    2606
    2929
    3402
    3724
    4067
    4251
    4592
    4715
    4836
    5008
    4968
    5244
    5083
    4746
    4326
    3725
    3130
    2631
    2228
    2002
    1837
    1736
    1698
    1612
    1644
    1552
    1609
    1511
    1597
    1637
    1579
    1530
    1576
    1605
    1565
    1573
    1592
    1570
    1572
    1589
    1564
    1599
    1648
    1594
    1610
    1654
    1643
    1751
    1764
    1764
    1940
    1892
    2049
    2153
    2297
    2378
    2498
    2724
    2896
    3057
    3195
    3415
    3312
    3327
    3305
    3284
    3277
    3010
    3005
    2635
    2466
    2162
    2055
    1766
    1675
    1671
    1569
    1533
    1515
    1475
    1469
    1413
    1454
    1508
    1394
    1509
    1429
    1419
    1519
    1457
    1600
    1567
    1535
    1564
    1585
    1638
    1648
    1665
    1610
    1630
    1675
    1649
    1565
    1548
    1531
    1483
    1496
    1506
    1442
    1443
    1511
    1437
    1444
    1386
    1426
    1417
    1408
    1403
    1402
    1421
    1388
    1301
    1392
    1353
    1353
    1362
    1347
    1410
    1329
    1400
    1363
    1342
    1347
    1332
    1317
    1431
    1371
    1320
    1362
    1351
    1297
    1321
    1320
    1353
    1356
    1375
    1319
    1381
    1410
    1347
    1331
    1309
    1357
    1343
    1324
    1388
    1358
    1318
    1350
    1386
    1394
    1331
    1420
    1392
    1379
    1403
    1307
    1473
    1356
    1409
    1485
    1444
    1445
    1487
    1494
    1490
    1587
    1500
    1523
    1520
    1557
    1550
    1521
    1490
    1408
    1464
    1445
    1423
    1445
    1391
    1338
    1363
    1392
    1340
    1355
    1315
    1345
    1390
    1390
    1384
    1343
    1407
    1401
    1446
    1417
    1446
    1426
    1511
    1508
    1527
    1577
    1619
    1519
    1697
    1609
    1692
    1583
    1658
    1695
    1647
    1638
    1579
    1569
    1557
    1554
    1473
    1520
    1556
    1523
    1498
    1536
    1650
    1608
    1634
    1706
    1671
    1768
    1799
    1952
    1968
    1992
    2105
    2213
    2202
    2256
    2270
    2267
    2299
    2259
    2244
    2294
    2104
    1958
    1846
    1687
    1570
    1445
    1406
    1436
    1407
    1399
    1386
    1397
    1355
    1414
    1297
    1427
    1432
    1432
    1436
    1370
    1496
    1474
    1471
    1518
    1512
    1540
    1512
    1600
    1591
    1617
    1655
    1623
    1672
    1698
    1608
    1651
    1617
    1649
    1621
    1585
    1614
    1598
    1499
    1366
    1414
    1302
    1322
    1280
    1264
    1261
    1318
    1250
    1193
    1304
    1253
    1278
    1248
    1237
    1254
    1248
    1298
    1209
    1210
    1244
    1292
    1224
    1231
    1250
    1237
    1231
    1328
    1299
    1267
    1223
    1324
    1325
    1316
    1306
    1280
    1287
    1332
    1354
    1384
    1330
    1382
    1362
    1414
    1406
    1413
    1465
    1375
    1375
    1448
    1322
    1343
    1335
    1321
    1317
    1259
    1246
    1256
    1253
    1224
    1259
    1295
    1305
    1326
    1311
    1368
    1388
    1351
    1417
    1365
    1452
    1426
    1449
    1421
    1372
    1411
    1361
    1313
    1345
    1251
    1291
    1302
    1268
    1226
    1311
    1308
    1224
    1247
    1341
    1252
    1338
    1291
    1307
    1280
    1304
    1264
    1353
    1329
    1322
    1251
    1252
    1260
    1247
    1243
    1192
    1213
    1156
    1174
    1137
    1220
    1170
    1195
    1130
    1170
    1110
    1182
    1156
    1153
    1198
    1141
    1153
    1130
    1179
    1203
    1207
    1169
    1184
    1147
    1214
    1182
    1124
    1209
    1148
    1140
    1149
    1107
    1133
    1223
    1091
    1203
    1164
    1155
    1127
    1198
    1192
    1155
    1255
    1231
    1257
    1297
    1225
    1330
    1339
    1383
    1434
    1537
    1656
    1723
    1794
    1873
    1867
    1980
    1994
    1956
    2177
    2137
    2099
    2037
    1942
    1776
    1694
    1482
    1283
    1309
    1244
    1236
    1200
    1170
    1226
    1160
    1096
    1148
    1135
    1061
    1092
    1007
    1070
    1048
    1103
    1103
    1071
    1119
    1036
    1067
    1043
    1053
    1116
    1199
    1137
    1142
    1069
    1102
    1137
    1085
    1121
    1132
    1150
    1157
    1135
    1108
    1040
    1048
    1044
    1060
    1059
    1050
    1013
    1034
    1102
    1040
    1088
     993
    1053
    1017
    1011
    1086
    1030
    1099
    1098
    1094
    1141
    1091
    1070
    1158
    1142
    1171
    1166
    1112
    1179
    1148
    1133
    1148
    1185
    1181
    1219
    1155
    1132
    1159
    1139
    1100
    1063
    1089
    1092
    1101
    1107
    1114
    1135
    1127
    1150
    1109
    1099
    1110
    1076
    1073
    1103
    1081
    1136
    1089
    1157
    1147
    1128
    1141
    1093
    1171
    1142
    1037
    1000
    1019
    1119
    1051
     952
     985
    1000
    1045
     975
    1012
    1019
    1022
     996
    1043
     986
    1057
    1016
     998
    1031
     953
    1048
    1019
    1046
     965
    1074
     996
    1071
    1081
     989
    1079
    1126
    1095
    1107
    1131
    1176
    1170
    1255
    1292
    1323
    1368
    1515
    1690
    1732
    1846
    2045
    2125
    2168
    2093
    2281
    2334
    2329
    2391
    2330
    2391
    2280
    2161
    1946
    1743
    1648
    1529
    1466
    1326
    1395
    1378
    1315
    1246
    1328
    1254
    1234
    1177
    1204
    1174
    1075
    1090
    1074
    1009
     984
    1013
    1036
    1014
    1014
     915
     978
     964
     910
     979
     918
     894
     898
     968
     984
     965
    1013
     972
     961
    1008
     920
    1005
     990
     938
    1011
     998
     989
     968
    1009
    1083
     991
    1047
    1010
    1119
    1106
    1136
    1224
    1348
    1314
    1361
    1423
    1479
    1433
    1521
    1561
    1457
    1545
    1525
    1507
    1427
    1439
    1357
    1257
    1164
    1086
    1010
    1017
     989
     943
     913
     925
    1013
     967
     917
     945
     926
     935
     933
     914
     935
     926
     985
     976
     962
     976
     999
    1021
    1042
    1042
    1038
    1076
    1084
    1102
    1102
    1080
    1165
    1155
    1146
    1121
    1139
    1132
    1089
    1039
    1015
    1000
     982
    1010
     938
     909
     958
     953
     993
     921
     897
     947
     935
     947
     938
     925
     917
     960
     910
    1008
     992
    1017
    1034
    1114
    1097
    1094
    1214
    1253
    1213
    1291
    1389
    1351
    1537
    1577
    1547
    1590
    1540
    1531
    1598
    1515
    1560
    1498
    1474
    1496
    1432
    1338
    1312
    1193
    1091
    1064
    1014
     927
     943
     906
     926
     969
     916
     919
     999
     956
    1005
     991
     972
     980
     986
     965
    1025
    1042
    1034
    1055
    1060
    1109
    1136
    1124
    1198
    1197
    1157
    1191
    1226
    1176
    1173
    1193
    1136
    1144
    1136
    1067
    1015
     948
     946
     936
     985
     919
     862
     906
     934
     839
     880
     899
     841
     906
     911
     816
     870
     848
     868
     936
     881
     878
     842
     871
     964
     827
     928
     924
     853
     925
     880
     866
     865
     869
     888
     903
     832
     893
     860
     864
     864
     821
     882
     842
     833
     864
     863
     857
     893
     869
     881
     851
     873
     838
     865
     900
     974
     839
     857
     919
     873
     914
     927
     907
     916
     936
    1004
    1085
    1121
    1206
    1225
    1346
    1411
    1415
    1569
    1596
    1725
    1683
    1691
    1734
    1768
    1769
    1772
    1750
    1719
    1562
    1437
    1313
    1167
    1055
     957
     917
     871
     965
     892
     870
     894
     971
     899
     904
     871
     942
     881
     956
     937
    1051
    1033
    1075
    1156
    1172
    1367
    1361
    1532
    1529
    1579
    1695
    1717
    1702
    1739
    1812
    1850
    1706
    1768
    1692
    1631
    1379
    1241
    1204
    1030
     934
     967
     861
     844
     880
     879
     854
     883
     792
     797
     799
     812
     796
     766
     790
     861
     807
     847
     798
     843
     809
     769
     773
     852
     796
     833
     781
     810
     803
     825
     827
     822
     801
     816
     836
     786
     789
     826
     870
     822
     885
     918
     922
     959
     970
    1003
    1058
    1043
    1151
    1151
    1210
    1354
    1408
    1464
    1739
    1811
    1990
    2138
    2038
    2189
    2228
    2447
    2336
    2390
    2535
    2511
    2544
    2420
    2258
    2023
    1695
    1492
    1287
    1150
    1086
    1005
     907
     882
     885
     851
     853
     773
     802
     761
     844
     769
     807
     862
     794
     793
     810
     782
     812
     802
     766
     812
     780
     762
     793
     821
     802
     768
     789
     766
     744
     790
     783
     785
     786
     779
     742
     756
     760
     789
     779
     767
     756
     741
     797
     753
     757
     723
     724
     736
     769
     719
     737
     730
     731
     701
     734
     685
     730
     804
     743
     703
     776
     729
     732
     734
     778
     821
     755
     762
     795
     784
     780
     804
     738
     717
     787
     836
     799
     749
     760
     792
     774
     780
     767
     805
     758
     776
     818
     763
     863
     816
     859
     848
     800
     947
     882
     897
     905
     892
     966
     926
     919
    1012
     958
     930
     988
     957
     963
     965
     924
     969
     927
     911
     880
     905
     924
     865
     901
     883
     899
     854
     907
     818
     811
     829
     815
     799
     795
     783
     816
     790
     794
     788
     896
     851
     907
     903
     854
     887
     913
     973
    1042
    1063
    1170
    1208
    1245
    1273
    1365
    1362
    1360
    1374
    1390
    1427
    1479
    1433
    1427
    1468
    1408
    1340
    1237
    1153
    1049
     952
     895
     815
     817
     803
     781
     760
     769
     738
     754
     717
     735
     686
     687
     753
     803
     724
     698
     756
     762
     698
     789
     795
     750
     727
     778
     806
     810
     788
     809
     779
     806
     788
     861
     854
     903
     869
     831
     818
     806
     792
     788
     780
     788
     742
     758
     762
     787
     753
     733
     768
     769
     753
     754
     759
     774
     718
     750
     727
     748
     707
     732
     672
     791
     760
     701
     725
     714
     695
     728
     701
     701
     721
     708
     661
     693
     668
     733
     688
     683
     689
     715
     709
     682
     694
     694
     689
     705
     691
     642
     683
     718
     682
     694
     703
     727
     698
     692
     734
     718
     736
     702
     752
     738
     705
     748
     721
     727
     729
     732
     717
     754
     778
     731
     677
     702
     721
     688
     713
     735
     717
     699
     686
     674
     692
     707
     660
     680
     676
     696
     694
     689
     706
     706
     738
     665
     662
     689
     687
     658
     652
     664
     688
     687
     668
     698
     672
     677
     619
     657
     651
     651
     666
     654
     674
     646
     688
     641
     676
     699
     679
     679
     614
     675
     677
     669
     620
     607
     623
     648
     714
     668
     656
     648
     622
     657
     669
     623
     653
     681
     676
     610
     696
     700
     650
     644
     632
     651
     660
     682
     656
     641
     698
     674
     648
     672
     653
     694
     605
     619
     659
     646
     667
     662
     669
     592
     668
     639
     644
     643
     680
     611
     682
     674
     617
     704
     664
     639
     645
     681
     686
     699
     741
     721
     767
     705
     717
     731
     764
     745
     733
     772
     795
     780
     765
     764
     815
     877
     867
     900
     830
     865
     918
     896
     898
     957
     914
     974
     977
     949
     982
     934
     952
     917
     960
     904
     854
     808
     799
     804
     729
     786
     773
     684
     717
     709
     781
     736
     717
     711
     737
     733
     696
     697
     708
     659
     707
     672
     714
     672
     641
     634
     625
     635
     670
     665
     638
     670
     666
     666
     684
     726
     745
     671
     725
     778
     784
     767
     731
     752
     826
     788
     810
     843
     900
     864
     958
     953
     936
     973
     980
     986
     893
     982
    1024
    1053
    1035
    1048
    1035
    1067
    1069
    1042
     983
     988
     932
     893
     921
     925
     866
     943
     918
     931
     957
     873
     908
     818
     827
     796
     782
     763
     779
     739
     730
     731
     752
     742
     769
     653
     675
     724
     767
     766
     711
     806
     782
     739
     789
     813
     759
     805
     777
     769
     728
     798
     767
     723
     762
     765
     813
     797
     803
     808
     767
     827
     792
     819
     806
     777
     841
     814
     812
     791
     826
     853
     741
     772
     764
     689
     638
     601
     603
     614
     597
     635
     586
     600
     636
     605
     589
     615
     592
     599
     614
     598
     611
     607
     614
     631
     620
     586
     615
     644
     605
     580
     614
     636
     607
     642
     617
     604
     640
     676
     646
     639
     648
     680
     609
     622
     607
     641
     648
     632
     688
     610
     641
     650
     685
     645
     624
     646
     645
     560
     626
     581
     608
     570
     609
     600
     620
     607
     558
     585
     656
     624
     623
     619
     604
     622
     611
     642
     588
     596
     613
     628
     546
     610
     587
     554
     639
     584
     544
     593
     595
     532
     574
     586
     607
     641
     659
     621
     634
     638
     628
     670
     621
     707
     668
     681
     644
     629
     613
     671
     683
     628
     655
     678
     682
     655
     673
     633
     678
     603
     663
     580
     562
     601
     637
     590
     613
     562
     553
     607
     595
     618
     642
     562
     585
     598
     584
     543
     575
     583
     620
     611
     620
     615
     607
     629
     604
     661
     592
     610
     635
     596
     598
     649
     605
     562
     583
     600
     608
     609
     593
     624
     599
     596
     626
     633
     597
     621
     582
     628
     601
     621
     646
     586
     590
     618
     632
     602
     597
     615
     605
     605
     608
     629
     583
     651
     590
     576
     564
     597
     572
     640
     556
     632
     569
     581
     584
     608
     623
     568
     591
     617
     654
     624
     601
     672
     617
     622
     627
     654
     619
     635
     587
     586
     618
     592
     586
     562
     586
     523
     623
     591
     548
     572
     584
     593
     595
     555
     581
     557
     600
     585
     596
     567
     603
     552
     592
     579
     564
     588
     605
     574
     616
     594
     603
     585
     596
     554
     559
     576
     585
     609
     621
     578
     581
     581
     610
     615
     593
     571
     594
     608
     550
     584
     593
     568
     525
     574
     564
     566
     544
     574
     534
     586
     510
     533
     517
     547
     520
     526
     540
     557
     508
     517
     507
     505
     538
     516
     563
     494
     488
     534
     534
     496
     537
     490
     519
     508
     583
     501
     476
     527
     508
     544
     594
     591
     575
     518
     543
     580
     558
     586
     608
     620
     634
     594
     702
     733
     752
     751
     825
     829
     837
     862
     885
     877
     881
     876
     926
     955
     951
     959
    1019
     889
     897
     968
     893
     902
     902
     938
     918
     971
     946
     989
    1075
    1034
    1009
    1035
    1045
    1110
    1169
    1145
    1215
    1144
    1114
    1077
     991
     954
     843
     744
     676
     616
     599
     560
     581
     523
     590
     532
     551
     535
     492
     531
     505
     447
     513
     521
     476
     504
     446
     482
     473
     510
     502
     490
     496
     528
     526
     538
     550
     545
     570
     559
     590
     625
     656
     637
     713
     725
     721
     746
     769
     788
     783
     792
     820
     841
     831
     810
     856
     804
     805
     776
     773
     677
     617
     591
     529
     551
     522
     526
     514
     472
     523
     503
     497
     491
     555
     511
     498
     550
     583
     560
     576
     615
     600
     639
     624
     578
     618
     599
     612
     625
     589
     624
     667
     594
     557
     562
     546
     516
     508
     523
     448
     499
     484
     489
     477
     482
     476
     446
     484
     466
     474
     496
     483
     461
     448
     449
     401
     438
     483
     485
     456
     459
     486
     468
     495
     444
     449
     446
     486
     443
     417
     418
     453
     459
     474
     472
     452
     425
     469
     486
     485
     508
     506
     476
     486
     485
     535
     457
     475
     450
     471
     471
     468
     479
     467
     437
     512
     434
     476
     465
     461
     424
     430
     460
     443
     418
     433
     402
     445
     435
     439
     411
     471
     453
     444
     422
     419
     403
     428
     443
     429
     434
     410
     470
     422
     409
     400
     434
     423
     440
     450
     395
     382
     408
     405
     379
     403
     392
     417
     419
     444
     390
     377
     431
     440
     397
     404
     412
     385
     394
     390
     391
     409
     341
     388
     368
     410
     378
     408
     410
     405
     371
     428
     398
     409
     406
     379
     389
     420
     445
     374
     429
     360
     410
     373
     394
     388
     415
     377
     364
     413
     371
     405
     426
     419
     402
     399
     374
     422
     393
     401
     351
     409
     372
     415
     375
     384
     405
     366
     371
     365
     391
     390
     386
     399
     385
     410
     398
     419
     388
     368
     413
     381
     380
     369
     384
     388
     382
     376
     377
     411
     388
     392
     397
     377
     395
     402
     383
     411
     397
     430
     423
     401
     383
     393
     402
     387
     424
     382
     410
     395
     403
     376
     389
     417
     431
     406
     371
     394
     424
     406
     389
     358
     416
     376
     405
     412
     376
     359
     360
     378
     392
     343
     375
     357
     358
     351
     362
     359
     338
     370
     338
     352
     348
     351
     346
     327
     380
     335
     319
     314
     338
     328
     374
     354
     345
     341
     360
     339
     303
     365
     402
     388
     336
     355
     314
     349
     341
     349
     348
     320
     390
     361
     322
     367
     341
     347
     330
     283
     379
     373
     332
     329
     339
     354
     347
     321
     336
     345
     360
     348
     355
     349
     385
     383
     352
     336
     369
     395
     368
     373
     392
     407
     420
     382
     380
     405
     368
     404
     360
     398
     416
     379
     365
     362
     401
     384
     420
     383
     375
     379
     380
     406
     408
     359
     347
     356
     357
     346
     342
     399
     365
     313
     362
     318
     333
     332
     331
     366
     320
     364
     351
     335
     349
     341
     349
     345
     332
     318
     296
     318
     318
     327
     345
     328
     298
     312
     359
     318
     336
     314
     332
     349
     333
     383
     349
     348
     345
     326
     333
     338
     377
     389
     357
     404
     441
     415
     432
     422
     486
     465
     514
     529
     618
     614
     668
     761
     822
     935
    1029
    1060
    1274
    1330
    1352
    1535
    1577
    1650
    1687
    1698
    1760
    1823
    1863
    2014
    2151
    2254
    2239
    2286
    2281
    2212
    2157
    1936
    1785
    1577
    1447
    1313
    1246
    1332
    1283
    1279
    1225
    1247
    1260
    1160
    1143
     946
     841
     680
     603
     540
     487
     430
     465
     441
     429
     432
     403
     375
     416
     374
     367
     416
     398
     392
     391
     397
     386
     355
     377
     412
     394
     377
     367
     358
     342
     321
     335
     322
     320
     302
     311
     318
     326
     334
     328
     313
     296
     298
     309
     315
     293
     308
     261
     345
     304
     291
     268
     309
     303
     289
     311
     279
     284
     291
     289
     254
     285
     283
     256
     303
     290
     282
     281
     288
     288
     308
     288
     302
     297
     274
     284
     265
     256
     264
     276
     278
     293
     257
     286
     292
     278
     284
     281
     289
     297
     298
     254
     265
     282
     258
     268
     279
     261
     266
     285
     288
     268
     269
     269
     297
     270
     254
     286
     263
     269
     281
     259
     259
     252
     289
     293
     260
     287
     249
     283
     325
     271
     299
     298
     265
     264
     276
     284
     277
     262
     241
     281
     281
     307
     258
     297
     294
     275
     298
     266
     320
     309
     285
     300
     279
     264
     276
     282
     292
     284
     315
     291
     291
     330
     289
     267
     295
     308
     326
     293
     284
     310
     313
     322
     291
     288
     296
     271
     297
     284
     297
     283
     260
     257
     271
     257
     236
     289
     258
     272
     249
     264
     241
     270
     250
     258
     233
     247
     289
     250
     256
     260
     222
     254
     226
     258
     240
     237
     258
     264
     273
     273
     262
     255
     276
     253
     240
     253
     284
     275
     284
     248
     261
     254
     252
     248
     292
     272
     256
     246
     257
     248
     243
     262
     269
     236
     228
     253
     245
     241
     258
     252
     242
     262
     222
     237
     240
     257
     251
     246
     237
     263
     225
     237
     241
     246
     244
     268
     286
     233
     256
     249
     286
     285
     247
     256
     235
     271
     232
     229
     266
     232
     236
     258
     222
     250
     215
     226
     229
     233
     219
     255
     253
     258
     246
     250
     242
     239
     242
     268
     226
     246
     231
     249
     272
     275
     265
     231
     273
     253
     268
     263
     224
     253
     239
     233
     223
     233
     247
     244
     244
     267
     242
     231
     228
     240
     246
     230
     232
     223
     243
     225
     232
     261
     206
     240
     231
     219
     215
     240
     263
     206
     234
     242
     230
     224
     230
     271
     235
     266
     277
     262
     280
     286
     273
     303
     337
     320
     338
     350
     376
     404
     429
     465
     456
     558
     604
     606
     588
     580
     690
     711
     754
     714
     694
     760
     726
     778
     806
     852
     817
     742
     824
     795
     706
     622
     583
     513
     438
     394
     398
     373
     395
     384
     432
     467
     448
     431
     450
     446
     486
     466
     437
     501
     467
     467
     484
     502
     571
     523
     506
     535
     591
     547
     522
     506
     432
     440
     405
     404
     348
     359
     350
     312
     294
     314
     258
     271
     262
     234
     235
     213
     224
     217
     222
     240
     219
     212
     219
     197
     212
     209
     203
     210
     232
     231
     216
     220
     187
     213
     209
     224
     211
     190
     223
     176
     221
     241
     234
     209
     230
     193
     185
     249
     227
     222
     215
     233
     221
     266
     241
     223
     240
     249
     207
     228
     253
     229
     227
     253
     224
     263
     218
     257
     237
     229
     225
     257
     222
     244
     247
     196
     212
     238
     227
     229
     214
     235
     205
     239
     235
     224
     223
     209
     233
     238
     227
     213
     192
     212
     211
     207
     216
     193
     199
     200
     193
     205
     233
     199
     225
     191
     196
     190
     226
     203
     194
     222
     220
     195
     193
     206
     203
     214
     182
     204
     226
     175
     204
     203
     209
     187
     231
     197
     209
     220
     181
     208
     220
     226
     217
     183
     201
     202
     185
     182
     191
     186
     173
     186
     208
     203
     185
     204
     205
     180
     211
     186
     208
     178
     196
     205
     194
     195
     194
     161
     174
     185
     202
     180
     193
     196
     185
     206
     212
     195
     208
     210
     207
     168
     196
     210
     197
     220
     190
     229
     224
     210
     187
     189
     208
     208
     188
     234
     239
     242
     233
     253
     265
     289
     308
     304
     282
     296
     280
     290
     296
     306
     314
     302
     310
     333
     329
     330
     298
     313
     325
     289
     318
     280
     245
     252
     213
     233
     215
     205
     217
     204
     182
     193
     210
     193
     200
     174
     209
     176
     218
     206
     197
     174
     158
     171
     192
     223
     214
     192
     168
     232
     179
     192
     174
     222
     199
     198
     179
     193
     192
     195
     210
     188
     218
     205
     192
     255
     218
     252
     243
     253
     249
     254
     290
     282
     277
     287
     290
     293
     274
     292
     264
     306
     286
     287
     305
     287
     285
     308
     277
     264
     285
     263
     273
     227
     229
     261
     236
     253
     253
     254
     283
     272
     238
     276
     240
     267
     265
     268
     250
     253
     263
     258
     289
     265
     248
     253
     256
     245
     254
     217
     212
     210
     213
     222
     205
     214
     186
     168
     197
     182
     185
     185
     187
     180
     197
     164
     191
     189
     187
     174
     147
     171
     199
     182
     207
     181
     192
     195
     202
     179
     162
     192
     225
     203
     219
     220
     205
     193
     205
     216
     185
     185
     215
     178
     188
     159
     169
     204
     176
     171
     201
     199
     169
     166
     155
     198
     174
     170
     175
     179
     170
     165
     184
     187
     170
     176
     181
     184
     158
     181
     202
     172
     198
     185
     160
     162
     169
     171
     145
     154
     168
     203
     143
     176
     165
     173
     179
     191
     172
     181
     149
     173
     148
     171
     137
     162
     165
     208
     174
     133
     171
     183
     156
     168
     163
     171
     137
     170
     167
     168
     166
     164
     158
     164
     190
     160
     173
     163
     168
     166
     181
     181
     165
     186
     162
     165
     154
     163
     201
     161
     176
     182
     172
     174
     165
     177
     152
     162
     167
     159
     174
     164
     164
     179
     151
     165
     156
     155
     161
     159
     172
     157
     155
     167
     180
     189
     169
     138
     151
     172
     164
     164
     156
     178
     156
     165
     153
     161
     158
     184
     168
     147
     139
     161
     167
     165
     158
     207
     151
     182
     173
     184
     165
     176
     172
     171
     171
     177
     146
     177
     157
     143
     149
     170
     173
     153
     160
     166
     146
     176
     145
     168
     178
     174
     161
     148
     189
     164
     158
     142
     151
     150
     159
     177
     174
     151
     180
     166
     143
     134
     180
     184
     170
     156
     153
     171
     160
     136
     147
     178
     144
     149
     142
     155
     152
     145
     154
     132
     146
     148
     166
     165
     165
     162
     161
     180
     202
     164
     163
     171
     169
     219
     181
     153
     154
     130
     167
     142
     144
     145
     181
     181
     156
     171
     163
     154
     141
     170
     143
     163
     144
     143
     186
     172
     162
     185
     135
     162
     161
     167
     183
     134
     152
     174
     159
     172
     203
     127
     179
     163
     179
     156
     184
     177
     166
     183
     173
     172
     171
     160
     157
     191
     172
     199
     148
     224
     176
     196
     168
     188
     176
     180
     147
     172
     151
     176
     179
     156
     150
     175
     162
     162
     178
     160
     176
     165
     162
     183
     186
     160
     173
     183
     176
     169
     197
     197
     184
     166
     164
     162
     178
     191
     190
     161
     184
     220
     173
     166
     169
     163
     170
     199
     158
     160
     167
     144
     161
     158
     133
     146
     157
     181
     149
     142
     160
     173
     148
     150
     185
     152
     153
     150
     164
     162
     137
     161
     136
     167
     131
     155
     157
     175
     130
     168
     144
     130
     128
     135
     159
     127
     123
     163
     133
     138
     139
     157
     116
     159
     132
     129
     151
     162
     124
     128
     128
     125
     151
     158
     118
     170
     175
     147
     159
     143
     158
     157
     145
     151
     150
     148
     144
     137
     137
     144
     122
     141
     130
     144
     153
     128
     140
     134
     156
     122
     126
     128
     118
     141
     165
     117
     138
     136
     118
     134
     113
     107
     136
     128
     142
     136
     148
     126
     109
     103
     132
     134
     138
     140
     151
     142
     132
     126
     138
     121
     132
     125
     136
     130
     127
     118
     125
     136
     143
     117
     119
     149
     137
     141
     134
     113
     123
     106
     130
     138
     127
     120
     121
     116
     142
     126
     138
     145
     131
     107
     127
     128
     147
     136
     137
     121
     130
     121
     146
     112
     138
     132
     135
     113
     100
     144
     138
     132
     127
     134
     117
     126
     106
     138
     140
     134
     134
     127
     120
     114
     137
     126
     131
     110
     126
     106
     125
     129
     134
     120
     126
     121
     104
     109
     128
     114
     134
     127
     103
     118
      85
     125
     133
     144
     119
     123
     113
     125
     133
     125
     107
     115
     125
     119
     122
     118
     117
     140
     141
     107
     123
     133
     132
     113
     113
     100
     110
     128
     120
     118
     122
     124
     118
     108
     133
     114
     112
      99
     116
     122
     109
     104
     105
     137
     121
     115
     118
     121
     113
     119
     135
      96
     114
     117
     119
     130
     132
     113
     108
      97
     119
     106
     105
     107
      92
     120
      88
     113
     127
     105
     114
     126
     122
     119
     129
     115
     134
      94
     111
     116
     126
     109
     118
     120
     113
     117
     129
      95
     137
     127
     123
     124
     106
     120
     127
     115
     115
     121
     116
      96
     127
     122
     115
     125
     115
     130
      85
     127
     129
     110
     100
     128
     114
     103
     136
     115
     117
     113
     102
     101
     104
     124
     127
     120
     105
     122
     113
     112
     107
     118
     129
     104
     120
     131
     123
     114
     147
     121
      89
     116
     126
     110
     124
     118
     122
     140
     119
     133
     117
     130
     123
     113
     130
     116
     148
     124
     141
     126
     138
     133
     144
     137
     120
     147
     133
     174
     179
     190
     155
     175
     192
     216
     212
     263
     216
     238
     222
     238
     217
     241
     230
     266
     243
     264
     253
     249
     275
     280
     259
     225
     237
     220
     242
     213
     171
     191
     163
     175
     146
     150
     118
     133
     128
     122
     124
     135
     107
     121
     106
      88
     136
     113
     109
     104
     133
     106
     124
     113
     130
      95
     108
     109
     101
     121
     114
     106
     103
     108
     120
     104
     130
     102
     118
     110
     131
     107
     118
     124
     113
     128
     127
     121
     115
     118
     111
     127
     134
     138
     127
      99
     116
     116
     108
     136
     118
     133
     136
     126
     133
     129
     136
     134
     126
     129
     121
     132
     134
     121
     130
     120
     132
     136
     134
     133
     116
     128
     148
     129
     146
     141
     135
     106
     112
     126
     135
     142
     146
     135
     123
     137
     157
     139
     136
     129
     132
     122
     111
     117
     101
     104
     114
     121
      91
      96
     144
     105
     100
     108
     102
     101
      93
     113
     100
     112
     105
     105
     123
     107
     123
     109
      98
     101
     122
     116
     101
     108
     113
     102
     111
     118
     115
      92
     109
     139
     116
     132
     115
     126
     113
     112
     116
     116
     120
     111
     151
     123
     108
     136
     116
     110
     112
     125
     122
     122
      98
     108
      94
     112
     112
     121
     104
     114
     127
     130
     113
     120
     125
     120
     113
      96
     112
     117
     130
     126
     119
     120
     131
     130
     129
     136
      99
     124
     118
     117
     106
     123
     117
     123
     109
     100
     114
     117
     107
     106
      99
      89
     115
     110
      85
     113
     111
     107
     115
     101
     104
      81
     120
     122
     116
     124
     113
      81
     109
     131
     101
      91
     106
     128
     100
     106
     106
      94
     111
      95
     102
     112
      89
      88
     114
     100
      95
     105
      98
      92
      98
      94
      93
     104
      76
      98
     107
      93
      96
     100
     101
     103
      97
     102
      98
     105
     106
      94
      91
      81
      86
     103
     101
     113
      90
      94
      84
      88
      94
     108
     101
      77
      84
      90
      90
     101
      93
     100
      97
      95
      89
     100
      99
      92
      92
     106
      92
      82
      93
     102
     107
      88
      96
      82
      96
      88
      81
      91
      89
      94
     112
      93
     102
     113
     104
     117
     113
      97
      83
      71
      86
      98
      99
     104
      99
     112
     101
      86
      97
      90
     100
      94
     104
      96
      84
      82
     101
      75
      84
     100
      85
      79
      99
      87
      92
      80
      77
      91
      85
      87
      92
      75
      87
      76
      81
      99
      90
      92
      97
      98
     107
      83
      85
      98
      97
      92
      98
      90
      92
      97
      92
      83
      81
      97
      93
      95
      96
      87
      95
      99
     125
     113
     108
      98
     111
      82
      98
      91
      82
     112
      93
     105
      88
      69
      96
      95
      92
      87
      87
     109
      71
      88
      89
      91
      94
      96
      87
      91
      79
      79
      83
      91
      80
      71
      89
      86
      86
      92
      93
      80
      90
      82
      91
      77
      97
      95
      83
      93
      82
      94
      90
      68
      79
      84
      79
     100
      89
      99
      85
      85
      85
      76
      93
      73
      99
      80
      87
      75
      98
      87
      89
      79
      80
      86
     102
      87
     107
     105
      86
      95
      75
     104
      88
      94
      79
      88
      92
      94
      80
      84
      83
      93
      74
      79
      82
      91
      66
      82
      84
      90
      78
      72
      85
      74
      79
      67
      75
      80
      87
      78
      98
      93
      79
      87
      91
      85
      77
      69
     102
      70
      86
      79
      85
      87
      74
      78
      93
      96
      90
      89
      79
      96
      80
      74
      77
     116
      89
      86
      75
      84
      90
      74
     106
      74
      83
      45
       7
       7
       5
       3
       3
       7
       3
       4
       5
       1
       3
       4
       1
       3
       3
       2
       1
       4
       3
       4
       1
       6
       3
       4
       2
       3
       3
       0
       3
       1
       2
       2
       1
       2
       0
       1
       0
       0
       2
       1
       0
       2
       1
       0
       0
       0
       0
       1
       0
       0
       0
       0
       0
       3
       1
       0
       0
       1
       0
       0
       0
       0
       0
       0
       0
       0
       0
       0
       0
       0
       0
       0
       0
       0
       0
       0
       0
       0
       0
       0
       0
       0
       0
       0
       0
       0
       0
       0
       0
       0
       0
       0
       0
       0
       0
       0
       0
       0
       0
       0
       0
       0
       0
       0
       0
       0
       0
       0
       0
       0
       0
       0
       0
       0
       0
       0
       0
       0
       0
       0
       0
       0
       0
       0
       0
       0
       0
       0
       0
       0
       0
       0
       0
       0
       0
       0
       0
       0
       0
       0
       0
       0
       0
       0
       0
       0
       0
       0
       0
       0
       0
       0
       0
       0
       0
       0
       0
       0
       0
       0
       0
       0
       0
       0
       0
       0
       0
       0
       0
       0
       0
       0
       0
       0
       0
       0
       0
       0
       0
       0
       0
       0
       0
       0
       0
       0
$ROI:
24
43 57
143 159
196 212
298 314
354 370
455 478
509 527
607 627
687 707
750 770
857 879
886 908
981 1003
1652 1680
1940 1984
2242 2276
2410 2444
2500 2534
2714 2752
2779 2839
2910 2975
3330 3374
3517 3563
4577 4648
$PRESETS:
None
0
0
$ENER_FIT:
-0.400801 0.397322
$MCA_CAL:
3
-4.008010E-001 3.973216E-001 -1.307090E-010 keV
$SHAPE_CAL:
3
2.969388E+000 2.442717E-003 8.917358E-008
