$SPEC_ID:
Pulser
$SPEC_REM:
DET# 2
DETDESC# DETECTOR 2
AP# GammaVision Version 7.01.03
$DATE_MEA:
04/27/2017 12:26:33
$MEAS_TIM:
57 61
$DATA:
0 8191
       0
       0
       0
       0
       0
       0
       0
       0
       0
       0
       0
       0
       0
       0
       0
       0
       0
       0
       0
       0
       0
       0
       0
      22
     735
     962
     501
     436
     458
     436
     415
     531
     581
     697
     846
    1029
    1033
     894
     630
     490
     509
     557
     542
     618
     618
     584
     559
     471
     444
     489
     493
     471
     509
     520
     594
     637
     971
    1503
    2652
    5003
    8650
   10565
    8595
    4425
    1834
    1096
    1226
    1858
    2863
    3595
    3166
    1929
     953
     524
     386
     368
     388
     359
     373
     390
     404
     399
     372
     418
     399
     414
     406
     407
     383
     385
     341
     389
     388
     365
     427
     367
     389
     344
     415
     399
     402
     403
     403
     391
     415
     417
     441
     390
     421
     368
     380
     426
     405
     386
     416
     447
     416
     405
     444
     441
     438
     436
     424
     469
     427
     447
     428
     406
     433
     443
     387
     453
     439
     413
     435
     381
     440
     429
     407
     496
     448
     443
     447
     428
     472
     436
     456
     463
     465
     462
     448
     484
     468
     492
     479
     490
     464
     432
     491
     481
     515
     476
     499
     489
     519
     502
     463
     556
     481
     504
     486
     472
     501
     462
     513
     464
     525
     516
     502
     494
     495
     531
     601
     651
     726
     646
     562
     564
     711
     798
     802
     629
     604
     541
     505
     480
     515
     517
     495
     483
     467
     477
     497
     495
     462
     425
     471
     450
     456
     459
     445
     465
     504
     530
     533
     532
     475
     428
     447
     435
     441
     421
     446
     426
     385
     406
     423
     421
     468
     393
     454
     393
     403
     409
     405
     399
     435
     413
     398
     424
     445
     417
     454
     408
     410
     444
     438
     468
     444
     400
     413
     457
     395
     399
     398
     391
     431
     444
     466
     434
     468
     502
     457
     468
     476
     513
     484
     502
     489
     484
     449
     498
     530
     514
     498
     524
     522
     583
     505
     536
     557
     545
     568
     534
     559
     510
     520
     556
     579
     534
     467
     537
     532
     524
     494
     539
     556
     501
     511
     506
     528
     508
     542
     462
     455
     485
     495
     486
     482
     504
     520
     499
     480
     465
     491
     492
     450
     496
     486
     484
     513
     485
     519
     477
     480
     499
     466
     443
     459
     467
     503
     474
     510
     487
     437
     421
     420
     473
     434
     444
     473
     496
     479
     452
     497
     462
     447
     434
     456
     473
     500
     434
     441
     479
     484
     433
     480
     490
     429
     471
     477
     442
     434
     486
     447
     449
     453
     457
     445
     548
     478
     483
     503
     488
     460
     469
     464
     451
     470
     436
     468
     484
     451
     480
     447
     438
     432
     466
     460
     450
     437
     454
     459
     443
     444
     428
     472
     460
     463
     461
     441
     442
     495
     445
     434
     439
     460
     426
     468
     465
     450
     454
     436
     454
     436
     454
     455
     412
     431
     402
     449
     433
     424
     444
     428
     429
     425
     492
     714
    1494
    3322
    6081
    8166
    8620
    6814
    3866
    1807
     814
     502
     434
     378
     432
     419
     408
     438
     412
     403
     408
     404
     452
     436
     391
     426
     450
     417
     416
     398
     407
     371
     413
     396
     406
     409
     410
     443
     423
     364
     435
     399
     424
     381
     417
     379
     396
     419
     650
    1474
    3883
    8102
   13196
   16238
   15278
   10696
    5563
    2191
     773
     379
     326
     331
     355
     355
     365
     341
     336
     297
     259
     217
     277
     261
     273
     280
     272
     267
     256
     257
     246
     249
     225
     265
     255
     246
     255
     234
     223
     227
     231
     201
     228
     218
     218
     231
     233
     227
     235
     215
     217
     203
     213
     217
     225
     216
     225
     181
     229
     218
     204
     196
     215
     223
     212
     193
     204
     223
     213
     171
     196
     197
     201
     206
     195
     189
     208
     189
     206
     179
     191
     228
     201
     179
     172
     202
     185
     183
     237
     188
     179
     187
     169
     183
     166
     180
     180
     177
     169
     154
     172
     198
     170
     151
     180
     188
     166
     200
     221
     194
     217
     214
     196
     176
     172
     192
     186
     182
     164
     156
     154
     180
     162
     174
     154
     162
     157
     132
     180
     148
     149
     150
     153
     136
     140
     159
     160
     183
     209
     455
    1074
    2219
    3998
    5799
    6530
    6043
    4162
    2238
     969
     347
     211
     136
     157
     137
     131
     158
     151
     151
     161
     134
     138
     150
     137
     146
     151
     134
     138
     124
     131
     135
     132
     154
     149
     116
     143
     103
     148
     112
     142
     135
     162
     204
     215
     232
     225
     196
     155
     157
     158
     133
     130
     148
     140
     132
     122
     132
     144
     139
     145
     149
     165
     193
     168
     165
     166
     173
     146
     147
     137
     144
     162
     130
     135
     131
     128
     132
     125
     139
     130
     106
     129
     131
     126
     128
     120
     123
     117
     106
     141
     131
     116
     133
     135
     113
     108
     127
     123
     126
     132
     113
     119
     102
     115
     126
     118
     125
     111
     129
     117
     123
     127
     120
     106
     120
     101
     103
     122
     117
     123
     109
     104
     103
     123
     111
     112
     102
     114
     117
     113
     124
     100
     116
     101
     128
     126
     129
     124
     145
     110
     118
     122
     112
     120
     106
     116
     125
     102
     116
     102
     113
     135
     111
     141
     106
     117
     103
     114
     115
     132
     120
      95
     113
     110
     120
     111
     125
     120
     102
     116
     108
     104
      94
      92
     100
     126
     106
     118
     114
      96
      95
     107
     113
     120
     108
     117
     117
     110
     121
     108
     102
     101
     115
     111
     110
     100
      98
     107
      94
     111
      94
     100
     121
     110
     106
     108
     127
      82
     107
      99
     114
     100
     109
     102
     109
     115
     108
      96
     100
     107
      86
     103
     108
     118
     112
     107
     127
     232
     491
    1158
    2473
    4307
    6326
    8299
    8919
    7942
    5699
    3448
    1675
     648
     254
     142
     124
     118
     123
     108
     135
     145
     136
     146
     113
     116
     103
     105
      92
      96
      85
      80
      95
     104
      74
     110
      75
     104
      93
      91
     106
      96
      86
      90
      97
      97
      97
     102
      77
     100
      91
     115
      92
      98
     103
      72
     105
      88
      96
      80
      90
      92
     110
      98
      95
      93
      90
      94
      91
     101
      87
      79
      69
      77
      80
      88
      69
      80
      71
      70
      67
      82
      79
      82
      88
      90
      74
      72
      75
      82
      70
      87
      67
      73
      66
      68
      85
      79
      65
      78
      86
     100
      62
      87
      85
      76
      79
      77
      72
      87
      70
      65
      73
      85
      95
      60
      59
      67
      92
      69
      52
      68
      63
      79
      71
      78
      65
      59
      77
      66
      69
      64
      93
      67
      62
      67
      54
      69
      53
      63
      65
      58
      62
      51
      55
      73
      70
      70
      56
      60
      66
      53
      70
      61
      60
      71
      57
      70
      67
      57
      63
      53
      71
      66
      54
      63
      74
      60
      65
      67
      55
      51
      53
      60
      49
      68
      63
      53
      63
      63
      64
      72
      64
      63
      69
      72
      62
      82
      68
      77
      74
      59
      68
      72
      71
      76
      84
      86
      85
     105
     117
     101
     135
     165
     150
     244
     258
     308
     406
     393
     419
     364
     299
     215
     107
      69
      68
      48
      41
      57
      49
      46
      45
      49
      46
      48
      41
      48
      43
      48
      41
      46
      53
      36
      56
      50
      55
      47
      54
      42
      48
      55
      46
      55
      46
      37
      45
      40
      42
      41
      39
      47
      35
      39
      43
      49
      52
      44
      38
      49
      40
      38
      44
      46
      35
      44
      49
      39
      35
      50
      37
      45
      41
      47
      51
      47
      49
      43
      26
      46
      41
      36
      37
      47
      47
      38
      35
      42
      41
      38
      40
      37
      42
      41
      35
      47
      48
      46
      38
      50
      39
      44
      31
      47
      39
      37
      41
      56
      49
      44
      38
      43
      36
      45
      29
      44
      44
      41
      31
      40
      43
      33
      32
      37
      41
      42
      41
      46
      35
      39
      40
      28
      49
      35
      45
      44
      35
      32
      38
      56
      45
      41
      47
      31
      44
      38
      44
      36
      32
      49
      45
      39
      43
      28
      35
      33
      39
      43
      39
      40
      30
      41
      28
      33
      45
      52
      40
      39
      29
      26
      39
      43
      41
      29
      42
      55
      45
      39
      28
      41
      39
      40
      27
      39
      39
      33
      35
      33
      33
      54
      35
      32
      44
      44
      55
      75
      77
     118
     143
     156
     201
     217
     175
     134
     112
      81
      54
      58
      46
      49
      37
      43
      37
      46
      45
      34
      47
      54
      39
      42
      33
      37
      38
      41
      39
      29
      26
      43
      41
      41
      43
      32
      36
      41
      37
      32
      46
      31
      45
      37
      52
      45
      34
      44
      33
      41
      35
      38
      59
      34
      43
      30
      39
      34
      36
      29
      35
      34
      45
      45
      45
      41
      46
      35
      42
      33
      40
      46
      38
      24
      41
      30
      42
      46
      36
      35
      28
      42
      34
      38
      45
      69
      61
      79
     130
     174
     232
     348
     445
     531
     605
     552
     467
     327
     235
     159
     111
      71
      43
      38
      43
      48
      44
      42
      40
      36
      22
      28
      39
      29
      34
      26
      39
      28
      28
      35
      31
      28
      22
      19
      29
      32
      25
      21
      35
      34
      23
      20
      25
      35
      28
      23
      29
      38
      22
      33
      29
      25
      32
      23
      27
      39
      30
      30
      20
      33
      28
      33
      28
      26
      28
      21
      31
      27
      27
      27
      33
      39
      50
      88
     121
     166
     280
     414
     571
     761
     858
     955
     910
     813
     665
     437
     254
     163
      86
      46
      30
      31
      32
      30
      30
      14
      23
      23
      32
      24
      29
      20
      20
      20
      22
      33
      17
      23
      32
      22
      23
      21
      28
      13
      25
      28
      24
      31
      31
      32
      25
      23
      27
      17
      33
      26
      24
      17
      30
      25
      27
      24
      21
      24
      22
      26
      25
      30
      34
      30
      32
      31
      25
      29
      27
      25
      18
      22
      21
      22
      18
      18
      25
      20
      23
      27
      24
      24
      26
      24
      22
      16
      19
      21
      27
      22
      32
      18
      15
      19
      24
      25
      14
      25
      17
      33
      24
      21
      22
      15
      10
      18
      19
      20
       9
      29
      21
      17
      16
      15
      19
      13
      25
      19
      18
      20
      12
      17
      16
      19
      19
      15
      19
      24
      20
      19
      19
      10
      11
      19
      21
      19
      15
      18
      20
      14
      21
      16
      17
      16
      23
      19
      15
      24
      19
      25
      10
      16
      24
      23
      30
      18
      18
       9
      16
      18
      17
      20
      16
      20
      22
      10
      18
      11
      18
      15
      22
      15
      15
      17
      16
      16
      18
      18
      15
      17
      14
      22
      21
      14
      15
      14
      20
      16
      18
      14
      12
      12
      15
      14
      18
      13
      20
      15
      16
      26
      12
      15
      16
       7
      16
      19
       6
      15
      11
       9
      19
      24
      14
      16
      15
      22
      14
      18
      16
      20
      16
      19
      12
      15
      14
      14
      14
      16
      10
      10
      16
      17
      17
      12
      11
      15
      12
      14
       8
      13
       8
      14
      10
      18
      20
      14
      15
      18
      13
      17
      10
      11
      16
      19
      16
      15
      16
      24
      13
      18
      19
      16
      17
      11
      19
      11
      16
      16
      13
      12
      15
      15
      16
      15
       8
      13
      11
      14
      15
       8
      20
      15
      18
      14
      18
      12
      14
      19
      17
      15
      13
      13
      21
      12
      12
      12
      16
       9
      19
      17
      11
      11
      16
      11
      14
      13
      17
      11
      14
      16
      12
      11
      12
      12
       9
       9
      16
      16
      12
      10
      14
      13
      16
      14
       9
      10
      16
      11
      10
      16
      11
      21
      13
      12
      13
       6
      10
       9
      16
      14
       5
      16
      15
      12
      10
      11
       6
      15
      16
      13
       9
      19
      16
      10
      21
       9
      10
      11
      10
      16
      15
      13
      10
      17
      15
       9
       9
      12
      14
      12
      13
      15
      11
      12
       8
      13
      13
      12
      10
      12
      18
      21
      12
      10
      11
      14
      14
       8
      15
      16
       8
      12
       6
      17
       9
      13
      17
      13
      11
      11
       8
      13
      10
      11
      11
      18
      12
      11
      12
      15
      15
      13
      16
       9
      23
      39
      77
     104
     140
     181
     253
     337
     427
     556
     585
     647
     622
     642
     457
     336
     246
     165
      98
      72
      53
       9
      17
      16
       5
      17
       8
      10
      11
       6
      14
       8
       8
      14
      14
      16
      14
       8
      16
      11
       9
      13
      10
      14
      11
       9
      15
      12
      15
       7
      16
      11
       8
      11
      13
      13
      10
       9
       5
      13
      12
      13
       8
      10
      16
      15
      15
      10
      15
      19
      16
      11
      14
      16
      13
      17
       9
      13
      18
      14
      12
      10
      21
      15
       7
       9
       9
       6
       8
      12
      13
      11
       7
       5
      10
       7
       8
       7
      11
       9
       7
      12
       9
      10
       8
       8
       8
      11
      11
      11
       8
       7
       7
       6
      12
      10
       7
       5
       7
       7
      13
      15
       6
      15
      15
      13
      15
       7
       9
      11
      13
       9
       6
       9
       6
       9
       7
       8
      14
      18
       7
      15
      22
      12
       8
      13
      13
       7
       9
      10
      10
      10
       6
       9
       9
      10
      13
       8
       6
      12
       8
       8
       7
      15
      14
      10
       8
      11
       4
       6
       7
      14
       4
       7
       9
       6
       5
       9
      10
      10
       8
       5
       6
       6
      10
       8
       7
       7
      10
       7
       9
      10
      10
      10
       5
       6
      10
       1
       3
       5
       8
      10
      11
       9
      16
       8
       8
       5
       7
      11
      12
       9
      11
       6
       3
      11
       5
       8
      12
       9
       7
      10
       8
      12
      12
      13
      11
       8
       9
       8
      13
       7
      11
       7
      14
       7
       4
       9
       9
       3
       9
       9
      10
       6
       9
       8
       7
       7
      14
      14
      10
       9
      10
       6
       6
       9
      11
       7
       9
       7
       6
       5
       7
       9
      10
       5
      12
       5
      11
       6
       7
       3
      11
       8
       9
       4
       5
      12
       8
       3
       6
       5
      12
      18
       9
      12
       9
       1
       9
       7
      10
      11
      10
       5
       9
       7
       8
      11
      12
      11
       8
       7
      10
       3
       9
      10
       7
       4
       6
      11
       5
       4
       7
      10
       9
       8
       5
       5
       9
       8
      11
       3
       8
       6
      10
       9
      11
       5
       8
       4
      10
       7
       8
       4
       8
       7
      11
       7
       5
       6
       2
       3
       8
       6
       8
       9
       5
       7
       7
       9
       2
       6
       5
      11
       6
       4
       6
       4
       7
       7
       7
       9
       8
      14
       6
       5
       5
      10
       3
       6
      11
      10
      12
       5
       2
      10
       5
       8
      10
       8
       7
       6
       7
       7
       3
       4
       7
       5
       3
      11
       8
       8
       7
       2
       8
       7
       7
       7
       7
       2
      10
      10
       7
      11
       6
       3
      10
      12
       8
      13
       6
       6
       8
      10
      10
       7
       6
       7
       9
       4
       4
       9
      10
      10
      10
       9
       9
       6
      11
      11
       6
       7
      10
       9
       8
       8
       4
       8
       8
       6
       3
       3
       2
       7
       8
       5
       7
       5
       6
       5
       9
       3
       3
      10
       8
       6
       9
       7
      11
       3
      12
       7
       5
       6
       9
       4
       8
       3
       4
       7
       7
       5
       6
       5
      13
       6
       8
       6
       5
       7
      10
       6
       4
      11
       7
       9
       9
       6
       5
       5
       5
       4
       5
       7
       7
       8
       2
       5
       6
       9
       6
       5
       8
       8
       6
       4
       5
       7
      11
       8
       5
       7
       6
       5
       5
       9
       5
       4
       8
       6
       7
      15
       5
       8
       6
       5
       4
       4
       4
       6
       1
       1
       7
       9
       5
       8
       8
       7
       9
       9
       7
      11
       6
       6
       8
       9
       8
       9
       8
       2
       6
       4
       5
       2
       7
       7
       5
      10
       5
       2
       4
       7
       2
       7
       3
       8
       7
       3
       3
       6
       6
       4
       5
       5
       7
       6
       2
       3
       1
       7
       6
       3
       5
       7
      10
       7
      10
       5
       2
       3
       5
       1
       4
       3
       7
       3
       5
       6
       3
       4
       5
       3
      12
       3
       7
       7
       5
       3
       6
       3
       3
       5
       3
       6
      11
       5
       2
       5
       6
       4
       1
       1
       4
       5
       9
       2
       7
       9
       6
       3
       3
       2
       1
       4
       4
       6
       7
       4
       7
       7
       3
       6
       2
       6
       6
       5
       7
       0
       8
       6
       5
       4
       4
       4
       1
       9
       3
       5
       5
       9
       1
       5
       4
       6
       6
       2
       2
       7
       5
       5
       5
       5
       6
       6
       6
       6
       2
       5
       3
       3
       7
       7
       2
       9
       5
       1
       4
       3
       5
       7
       5
       7
       6
       3
       5
      10
       5
       2
       0
       6
       2
       5
       4
       4
       5
       4
       6
       6
       4
       6
       2
       2
       2
       6
       6
       5
       4
       4
       2
       2
       3
       4
       3
       6
       3
       8
       5
       1
       7
       2
       1
       4
       6
       3
       4
       3
       5
       2
       3
       3
       4
       7
       3
       3
       1
       5
       4
       4
       5
       5
       6
       4
       7
       4
       3
       5
       2
       5
       2
       7
       7
       5
       3
       1
       5
       3
       7
       3
       7
       4
       3
       3
       8
       1
       4
       6
       6
       5
      11
       6
       2
       5
       5
       1
       1
       5
       4
       2
       4
       2
       1
       5
       3
       7
       3
       3
       5
       5
       4
       2
       4
       2
       7
       8
       3
       3
       2
       0
       3
       6
       4
       0
       2
       4
       7
       3
       4
       5
       4
       2
       2
       7
       2
       3
       6
       4
       2
       5
       7
       4
       4
       5
       3
       3
       6
       2
       5
       3
       5
       4
       5
       1
       2
       2
       7
       6
       1
       4
       3
       5
       3
       3
       7
       3
       1
       5
       4
       3
       3
       1
       5
       3
       5
       3
       4
       4
       2
       5
       5
       4
       5
       3
       3
       4
       4
       2
       1
       3
       6
       6
       6
       4
       6
       3
       7
       3
       7
       2
       5
       7
       6
       3
       6
       3
       6
       2
       4
       4
       4
       1
       4
       6
       2
       3
       1
       2
       6
       3
       8
       5
       7
       5
       9
       2
       4
       5
       3
       5
       1
       5
       5
       7
       4
       2
       4
       5
       4
       7
       5
       6
       4
       6
       1
       4
       5
       4
       2
       2
       5
       2
       3
       2
       5
       4
       5
       4
       2
       4
       4
       3
       3
       5
       2
       2
       3
       5
       3
       3
       6
       2
       1
       2
       2
       5
       4
       4
       1
       6
       5
       5
       2
       3
       2
       7
       1
       1
       7
       0
       3
       2
       3
       3
       3
       2
       1
       5
       1
       4
       2
       3
       6
       7
       3
       4
       1
       2
       1
       6
       3
       3
       3
       2
       3
       1
       2
       2
       4
       4
       1
       4
       3
       1
       3
       3
       2
       2
       6
       4
       3
       2
       1
       2
       2
       3
       2
       3
       2
       1
       0
       4
       2
       5
       1
       2
       1
       3
       3
       4
       4
       0
       1
       2
       2
       1
       7
       0
       2
       3
       6
       3
       3
       2
       3
       1
       2
       6
       1
       2
       2
       1
       3
       0
       2
       5
       4
       0
       2
       3
       4
       4
       0
       3
       1
       1
       0
       2
       2
       2
       2
       0
       1
       5
       2
       2
       1
       1
       2
       2
       5
       4
       1
       2
       2
       2
       1
       2
       1
       3
       0
       0
       0
       0
       1
       0
       2
       0
       0
       1
       1
       1
       0
       0
       1
       2
       1
       0
       1
       1
       2
       0
       1
       1
       5
       1
       1
       0
       0
       2
       3
       3
       1
       0
       1
       0
       2
       1
       1
       0
       2
       0
       3
       1
       3
       0
       1
       1
       0
       2
       1
       0
       0
       0
       0
       1
       1
       0
       2
       2
       0
       2
       1
       1
       0
       0
       1
       0
       0
       0
       1
       1
       1
       1
       1
       1
       1
       1
       2
       1
       1
       0
       0
       1
       0
       1
       0
       1
       1
       1
       1
       1
       1
       1
       1
       0
       1
       3
       2
       1
       0
       1
       3
       1
       4
       0
       1
       0
       0
       1
       0
       0
       0
       2
       1
       2
       4
       1
       0
       0
       2
       0
       1
       0
       2
       2
       1
       1
       3
       0
       1
       1
       0
       0
       0
       0
       0
       1
       0
       1
       1
       0
       1
       0
       0
       0
       2
       1
       5
       0
       3
       0
       2
       2
       1
       1
       0
       0
       0
       1
       2
       1
       0
       0
       2
       5
       1
       1
       1
       0
       0
       3
       1
       0
       2
       0
       0
       2
       1
       1
       5
       0
       1
       0
       1
       1
       1
       0
       0
       1
       1
       3
       0
       0
       0
       1
       3
       4
       1
       2
       0
       1
       0
       1
       1
       1
       0
       0
       1
       1
       2
       1
       1
       0
       0
       1
       0
       0
       0
       0
       3
       1
       1
       1
       0
       1
       2
       2
       1
       0
       0
       2
       2
       1
       0
       0
       1
       0
       0
       1
       1
       1
       0
       1
       2
       1
       1
       0
       0
       0
       1
       0
       1
       0
       0
       1
       2
       0
       1
       0
       0
       0
       0
       1
       0
       0
       0
       0
       1
       1
       1
       0
       0
       0
       0
       1
       0
       0
       0
       0
       0
       0
       1
       2
       0
       0
       0
       1
       2
       1
       0
       1
       0
       0
       0
       0
       1
       1
       2
       0
       1
       3
       0
       3
       3
       1
       5
       4
       8
       7
       9
      10
      13
      19
      16
      19
      15
      28
      22
      22
      26
      24
      18
       8
      15
       6
       6
       2
       5
       4
       1
       2
       3
       0
       0
       2
       1
       0
       1
       0
       2
       1
       1
       1
       0
       3
       2
       1
       5
       6
       4
       4
       6
       2
       6
       7
       9
      11
      12
      11
      16
      11
      13
      11
       7
       9
       8
       8
       7
       2
       2
       1
       0
       3
       0
       2
       2
       1
       0
       0
       0
       0
       1
       0
       0
       1
       1
       0
       0
       0
       1
       1
       0
       0
       0
       0
       0
       0
       1
       0
       0
       0
       0
       0
       0
       1
       0
       0
       0
       0
       0
       0
       0
       1
       0
       0
       1
       0
       1
       0
       2
       1
       1
       0
       0
       0
       0
       0
       0
       0
       1
       0
       0
       0
       0
       2
       0
       0
       2
       1
       1
       0
       0
       0
       4
       0
       0
       0
       0
       1
       1
       1
       1
       1
       0
       0
       0
       0
       0
       0
       0
       0
       1
       0
       2
       0
       0
       1
       0
       0
       0
       0
       0
       0
       0
       0
       0
       1
       0
       0
       0
       3
       0
       0
       0
       0
       0
       0
       0
       0
       0
       2
       0
       0
       0
       0
       1
       0
       0
       0
       1
       0
       1
       0
       0
       0
       0
       0
       0
       0
       0
       0
       0
       0
       0
       0
       0
       0
       0
       0
       0
       0
       0
       0
       0
       1
       0
       2
       1
       2
       1
       1
       0
       2
       2
       1
       1
       0
       0
       0
       0
       0
       0
       0
       1
       0
       0
       0
       0
       1
       1
       1
       0
       0
       0
       1
       0
       1
       0
       0
       0
       2
       1
       0
       0
       0
       0
       1
       0
       0
       2
       1
       0
       1
       0
       2
       0
       0
       0
       0
       0
       0
       1
       0
       0
       0
       0
       0
       0
       0
       0
       0
       0
       0
       0
       0
       0
       0
       0
       0
       0
       1
       0
       0
       1
       0
       0
       0
       0
       1
       0
       0
       0
       0
       1
       0
       0
       0
       0
       0
       1
       0
       0
       1
       0
       0
       0
       0
       0
       0
       0
       0
       1
       0
       0
       0
       0
       0
       0
       0
       0
       0
       0
       0
       0
       0
       1
       0
       0
       0
       0
       0
       0
       0
       0
       0
       0
       0
       1
       0
       0
       0
       0
       0
       0
       0
       1
       0
       0
       0
       1
       1
       0
       0
       0
       0
       0
       0
       0
       1
       0
       0
       0
       0
       0
       0
       0
       1
       0
       0
       0
       0
       0
       0
       0
       0
       0
       0
       0
       1
       1
       0
       0
       0
       0
       0
       1
       0
       0
       0
       0
       0
       0
       0
       0
       0
       0
       0
       0
       0
       0
       0
       0
       0
       0
       0
       0
       0
       0
       1
       0
       0
       0
       0
       0
       0
       0
       0
       0
       0
       0
       0
       0
       0
       0
       0
       0
       0
       0
       1
       1
       1
       0
       0
       1
       0
       0
       0
       0
       0
       0
       0
       0
       0
       0
       0
       0
       0
       0
       0
       0
       0
       0
       0
       0
       0
       0
       0
       1
       0
       0
       0
       0
       0
       1
       0
       0
       0
       1
       0
       0
       0
       0
       0
       0
       0
       0
       0
       0
       0
       0
       0
       1
       1
       0
       0
       0
       0
       1
       0
       0
       0
       1
       0
       0
       0
       0
       0
       0
       0
       0
       0
       0
       0
       0
       0
       0
       0
       0
       0
       0
       0
       0
       0
       0
       0
       0
       0
       0
       0
       1
       0
       0
       0
       0
       1
       0
       0
       0
       0
       0
       0
       0
       0
       0
       0
       0
       0
       0
       1
       0
       0
       0
       0
       0
       0
       0
       0
       0
       0
       0
       0
       0
       0
       1
       0
       0
       0
       0
       0
       0
       0
       0
       0
       0
       0
       0
       0
       0
       0
       0
       0
       0
       0
       0
       0
       0
       0
       0
       0
       0
       0
       0
       0
       0
       0
       0
       1
       0
       0
       1
       0
       0
       0
       0
       1
       0
       1
       0
       0
       0
       0
       0
       0
       2
       0
       0
       0
       1
       0
       1
       0
       0
       0
       0
       0
       0
       0
       0
       0
       0
       0
       0
       0
       0
       0
       0
       0
       0
       0
       1
       0
       0
       0
       0
       0
       0
       0
       0
       0
       0
       0
       0
       0
       0
       0
       0
       0
       0
       0
       0
       0
       0
       0
       0
       0
       0
       0
       0
       0
       0
       0
       1
       0
       0
       0
       0
       0
       0
       0
       0
       0
       0
       0
       0
       0
       0
       0
       1
       0
       0
       0
       0
       0
       0
       0
       0
       0
       0
       0
       0
       0
       0
       0
       0
       0
       0
       0
       0
       0
       0
       0
       0
       0
       0
       0
       0
       0
       0
       0
       0
       0
       0
       0
       0
       0
       0
       0
       0
       0
       0
       0
       0
       0
       0
       0
       0
       0
       0
       0
       0
       0
       0
       0
       0
       0
       0
       0
       0
       0
       1
       0
       0
       0
       0
       0
       0
       0
       0
       0
       0
       0
       0
       0
       0
       0
       0
       0
       0
       0
       0
       0
       0
       0
       0
       0
       0
       0
       0
       0
       0
       0
       1
       0
       0
       0
       0
       0
       0
       0
       0
       0
       0
       0
       0
       0
       0
       0
       0
       0
       0
       0
       0
       0
       0
       0
       0
       0
       0
       0
       0
       0
       0
       0
       0
       0
       1
       0
       0
       0
       0
       0
       0
       0
       0
       0
       0
       0
       0
       0
       1
       0
       0
       0
       0
       0
       0
       0
       0
       0
       1
       0
       0
       0
       0
       0
       0
       0
       0
       0
       0
       0
       0
       0
       0
       0
       0
       0
       0
       0
       0
       0
       0
       0
       0
       0
       0
       0
       0
       0
       0
       1
       0
       0
       0
       0
       0
       0
       0
       0
       0
       0
       0
       0
       0
       0
       0
       0
       0
       0
       0
       0
       0
       0
       0
       0
       0
       0
       0
       0
       0
       0
       0
       0
       0
       0
       0
       0
       0
       0
       0
       1
       0
       0
       0
       0
       0
       0
       0
       0
       0
       0
       0
       0
       0
       0
       0
       0
       0
       0
       0
       0
       0
       0
       0
       0
       0
       0
       0
       0
       0
       0
       0
       1
       0
       0
       0
       0
       0
       0
       1
       0
       0
       0
       0
       0
       0
       0
       0
       0
       0
       0
       0
       0
       0
       0
       0
       0
       0
       0
       0
       0
       0
       0
       0
       0
       0
       1
       0
       0
       0
       0
       0
       0
       0
       1
       0
       0
       0
       0
       0
       0
       0
       0
       0
       0
       0
       0
       0
       0
       0
       0
       0
       0
       0
       0
       0
       0
       0
       0
       0
       0
       0
       0
       0
       0
       0
       1
       0
       0
       0
       0
       0
       0
       0
       0
       0
       0
       0
       0
       0
       0
       0
       0
       0
       0
       0
       0
       0
       0
       0
       0
       0
       0
       0
       0
       0
       0
       0
       0
       0
       1
       0
       0
       0
       0
       0
       0
       0
       0
       0
       0
       0
       0
       1
       0
       0
       0
       0
       0
       1
       0
       0
       0
       0
       0
       0
       0
       1
       0
       0
       0
       0
       0
       0
       1
       0
       0
       1
       0
       0
       0
       0
       0
       0
       0
       0
       0
       1
       0
       0
       1
       0
       0
       0
       0
       0
       0
       0
       0
       0
       0
       0
       0
       0
       0
       1
       0
       0
       0
       0
       0
       0
       0
       0
       0
       0
       0
       0
       0
       0
       0
       0
       0
       0
       0
       0
       0
       0
       0
       0
       0
       0
       0
       1
       0
       0
       0
       0
       0
       0
       0
       0
       0
       0
       1
       0
       0
       0
       0
       0
       0
       0
       0
       0
       0
       0
       0
       0
       0
       0
       0
       0
       0
       0
       0
       0
       0
       1
       0
       1
       0
       0
       0
       0
       0
       0
       0
       0
       0
       0
       0
       0
       0
       0
       0
       0
       0
       0
       0
       0
       0
       0
       0
       0
       0
       0
       0
       0
       0
       0
       0
       0
       0
       0
       0
       0
       0
       0
       0
       0
       0
       0
       0
       0
       0
       0
       0
       0
       0
       0
       0
       0
       0
       0
       0
       0
       0
       0
       0
       0
       0
       0
       0
       0
       0
       0
       0
       1
       0
       0
       0
       0
       1
       0
       0
       0
       0
       0
       0
       0
       0
       0
       0
       0
       0
       0
       0
       0
       0
       0
       0
       0
       0
       0
       2
       0
       0
       0
       0
       0
       0
       0
       0
       0
       0
       0
       0
       0
       0
       0
       0
       0
       0
       0
       0
       0
       0
       0
       0
       0
       0
       0
       0
       0
       0
       0
       0
       0
       0
       0
       0
       0
       0
       0
       0
       0
       0
       0
       0
       0
       0
       0
       0
       0
       0
       0
       0
       0
       0
       0
       0
       0
       0
       0
       0
       0
       0
       0
       0
       0
       0
       0
       0
       0
       0
       0
       0
       0
       0
       0
       0
       0
       0
       0
       0
       0
       0
       0
       0
       0
       0
       0
       0
       0
       0
       0
       0
       0
       0
       0
       0
       1
       0
       0
       0
       0
       0
       0
       0
       0
       0
       0
       0
       0
       0
       0
       0
       0
       0
       0
       0
       0
       0
       0
       0
       0
       0
       0
       0
       0
       0
       0
       0
       0
       1
       0
       0
       0
       0
       1
       0
       0
       0
       0
       0
       0
       0
       0
       0
       0
       0
       0
       0
       0
       0
       0
       0
       0
       0
       0
       0
       0
       0
       0
       0
       0
       0
       0
       0
       0
       0
       0
       0
       0
       0
       0
       0
       0
       0
       0
       0
       0
       0
       0
       0
       0
       0
       0
       0
       2
       0
       0
       0
       0
       0
       0
       0
       1
       0
       0
       0
       0
       0
       0
       0
       0
       0
       0
       0
       0
       0
       1
       0
       0
       0
       0
       0
       0
       0
       0
       0
       0
       0
       0
       0
       0
       0
       0
       0
       0
       0
       0
       0
       0
       0
       0
       0
       0
       0
       0
       0
       0
       0
       0
       0
       0
       0
       0
       0
       0
       0
       0
       0
       0
       0
       0
       0
       0
       0
       0
       0
       0
       0
       0
       0
       0
       0
       0
       0
       0
       0
       0
       1
       0
       0
       0
       0
       0
       0
       0
       0
       0
       0
       0
       0
       0
       0
       0
       0
       1
       0
       0
       0
       0
       0
       0
       0
       0
       0
       0
       0
       0
       0
       0
       0
       0
       0
       0
       0
       0
       0
       0
       0
       0
       0
       0
       0
       0
       0
       0
       0
       0
       0
       0
       0
       0
       0
       0
       0
       0
       0
       0
       0
       0
       0
       0
       0
       0
       0
       0
       0
       0
       0
       0
       0
       0
       0
       0
       0
       0
       0
       0
       0
       0
       0
       0
       0
       0
       0
       0
       0
       0
       0
       0
       0
       0
       0
       0
       0
       0
       0
       0
       0
       0
       0
       0
       0
       0
       0
       0
       0
       0
       0
       0
       0
       0
       0
       0
       1
       0
       0
       0
       0
       0
       0
       0
       0
       0
       0
       0
       0
       0
       0
       0
       0
       0
       0
       0
       0
       0
       0
       0
       0
       0
       0
       0
       0
       0
       0
       0
       0
       0
       0
       0
       0
       0
       0
       0
       0
       0
       0
       0
       0
       0
       0
       0
       0
       0
       0
       0
       0
       0
       0
       0
       0
       0
       0
       0
       0
       0
       0
       0
       0
       0
       0
       0
       0
       0
       0
       0
       0
       0
       0
       0
       0
       0
       0
       0
       0
       0
       0
       0
       0
       0
       0
       0
       0
       0
       0
       0
       0
       0
       0
       0
       0
       0
       0
       0
       0
       0
       0
       0
       0
       0
       0
       0
       0
       0
       0
       0
       0
       0
       0
       0
       0
       0
       0
       0
       0
       0
       0
       0
       0
       0
       0
       0
       0
       0
       0
       0
       0
       0
       0
       0
       0
       0
       0
       0
       0
       0
       0
       0
       0
       0
       0
       0
       0
       0
       0
       0
       0
       0
       0
       0
       0
       0
       0
       0
       0
       0
       0
       0
       0
       0
       0
       0
       0
       0
       0
       0
       0
       0
       0
       0
       0
       0
       0
       0
       0
       0
       0
       0
       0
       0
       0
       0
       0
       0
       0
       0
       0
       0
       0
       0
       0
       0
       0
       0
       0
       0
       0
       0
       0
       0
       0
       0
       0
       0
       0
       0
       0
       0
       0
       0
       0
       0
       0
       0
       0
       0
       0
       0
       0
       0
       0
       0
       0
       0
       0
       0
       0
       0
       0
       0
       0
       0
       0
       0
       0
       0
       0
       0
       0
       0
       0
       0
       0
       0
       0
       0
       0
       0
       0
       0
       0
       0
       0
       0
       0
       0
       0
       0
       0
       0
       0
       0
       0
       0
       0
       0
       0
       0
       1
       0
       0
       0
       0
       0
       0
       0
       0
       0
       0
       0
       0
       0
       0
       0
       0
       0
       0
       0
       0
       0
       0
       0
       0
       0
       0
       0
       0
       0
       0
       0
       0
       0
       0
       0
       0
       0
       0
       0
       0
       0
       0
       0
       0
       0
       0
       0
       0
       0
       0
       0
       0
       0
       0
       0
       0
       0
       0
       0
       1
       0
       0
       0
       0
       0
       0
       0
       0
       0
       0
       0
       0
       0
       0
       0
       0
       0
       0
       0
       0
       0
       0
       0
       0
       0
       0
       0
       0
       0
       0
       0
       0
       0
       0
       0
       0
       0
       0
       0
       0
       0
       0
       0
       0
       0
       0
       1
       0
       0
       0
       0
       0
       0
       0
       0
       0
       0
       0
       0
       0
       0
       0
       0
       0
       0
       0
       0
       0
       0
       0
       0
       0
       0
       0
       1
       0
       0
       0
       0
       0
       0
       0
       0
       0
       0
       0
       1
       0
       0
       0
       0
       0
       0
       0
       0
       0
       0
       0
       0
       0
       0
       0
       0
       0
       0
       0
       0
       0
       0
       0
       0
       0
       0
       0
       0
       0
       0
       0
       0
       0
       0
       0
       0
       0
       0
       0
       0
       0
       0
       0
       0
       0
       0
       0
       0
       0
       0
       0
       0
       0
       0
       0
       0
       0
       1
       0
       0
       0
       0
       0
       0
       0
       0
       0
       0
       0
       0
       0
       0
       0
       0
       0
       0
       0
       0
       0
       0
       0
       0
       0
       0
       0
       0
       0
       0
       0
       0
       1
       0
       0
       0
       0
       0
       0
       0
       0
       0
       0
       0
       0
       0
       0
       0
       0
       0
       0
       0
       0
       0
       0
       0
       0
       0
       0
       0
       0
       0
       0
       0
       0
       0
       0
       0
       0
       0
       0
       0
       0
       0
       0
       0
       0
       0
       0
       0
       0
       0
       0
       0
       0
       0
       0
       0
       0
       0
       0
       0
       0
       0
       0
       0
       0
       0
       0
       0
       0
       0
       0
       0
       0
       0
       0
       0
       0
       0
       0
       0
       0
       0
       0
       0
       0
       0
       0
       0
       0
       0
       0
       0
       0
       0
       0
       0
       0
       0
       0
       0
       0
       0
       0
       0
       0
       0
       0
       0
       0
       0
       0
       0
       0
       0
       0
       0
       0
       0
       0
       0
       0
       0
       0
       0
       0
       0
       0
       0
       0
       0
       0
       0
       0
       0
       0
       0
       0
       0
       0
       0
       0
       0
       0
       0
       0
       0
       0
       0
       0
       0
       0
       0
       0
       0
       0
       0
       0
       0
       0
       0
       0
       0
       0
       0
       0
       0
       0
       0
       0
       0
       0
       1
       0
       0
       0
       0
       0
       0
       0
       0
       0
       0
       0
       0
       0
       0
       0
       0
       0
       0
       0
       0
       0
       0
       0
       0
       0
       0
       0
       0
       0
       0
       0
       0
       0
       0
       0
       0
       0
       0
       0
       0
       0
       0
       0
       0
       0
       0
       0
       0
       0
       0
       0
       0
       0
       0
       0
       0
       0
       1
       0
       0
       0
       1
       0
       0
       0
       0
       0
       0
       0
       0
       0
       0
       0
       0
       0
       0
       1
       0
       0
       0
       0
       0
       0
       1
       0
       0
       0
       0
       0
       0
       0
       0
       0
       0
       0
       0
       0
       0
       0
       0
       0
       0
       0
       0
       0
       0
       0
       0
       0
       0
       0
       0
       0
       0
       0
       0
       0
       0
       0
       0
       0
       0
       0
       0
       0
       0
       0
       0
       0
       0
       0
       1
       0
       0
       0
       0
       0
       0
       0
       0
       0
       0
       0
       0
       0
       0
       0
       0
       0
       0
       0
       0
       0
       0
       0
       0
       0
       0
       0
       0
       0
       0
       0
       0
       0
       0
       0
       0
       0
       0
       1
       0
       0
       0
       0
       0
       0
       0
       0
       0
       1
       1
       0
       0
       0
       0
       0
       0
       0
       0
       0
       0
       0
       0
       0
       0
       0
       0
       0
       0
       0
       0
       0
       0
       0
       0
       0
       0
       0
       0
       0
       0
       0
       0
       0
       0
       0
       0
       0
       0
       0
       0
       0
       0
       0
       0
       0
       0
       0
       0
       0
       0
       0
       0
       0
       1
       0
       0
       0
       0
       0
       0
       0
       0
       0
       0
       0
       0
       0
       0
       0
       0
       0
       0
       0
       0
       0
       0
       0
       0
       0
       0
       0
       0
       0
       0
       1
       0
       0
       0
       0
       0
       0
       0
       0
       0
       0
       0
       0
       0
       0
       0
       0
       0
       0
       0
       0
       0
       0
       0
       0
       0
       0
       0
       0
       0
       0
       0
       0
       0
       0
       0
       0
       0
       0
       0
       0
       0
       0
       0
       0
       0
       0
       0
       0
       1
       0
       0
       0
       0
       0
       0
       0
       0
       0
       0
       0
       0
       0
       0
       0
       0
       0
       0
       0
       0
       0
       0
       0
       0
       0
       0
       0
       0
       0
       0
       0
       0
       0
       0
       0
       0
       0
       0
       0
       0
       0
       0
       0
       0
       0
       0
       0
       0
       0
       0
       0
       0
       0
       0
       0
       0
       0
       0
       0
       0
       0
       1
       0
       0
       0
       0
       0
       0
       0
       0
       0
       0
       0
       0
       0
       0
       0
       0
       0
       0
       0
       0
       0
       0
       0
       0
       0
       0
       0
       0
       0
       0
       0
       0
       0
       0
       0
       0
       0
       0
       0
       0
       0
       0
       0
       0
       0
       0
       0
       0
       0
       0
       0
       0
       0
       0
       0
       0
       0
       0
       0
       0
       0
       0
       0
       0
       0
       0
       0
       0
       0
       0
       0
       0
       0
       0
       0
       0
       0
       0
       0
       0
       0
       0
       0
       0
       0
       0
       0
       0
       0
       0
       0
       0
       0
       0
       0
       0
       0
       0
       0
       0
       0
       1
       0
       0
       0
       0
       0
       0
       0
       0
       0
       0
       0
       0
       0
       0
       0
       0
       0
       0
       0
       0
       0
       0
       0
       0
       0
       0
       0
       0
       0
       0
       0
       0
       0
       0
       0
       0
       0
       0
       0
       0
       0
       0
       0
       0
       0
       0
       0
       0
       0
       0
       0
       0
       0
       0
       0
       0
       0
       0
       0
       0
       0
       0
       0
       0
       0
       0
       0
       0
       0
       0
       0
       0
       1
       0
       0
       0
       0
       0
       0
       0
       0
       0
       0
       0
       0
       0
       0
       0
       0
       0
       0
       0
       1
       0
       0
       0
       0
       0
       0
       0
       0
       0
       0
       0
       0
       0
       0
       0
       0
       0
       0
       0
       0
       0
       0
       0
       0
       0
       0
       0
       0
       0
       0
       0
       0
       0
       0
       0
       0
       0
       0
       0
       0
       0
       0
       0
       0
       0
       0
       0
       0
       0
       0
       0
       0
       0
       0
       0
       0
       0
       0
       0
       0
       0
       0
       0
       0
       0
       0
       0
       0
       0
       0
       0
       0
       0
       0
       0
       0
       0
       0
       0
       0
       0
       0
       0
       0
       0
       0
       0
       0
       0
       0
       0
       0
       0
       0
       0
       0
       0
       0
       0
       0
       1
       0
       0
       0
       0
       0
       1
       0
       0
       0
       0
       0
       0
       0
       0
       0
       0
       0
       0
       0
       0
       0
       0
       0
       0
       0
       0
       0
       0
       0
       0
       0
       0
       0
       0
       0
       0
       0
       0
       0
       0
       0
       0
       0
       0
       0
       0
       0
       0
       0
       0
       0
       0
       0
       0
       0
       0
       0
       0
       0
       0
       0
       0
       0
       0
       0
       0
       0
       0
       0
       0
       0
       0
       0
       0
       0
       0
       0
       0
       0
       0
       0
       0
       0
       0
       0
       0
       1
       0
       0
       0
       0
       0
       0
       0
       0
       0
       1
       0
       0
       0
       0
       0
       0
       0
       0
       0
       0
       0
       0
       0
       0
       0
       0
       0
       0
       0
       0
       0
       0
       0
       0
       0
       0
       0
       0
       0
       1
       0
       0
       0
       0
       0
       0
       0
       0
       0
       0
       0
       0
       0
       0
       1
       0
       0
       0
       0
       0
       0
       0
       0
       0
       0
       0
       0
       0
       0
       0
       0
       0
       0
       0
       0
       0
       0
       0
       0
       0
       0
       0
       0
       0
       0
       0
       1
       0
       0
       0
       0
       0
       0
       0
       0
       0
       0
       0
       0
       0
       0
       0
       0
       0
       0
       0
       0
       0
       0
       0
       0
       0
       0
       0
       0
       0
       0
       0
       0
       0
       0
       0
       0
       0
       0
       0
       0
       0
       0
       0
       0
       0
       0
       0
       0
       0
       0
       0
       0
       0
       0
       0
       0
       0
       0
       0
       0
       0
       0
       0
       0
       0
       0
       0
       0
       0
       0
       0
       0
       0
       0
       0
       0
       0
       0
       0
       0
       0
       0
       0
       0
       0
       0
       0
       0
       0
       0
       0
       0
       0
       0
       0
       0
       1
       0
       0
       0
       0
       0
       0
       0
       0
       0
       0
       0
       0
       0
       0
       0
       0
       0
       0
       0
       0
       0
       0
       0
       0
       0
       0
       0
       0
       0
       0
       0
       0
       0
       0
       0
       0
       0
       0
       0
       0
       0
       0
       0
       0
       0
       0
       0
       0
       0
       0
       0
       0
       0
       0
       0
       0
       0
       0
       0
       0
       0
       0
       0
       0
       0
       0
       0
       0
       0
       0
       0
       0
       0
       0
       0
       0
       0
       0
       0
       0
       0
       0
       0
       0
       0
       0
       0
       0
       0
       0
       0
       0
       0
       0
       0
       0
       0
       0
       0
       0
       0
       0
       0
       0
       0
       0
       0
       0
       0
       1
       0
       0
       0
       0
       0
       0
       0
       0
       0
       0
       0
       0
       0
       0
       0
       0
       0
       0
       0
       0
       0
       0
       0
       0
       0
       0
       0
       0
       0
       0
       0
       0
       0
       0
       0
       0
       0
       0
       0
       0
       0
       0
       0
       0
       0
       0
       0
       0
       0
       0
       0
       0
       0
       0
       0
       0
       0
       0
       0
       0
       0
       0
       0
       0
       0
       0
       0
       0
       0
       0
       0
       0
       0
       0
       0
       0
       0
       0
       0
       0
       0
       0
       0
       0
       0
       0
       1
       0
       0
       0
       0
       0
       0
       0
       0
       0
       0
       0
       0
       0
       0
       0
       0
       0
       0
       0
       0
       0
       0
       0
       0
       0
       0
       0
       0
       0
       0
       0
       0
       0
       0
       0
       0
       0
       0
       0
       0
       0
       0
       0
       0
       0
       0
       0
       0
       0
       0
       0
       0
       0
       0
       0
       0
       0
       0
       0
       0
       0
       0
       0
       0
       0
       0
       0
       0
       0
       0
       0
       0
       0
       0
       0
       0
       0
       0
       0
       0
       0
       0
       0
       0
       0
       0
       0
       0
       0
       0
       0
       0
       0
       0
       0
       0
       0
       0
       0
       0
       0
       0
       0
       0
       0
       0
       0
       0
       0
       0
       0
       0
       0
       0
       0
       0
       0
       0
       0
       0
       0
       1
       0
       0
       0
       0
       0
       0
       0
       0
       0
       0
       0
       0
       0
       0
       0
       0
       0
       0
       0
       0
       0
       0
       0
       0
       0
       0
       0
       0
       0
       0
       0
       0
       0
       0
       0
       0
       0
       0
       0
       0
       0
       0
       0
       0
       0
       0
       0
       0
       0
       0
       0
       0
       0
       0
       0
       0
       0
       0
       0
       0
       0
       0
       0
       0
       0
       0
       0
       0
       0
       0
       0
       0
       0
       0
       0
       0
       0
       1
       0
       0
       0
       0
       0
       0
       0
       0
       0
       0
       0
       0
       0
       1
       0
       0
       0
       0
       0
       0
       0
       0
       0
       2
       0
       1
       0
       0
       0
       0
       0
       0
       0
       0
       0
       0
       0
       0
       0
       0
       1
       0
       0
       0
       0
       0
       0
       0
       0
       0
       0
       0
       0
       0
       0
       0
       0
       0
       0
       0
       0
       0
       0
       0
       0
       0
       0
       0
       0
       0
       0
       0
       0
       0
       0
       0
       0
       0
       0
       0
       0
       0
       0
       0
       0
       0
       0
       0
       0
       0
       0
       0
       0
       0
       0
       0
       0
       0
       0
       0
       0
       0
       0
       0
       0
       0
       0
       0
       0
       0
       0
       0
       0
       0
       0
       0
       0
       0
       0
       0
       0
       0
       0
       0
       0
       0
       0
       0
       0
       0
       0
       0
       0
       0
       0
       0
       0
       0
       0
       0
       0
       0
       0
       0
       0
       0
       0
       0
       0
       0
       0
       0
       0
       0
       0
       0
       0
       0
       0
       0
       0
       0
       0
       0
       0
       0
       0
       0
       0
       0
       0
       0
       0
       0
       1
       0
       0
       0
       0
       0
       0
       0
       0
       0
       0
       0
       0
       0
       0
       0
       0
       0
       0
       0
       0
       0
       0
       0
       0
       0
       0
       0
       0
       0
       0
       0
       0
       0
       0
       0
       0
       0
       0
       0
       0
       0
       0
       0
       0
       0
       0
       0
       0
       0
       0
       0
       0
       0
       0
       0
       0
       0
       0
       0
       0
       0
       0
       0
       0
       0
       0
       0
       0
       0
       0
       0
       0
       0
       0
       0
       0
       0
       0
       1
       0
       0
       0
       0
       0
       0
       0
       0
       0
       0
       0
       0
       0
       0
       0
       0
       0
       0
       0
       0
       0
       0
       0
       0
       0
       0
       0
       0
       0
       0
       0
       0
       0
       0
       0
       0
       0
       0
       0
       0
       0
       0
       0
       0
       0
       0
       0
       0
       0
       0
       0
       0
       0
       0
       0
       0
       0
       0
       0
       0
       0
       0
       0
       0
       0
       0
       0
       0
       0
       0
       0
       0
       0
       0
       0
       0
       0
       0
       0
       0
       0
       0
       0
       0
       0
       0
       0
       0
       0
       0
       0
       0
       0
       0
       1
       0
       0
       0
       0
       0
       0
       0
       0
       0
       0
       0
       0
       0
       0
       0
       0
       0
       0
       0
       0
       0
       0
       0
       0
       0
       0
       0
       0
       1
       0
       0
       0
       0
       0
       0
       0
       0
       0
       0
       0
       0
       0
       0
       0
       0
       0
       0
       0
       0
       0
       0
       0
       0
       1
       0
       0
       0
       0
       0
       0
       0
       0
       0
       0
       0
       0
       0
       0
       0
       0
       0
       0
       0
       0
       0
       0
       0
       0
       0
       0
       0
       0
       0
       0
       0
       0
       0
       0
       0
       0
       0
       0
       0
       0
       0
       0
       0
       0
       0
       0
       0
       0
       0
       0
       0
       0
       0
       0
       0
       0
       0
       0
       0
       0
       0
       0
       0
       0
       0
       0
       0
       0
       0
       0
       0
       0
       0
       0
       0
       0
       0
       0
       0
       0
       0
       0
       0
       0
       0
       0
       0
       0
       0
       0
       0
       0
       0
       0
       0
       0
       0
       0
       0
       0
       0
       0
       0
       0
       0
       0
       0
       0
       0
       0
       0
       0
       0
       0
       0
       0
       0
       0
       0
       0
       0
       0
       0
       0
       0
       0
       0
       0
       0
       0
       0
       0
       0
       0
       0
       0
       0
       0
       0
       0
       0
       0
       0
       0
       0
       0
       0
       0
       0
       0
       0
       0
       0
       0
       0
       0
       0
       0
       0
       0
       0
       0
       0
       0
       0
       0
       0
       0
       0
       0
       0
       0
       0
       0
       0
       0
       0
       0
       0
       0
       0
       0
       0
       0
       0
       0
       0
       0
       0
       0
       0
       0
       0
       0
       0
       0
       0
       0
       0
       0
       0
       0
       0
       0
       0
       0
       0
       0
       0
       0
       0
       0
       0
       0
       0
       0
       0
       0
       0
       0
       0
       0
       0
       0
       0
       0
       0
       0
       0
       0
       0
       0
       0
       0
       0
       0
       0
       0
       0
       0
       0
       0
       0
       0
       0
       0
       0
       0
       0
       0
       0
       0
       0
       0
       0
       0
       0
       0
       0
       0
       0
       0
       0
       0
       0
       0
       0
       0
       0
       0
       0
       0
       0
       0
       0
       0
       0
       0
       0
       0
       0
       0
       0
       0
       0
       0
       0
       0
       0
       0
       0
       0
       0
       0
       0
       0
       0
       0
       0
       0
       0
       0
       0
       0
       0
       0
       0
       0
       0
       0
       0
       0
       0
       0
       0
       0
       0
       0
       0
       0
       0
       0
       0
       0
       0
       0
       0
       0
       0
       0
       0
       0
       0
       0
       0
       0
       0
       0
       0
       0
       0
       0
       0
       0
       0
       0
       0
       0
       0
       0
       0
       0
       0
       0
       0
       0
       0
       0
       0
       0
       0
       0
       0
       0
       0
       0
       0
       0
       0
       0
       0
       0
       0
       0
       0
       0
       0
       0
       0
       0
       0
       0
       0
       0
       0
       0
       0
       0
       0
       0
       0
       0
       0
       0
       0
       0
       0
       0
       0
       0
       0
       0
       0
       0
       0
       0
       0
       0
       0
       0
       0
       0
       0
       0
       0
       0
       0
       0
       0
       0
       0
       0
       0
       0
       0
       0
       0
       0
       0
       0
       0
       0
       0
       0
       0
       0
       0
       0
       0
       0
       0
       0
       0
       0
       0
       0
       0
       0
       0
       0
       0
       0
       0
       0
       0
       0
       0
       0
       0
       0
       0
       0
       0
       0
       0
       0
       0
       0
       0
       0
       0
       0
       0
       0
       0
       0
       0
       0
       0
       0
       0
       0
       0
       0
       0
       0
       0
       0
       0
       0
       0
       0
       0
       0
       0
       0
       0
       0
       0
       0
       0
       0
       0
       0
       0
       0
       0
       0
       0
       0
       0
       0
       0
       0
       0
       0
       0
       0
       0
       0
       0
       0
       0
       0
       0
       0
       0
       0
       0
       0
       0
       0
       0
       0
       0
       0
       0
       0
       0
       0
       0
       0
       0
       0
       0
       0
       0
       0
       0
       0
       0
       0
       0
       0
       0
       0
       0
       0
       0
       0
       0
       0
       0
       0
       0
       0
       0
       0
       0
       0
       0
       0
       0
       0
       0
       0
       0
       0
       0
       0
       0
       0
       0
       0
       0
       0
       0
       0
       0
       0
       0
       0
       0
       0
       0
       0
       0
       0
       0
       0
       0
       0
       0
       0
       0
       0
       0
       0
       0
       0
       0
       0
       0
       0
       0
       0
       0
       0
       0
       0
       0
       0
       0
       0
       0
       0
       0
       0
       0
       0
       0
       0
       0
       0
       0
       0
       0
       0
       0
       0
       0
       0
       0
       0
       0
       0
       0
       0
       0
       0
       0
       0
       0
       0
       0
       0
       0
       0
       0
       0
       0
       0
       0
       0
       0
       0
       0
       0
       0
       0
       0
       0
       0
       0
       0
       0
       0
       0
       0
       0
       0
       0
       0
       0
       0
       0
       0
       0
       0
       0
       0
       0
       0
       0
       0
       0
       0
       0
       0
       0
       0
       0
       0
       0
       0
       0
       0
       0
       0
       0
       0
       0
       0
       0
       0
       0
       0
       0
       0
       0
       0
       0
       0
       0
       0
       0
       0
       0
       0
       0
       0
       0
       0
       0
       0
       0
       0
       0
       0
       0
       0
       0
       0
       0
       0
       0
       0
       0
       0
       0
       0
       0
       0
       0
       0
       0
       0
       0
       0
       0
       0
       0
       0
       0
       0
       0
       0
       0
       0
       0
       0
       0
       0
       0
       0
       0
       0
       0
       0
       0
       0
       0
       0
       0
       0
       0
       0
       0
       0
       0
       0
       0
       0
       0
       0
       0
       0
       0
       0
       0
       0
       0
       0
       0
       0
       0
       0
       0
       0
       0
       0
       0
       0
       0
       0
       0
       0
       0
       0
       0
       0
       0
       0
       0
       0
       0
       0
       0
       0
       0
       0
       0
       0
       0
       0
       0
       0
       0
       0
       0
       0
       0
       0
       0
       0
       0
       0
       0
       0
       0
       0
       0
       0
       0
       0
       0
       0
       0
       0
       0
       0
       0
       0
       0
       0
       0
       0
       0
       0
       0
       0
       0
       0
       0
       0
       0
       0
       0
       0
       0
$ROI:
0
$PRESETS:
None
0
0
$ENER_FIT:
-0.479377 0.397317
$MCA_CAL:
3
-4.793768E-001 3.973171E-001 -2.936620E-009 keV
$SHAPE_CAL:
3
2.913355E+000 2.829383E-003 4.133060E-008
