$SPEC_ID:
Pulser
$SPEC_REM:
DET# 2
DETDESC# DETECTOR 2
AP# GammaVision Version 7.01.03
$DATE_MEA:
04/26/2017 16:36:20
$MEAS_TIM:
1725 1903
$DATA:
0 8191
       0
       0
       0
       0
       0
       0
       0
       0
       0
       0
       0
       0
       0
       0
       0
       0
       0
       0
       0
       0
       0
       0
       1
     649
   30506
   35603
   20802
   17683
   16774
   16994
   17627
   19517
   22127
   26044
   32003
   39369
   40722
   33390
   24568
   19771
   19046
   19490
   21051
   22589
   23165
   22091
   19628
   18378
   17969
   18082
   18626
   19071
   20093
   21279
   23555
   27460
   34339
   49056
   89962
  191851
  347102
  423888
  327585
  165975
   66531
   38024
   42849
   70776
  116644
  140970
  116868
   70647
   36325
   21405
   16961
   16424
   16124
   16045
   16279
   16494
   16382
   16604
   15968
   16408
   16551
   16482
   16520
   16426
   16450
   16530
   16422
   16672
   16675
   16622
   16702
   16619
   16811
   16798
   16774
   16630
   16705
   16883
   16636
   16968
   16905
   16887
   17014
   16956
   17124
   17021
   17065
   17170
   16858
   17150
   17331
   17336
   17369
   17312
   17340
   17578
   17768
   17966
   18175
   17837
   18028
   17812
   17898
   17854
   18128
   18273
   18542
   18392
   18043
   18168
   18438
   18123
   18197
   18438
   18471
   18360
   18629
   18718
   18536
   18812
   18727
   19151
   19108
   19370
   19722
   19699
   19694
   19857
   19895
   19858
   20036
   19859
   20002
   19995
   20031
   19914
   20267
   20250
   20355
   20622
   20527
   20684
   20796
   20468
   20502
   20441
   20736
   20889
   20730
   20847
   21008
   20908
   20778
   21026
   21321
   21223
   22431
   25646
   33232
   42291
   43344
   36699
   31670
   36947
   51781
   61414
   53877
   37311
   25513
   20855
   19532
   19428
   19361
   19319
   19115
   19441
   19214
   19349
   19520
   19351
   19162
   19311
   19636
   19226
   19124
   19330
   19935
   22365
   27271
   33243
   35191
   31814
   25484
   21508
   20616
   21931
   23156
   23063
   21485
   19712
   18394
   18298
   18253
   18251
   18274
   18578
   18199
   18561
   18393
   18671
   18773
   18421
   18547
   18789
   18294
   18499
   18912
   18856
   19312
   18799
   19169
   19054
   19427
   19604
   19289
   19499
   19361
   19466
   19627
   19694
   19661
   19859
   19820
   19890
   19978
   20304
   20511
   20741
   20522
   20722
   20682
   20609
   20963
   20900
   20784
   21132
   20995
   21143
   21043
   21267
   21255
   21504
   21874
   21950
   21767
   21916
   21923
   22037
   22088
   21902
   21970
   21939
   21865
   22048
   21751
   21890
   21745
   21538
   21574
   22308
   21865
   21702
   21893
   21908
   21566
   21505
   21666
   21553
   21641
   21508
   21371
   21628
   21201
   21390
   21403
   21297
   21283
   21323
   20957
   21138
   21139
   21380
   21446
   21466
   21464
   21623
   21780
   21306
   21343
   21325
   21351
   21602
   21464
   21637
   21551
   21651
   21880
   21453
   21560
   21823
   21520
   21513
   21888
   21810
   21623
   21756
   21852
   21902
   21703
   21895
   21999
   22088
   22146
   22382
   22455
   22438
   22805
   22533
   22651
   22921
   23005
   23059
   23287
   23409
   23509
   23997
   24280
   24543
   25204
   25956
   26408
   27509
   28455
   29067
   29822
   30276
   31291
   31660
   31713
   32198
   32003
   32212
   32057
   31964
   31977
   31952
   31669
   31820
   31796
   31551
   31420
   31607
   31309
   31849
   31479
   31519
   31020
   31458
   31789
   31398
   31554
   31624
   31450
   31595
   31484
   31379
   31384
   31240
   31308
   31164
   31225
   31124
   31025
   30933
   30824
   31012
   30920
   30737
   30980
   30658
   30652
   30544
   30649
   30569
   30701
   30869
   30226
   30573
   30389
   30417
   30614
   30429
   30809
   31558
   36346
   49989
   76600
  109909
  127251
  118578
   88346
   57731
   39590
   32334
   30853
   30521
   30093
   30495
   30386
   29990
   30323
   30316
   30441
   30236
   30620
   30498
   30737
   30378
   30348
   30395
   30323
   30325
   30267
   30493
   30279
   30527
   29950
   30395
   30409
   29977
   29867
   29879
   29668
   29656
   29540
   29320
   29084
   29097
   29100
   29013
   29290
   32263
   44285
   71629
  114223
  154057
  162115
  134980
   89037
   51337
   31516
   24004
   22102
   21493
   21046
   20623
   20348
   20044
   19547
   19118
   18888
   18511
   18337
   18135
   17898
   17574
   17312
   17286
   17015
   16836
   16448
   16475
   16036
   15851
   16149
   15906
   15826
   15629
   15154
   15214
   15343
   14987
   15060
   14699
   14655
   14622
   14331
   14128
   14158
   13958
   13888
   13651
   13890
   13632
   13426
   13307
   13204
   13455
   13025
   13084
   12886
   12818
   12625
   12640
   12484
   12421
   12320
   12286
   12083
   12127
   11985
   11877
   11844
   11712
   11627
   11436
   11275
   11141
   11138
   11172
   10959
   10888
   10809
   10935
   10636
   10677
   10430
   10457
   10294
   10157
   10060
   10099
   10004
    9881
    9865
    9830
    9891
    9811
    9677
    9503
    9538
    9654
    9429
    9237
    9122
    9237
    9136
    9220
    9300
    9201
    9149
    9045
    8816
    8649
    8577
    8493
    8411
    8331
    8296
    8319
    8158
    8107
    8026
    8102
    7897
    7879
    7863
    7736
    7687
    7534
    7586
    7627
    7593
    7141
    7270
    7304
    7261
    7344
    7597
    8643
   12885
   23326
   41772
   63979
   80498
   81280
   64477
   40711
   21781
   11765
    7823
    6952
    6565
    6620
    6437
    6399
    6355
    6424
    6314
    6285
    6469
    6321
    6265
    6250
    6184
    6077
    5953
    5974
    6078
    6070
    6054
    5956
    5974
    6068
    5938
    5743
    5645
    5729
    5910
    5766
    5998
    6295
    6459
    6733
    6665
    6437
    6071
    5722
    5614
    5444
    5435
    5429
    5408
    5439
    5437
    5430
    5462
    5511
    5390
    5435
    5398
    5547
    5530
    5480
    5478
    5412
    5150
    5187
    5310
    5191
    5323
    5185
    5262
    5260
    5168
    5011
    5006
    5063
    4963
    4906
    5170
    5012
    4953
    5064
    4917
    4994
    4826
    4856
    4925
    4952
    4877
    4805
    4841
    4922
    4787
    4682
    4724
    4823
    4875
    4737
    4733
    4662
    4780
    4693
    4608
    4598
    4576
    4621
    4536
    4534
    4548
    4655
    4458
    4496
    4563
    4463
    4503
    4484
    4469
    4430
    4361
    4393
    4350
    4271
    4330
    4276
    4236
    4262
    4407
    4257
    4329
    4236
    4298
    4147
    4318
    4227
    4244
    4256
    4316
    4269
    4075
    4190
    4025
    4142
    4071
    4036
    4102
    4115
    4000
    3996
    4043
    4128
    4065
    4081
    3935
    3975
    3934
    3902
    4017
    4005
    3860
    3927
    3943
    3818
    3877
    3858
    3877
    3846
    3877
    3845
    3767
    3765
    3807
    3880
    3806
    3822
    3862
    3805
    3765
    3766
    3776
    3838
    3736
    3732
    3860
    3750
    3852
    3864
    3772
    3809
    3748
    3765
    3905
    3852
    3738
    3792
    3786
    3721
    3634
    3672
    3731
    3736
    3697
    3868
    3857
    4018
    4053
    3928
    3819
    3965
    3697
    3717
    3611
    3687
    3684
    3717
    3712
    3754
    3677
    3793
    3774
    3836
    3825
    4016
    4429
    6225
   13671
   39539
  107425
  250464
  491151
  813741
 1130790
 1304342
 1226722
  932798
  567356
  276859
  109231
   36603
   12418
    6314
    5021
    4565
    4459
    4423
    4374
    4383
    4310
    4036
    3834
    3612
    3414
    3309
    3232
    3150
    3200
    3041
    2975
    2888
    2889
    2855
    2847
    2764
    2600
    2730
    2734
    2612
    2685
    2680
    2684
    2696
    2623
    2641
    2582
    2549
    2551
    2649
    2416
    2667
    2484
    2482
    2533
    2535
    2533
    2516
    2515
    2591
    2641
    2713
    2713
    2796
    2637
    2734
    2646
    2394
    2341
    2087
    1896
    2009
    1937
    1962
    1920
    1866
    1817
    1852
    1779
    1747
    1728
    1757
    1710
    1701
    1669
    1647
    1676
    1686
    1766
    1683
    1665
    1653
    1648
    1634
    1603
    1644
    1638
    1583
    1557
    1659
    1563
    1579
    1565
    1585
    1556
    1492
    1585
    1572
    1586
    1510
    1557
    1562
    1577
    1549
    1550
    1541
    1515
    1481
    1554
    1536
    1556
    1460
    1457
    1466
    1482
    1424
    1372
    1458
    1406
    1323
    1443
    1391
    1397
    1427
    1379
    1425
    1411
    1441
    1589
    1879
    2524
    3521
    5103
    6734
    7845
    8050
    7255
    5413
    3651
    2550
    1811
    1583
    1436
    1465
    1410
    1390
    1373
    1389
    1325
    1403
    1382
    1377
    1324
    1343
    1334
    1354
    1341
    1364
    1327
    1302
    1332
    1338
    1275
    1295
    1261
    1368
    1333
    1327
    1346
    1303
    1358
    1347
    1327
    1294
    1299
    1293
    1389
    1347
    1345
    1313
    1344
    1289
    1310
    1401
    1375
    1328
    1334
    1383
    1298
    1413
    1471
    1574
    1557
    1838
    2042
    2185
    2322
    2384
    2226
    1858
    1633
    1384
    1263
    1209
    1131
    1174
    1195
    1138
    1111
    1147
    1198
    1091
    1092
    1107
    1082
    1071
    1158
    1092
    1151
    1144
    1103
    1133
    1094
    1040
    1058
    1092
    1105
    1075
    1078
    1113
    1070
    1060
    1086
    1125
    1049
    1052
    1075
    1062
    1071
    1129
    1054
    1010
    1058
    1092
     991
    1116
    1007
    1049
    1026
    1014
     974
     999
    1071
    1051
     971
     996
     960
    1040
     967
     972
     971
     964
     972
     919
     923
     976
    1001
     983
     950
     930
     950
     906
     946
     969
     925
    1015
     945
     926
     993
     936
    1016
     945
     939
     940
    1001
     915
     961
     931
     921
     878
     925
     940
     994
     961
     913
     891
     888
     912
     919
     948
     919
     900
     941
     853
     933
     942
     886
     929
     977
     928
     952
     998
     965
     931
     920
     888
     895
     927
     928
     912
     928
     849
     837
     904
     934
     906
     918
     917
     914
     913
     920
     871
     869
     861
     894
     895
     880
     920
     869
     855
     836
     840
     879
     830
     866
     882
     853
     887
     866
     886
     882
     854
     910
     921
     828
     856
     802
     898
     898
     877
     872
     860
     907
     886
     916
     871
     852
     863
     910
     819
     860
     843
     824
     879
     815
     800
     834
     831
     845
     846
     877
     982
    1136
    1429
    1624
    2057
    2570
    2787
    2773
    2653
    2126
    1764
    1322
    1113
     976
    1010
    1042
    1199
    1402
    1591
    1732
    1687
    1592
    1435
    1175
    1042
     910
     845
     802
     788
     827
     810
     887
     823
     840
     854
     838
     763
     844
     840
     827
     873
     888
     902
     869
     838
     836
     877
     780
     800
     804
     799
     803
     815
     812
     819
     857
     836
     812
     759
     783
     793
     739
     738
     717
     737
     771
     761
     731
     774
     773
     779
     739
     762
     778
     767
     737
     762
     775
     753
     726
     750
     755
     752
     710
     724
     797
     752
     834
    1020
    1228
    1662
    2255
    3097
    4223
    5440
    6454
    7018
    6686
    5770
    4087
    2784
    1768
    1122
     930
     727
     706
     659
     645
     671
     628
     610
     653
     603
     614
     644
     598
     590
     616
     582
     588
     603
     593
     552
     556
     608
     568
     573
     544
     550
     554
     553
     570
     540
     520
     520
     553
     556
     547
     539
     550
     501
     468
     485
     530
     548
     519
     487
     494
     476
     495
     537
     519
     535
     484
     496
     528
     494
     530
     523
     521
     487
     573
     550
     565
     642
     889
    1254
    1891
    2762
    4057
    5826
    7792
    9361
   10149
    9921
    8424
    6257
    4005
    2530
    1492
     955
     708
     520
     512
     502
     484
     511
     470
     481
     532
     494
     465
     519
     434
     428
     465
     476
     485
     466
     457
     493
     469
     473
     505
     478
     482
     457
     480
     504
     469
     463
     472
     447
     449
     481
     472
     482
     443
     455
     466
     460
     493
     480
     450
     461
     459
     451
     514
     504
     519
     546
     573
     567
     567
     529
     491
     449
     478
     410
     437
     426
     418
     402
     382
     389
     385
     393
     366
     358
     426
     406
     398
     399
     364
     439
     367
     347
     379
     404
     398
     354
     393
     388
     420
     401
     377
     369
     376
     346
     373
     383
     367
     396
     361
     375
     419
     384
     363
     386
     404
     314
     370
     371
     361
     378
     376
     392
     389
     389
     358
     447
     458
     560
     570
     618
     620
     531
     535
     478
     447
     410
     381
     347
     418
     353
     369
     386
     376
     320
     333
     372
     399
     419
     523
     645
     775
    1037
    1435
    1847
    2436
    3015
    3347
    3550
    3245
    2717
    2130
    1325
     910
     625
     536
     410
     369
     345
     352
     375
     326
     354
     382
     380
     364
     374
     356
     371
     343
     359
     358
     366
     376
     343
     326
     355
     388
     323
     362
     349
     317
     340
     367
     365
     352
     364
     363
     359
     334
     326
     361
     355
     337
     367
     334
     341
     362
     338
     348
     359
     384
     384
     362
     391
     407
     425
     482
     452
     486
     454
     425
     400
     331
     360
     372
     364
     374
     372
     361
     365
     349
     332
     360
     358
     349
     330
     363
     377
     342
     367
     349
     352
     366
     362
     388
     373
     364
     378
     403
     424
     398
     442
     489
     488
     588
     670
     744
     803
     823
     849
     783
     695
     594
     520
     455
     459
     422
     426
     416
     411
     396
     395
     407
     456
     406
     420
     423
     461
     490
     495
     484
     494
     499
     546
     465
     503
     567
     590
     604
     639
     679
     750
     798
     818
     755
     647
     541
     460
     361
     321
     245
     205
     219
     248
     207
     205
     214
     226
     246
     233
     207
     208
     184
     232
     197
     193
     180
     207
     224
     174
     217
     215
     216
     182
     237
     214
     192
     218
     214
     194
     205
     182
     216
     179
     211
     192
     223
     180
     189
     200
     189
     210
     233
     247
     270
     278
     325
     339
     325
     381
     422
     394
     412
     379
     322
     280
     235
     222
     238
     204
     197
     179
     199
     200
     224
     174
     190
     176
     203
     189
     189
     184
     187
     205
     221
     197
     217
     208
     241
     223
     266
     263
     293
     297
     315
     278
     257
     247
     235
     213
     214
     175
     189
     177
     199
     161
     175
     190
     180
     177
     185
     193
     168
     190
     183
     193
     182
     181
     209
     200
     201
     205
     190
     189
     232
     229
     260
     340
     497
     684
     917
    1416
    1946
    2728
    3647
    4843
    5740
    6276
    6730
    6466
    5408
    4244
    2951
    1849
    1163
     721
     430
     270
     219
     203
     186
     197
     196
     169
     159
     189
     187
     192
     178
     204
     169
     154
     189
     185
     164
     164
     171
     191
     181
     185
     173
     173
     168
     168
     175
     177
     196
     175
     179
     175
     186
     167
     184
     169
     163
     174
     152
     168
     175
     195
     201
     157
     194
     162
     155
     178
     183
     201
     171
     177
     176
     145
     188
     173
     191
     145
     175
     197
     175
     138
     143
     166
     140
     155
     180
     172
     150
     152
     159
     143
     145
     138
     150
     181
     128
     174
     153
     151
     161
     174
     136
     153
     157
     145
     178
     154
     138
     153
     147
     147
     146
     163
     151
     158
     169
     164
     167
     147
     151
     142
     139
     150
     135
     154
     125
     138
     158
     150
     156
     124
     145
     147
     128
     132
     163
     153
     156
     140
     148
     164
     145
     160
     137
     130
     172
     138
     133
     161
     136
     129
     132
     139
     138
     151
     155
     165
     160
     134
     126
     130
     148
     120
     132
     148
     143
     145
     148
     154
     139
     150
     122
     156
     134
     135
     154
     141
     148
     135
     146
     165
     151
     144
     126
     140
     135
     143
     150
     157
     156
     179
     180
     166
     145
     160
     169
     140
     132
     127
     129
     139
     140
     131
     123
     124
     122
     122
     124
     121
     136
     129
     119
     147
     137
     155
     125
     133
     128
     131
     164
     129
     130
     130
     114
     133
     110
     137
     145
     115
     107
     110
     130
     126
     125
     143
     127
     142
     133
     149
     141
     132
     134
     162
     143
     164
     157
     153
     135
     129
     117
     138
     123
     130
     129
     136
     129
     106
     125
     124
     135
     130
     132
     132
     124
     110
     119
     118
     121
     131
     129
     129
     122
     119
     116
     107
     121
     123
     109
     139
     128
     160
     105
     126
     114
      99
     135
     104
     126
     127
     129
     105
     129
     128
     119
     114
     127
     130
     135
     104
     109
     112
     127
     111
     133
     110
     137
     123
     114
     111
     111
     128
     128
     128
     153
     135
     122
     129
     120
     128
     132
     129
     133
     153
     129
     144
     153
     174
     166
     141
     117
     156
     147
     140
     115
     122
     104
     108
     126
     113
     115
     117
     124
     108
     105
     117
     109
     123
     126
     118
     113
     118
     121
     133
     141
     122
     130
     133
     108
     106
     111
     110
     123
     109
     102
     109
     125
     100
     117
     109
     116
     109
     111
      90
     104
     105
     102
     107
     100
     124
     109
     117
     115
     119
      91
     111
     106
     118
     105
     108
      96
     107
      88
     111
     129
     108
     126
     114
     122
     116
     115
     110
     165
     152
     180
     195
     244
     267
     300
     363
     367
     356
     375
     334
     318
     244
     200
     145
     134
     130
     115
     107
     102
     101
     103
     126
      99
     119
      84
     111
     121
     122
      99
     102
     103
      90
     101
     102
     112
     106
     111
      84
      99
     100
     102
      93
      87
      75
      99
      97
      92
      97
      95
     119
     118
      86
      99
     102
     103
      96
      99
      86
      87
      88
      99
      94
     110
      93
      91
     107
     108
     115
     127
     122
      89
      97
      97
      94
      99
      78
      82
      87
      97
     100
      83
     105
      93
      81
      88
     103
      95
      98
      95
      98
      95
      93
      91
     114
      77
      95
      80
      85
      85
      82
      75
      84
      96
     100
      78
     102
      85
      85
      93
      91
     104
      90
      78
      82
      76
      78
      97
      77
      90
      84
     108
      82
      73
      75
     102
      90
      86
     105
      92
     131
      96
     149
     137
     122
     148
     154
     208
     241
     222
     240
     267
     247
     232
     222
     206
     150
     126
     121
      93
      85
      90
      88
      76
      96
      86
      72
      83
      84
      72
      76
      81
      85
      84
     106
      87
      97
      97
      94
      87
     101
      84
      88
      62
      72
      76
      94
      65
      88
      88
      68
      74
      79
     101
      93
      67
      77
      83
      76
      80
      82
      73
      73
      76
      80
      82
      87
      76
      78
      69
      80
      90
      80
      91
      70
      77
      82
      72
      91
      63
      81
      90
      80
      61
      76
      63
      77
      97
      76
      80
      69
      80
      79
      79
      78
      79
      86
      86
      89
      67
      90
      77
      68
      80
      81
      81
      73
      75
      78
      63
      83
      60
      72
      92
      72
      76
      76
      61
      79
      86
      66
      64
      63
      58
      79
      68
      88
      77
      79
      71
      62
      81
      82
      63
      79
      60
      71
      80
      71
      71
      70
      80
      79
      66
      70
      64
      64
      48
      71
      71
      87
      77
      91
      69
      84
      90
      94
      91
     101
     113
      79
      94
      86
      87
     115
      63
      88
      74
      70
      74
      80
      81
      73
      80
      67
      73
      66
      90
      77
      79
      63
      82
      79
      74
      69
      70
      74
      79
      72
      90
      77
      86
      87
      74
      61
      65
      61
      81
      62
      69
      79
      71
      80
      53
      72
      68
      82
      54
      66
      62
      46
      67
      66
      53
      64
      78
      82
      56
      74
      69
      75
      60
      70
      70
      77
      56
      77
      46
      73
      64
      57
      74
      67
      55
      66
      79
      64
      75
      73
      69
      56
      60
      66
      71
      68
      62
      65
      51
      64
      78
      62
      61
      71
      69
      59
      74
      55
      79
      44
      69
      78
      74
      62
      60
      73
      59
      67
      60
      59
      51
      68
      66
      76
      60
      73
      62
      70
      66
      93
      64
      56
      67
      64
      64
      77
      82
      63
      70
      72
      71
      67
      58
      64
      69
      67
      56
      72
      56
      68
      77
      77
      69
      57
      64
      64
      57
      59
      70
      54
      49
      56
      60
      63
      60
      66
      68
      62
      81
      67
      71
      77
      71
      75
      69
      50
      65
      48
      58
      57
      68
      56
      61
      62
      77
      63
      60
      69
      55
      61
      74
      49
      66
      63
      66
      62
      38
      63
      65
      52
      66
      63
      55
      58
      57
      57
      64
      65
      54
      46
      50
      53
      58
      67
      57
      52
      61
      72
      59
      47
      53
      66
      44
      55
      63
      54
      60
      69
      58
      51
      67
      54
      54
      72
      55
      48
      67
      72
      63
      62
      54
      50
      56
      48
      58
      62
      52
      67
      58
      57
      44
      61
      77
      55
      60
      73
      71
      62
      75
      79
      73
      84
      83
      98
      94
      92
      91
     101
      84
      76
      65
      67
      74
      60
      60
      71
      67
      66
      67
      71
      67
      75
      57
      60
      52
      52
      47
      63
      49
      42
      52
      47
      52
      57
      68
      48
      47
      60
      59
      46
      54
      53
      51
      51
      49
      64
      57
      60
      40
      55
      50
      49
      63
      59
      72
      63
      50
      56
      55
      58
      64
      43
      54
      53
      52
      44
      63
      53
      48
      54
      59
      62
      64
      63
      52
      53
      47
      58
      42
      56
      47
      52
      51
      50
      52
      48
      43
      50
      45
      56
      43
      54
      54
      44
      54
      48
      38
      37
      49
      50
      48
      37
      48
      49
      46
      52
      49
      45
      52
      51
      37
      46
      45
      42
      41
      42
      53
      46
      42
      45
      44
      26
      43
      48
      47
      33
      40
      36
      45
      36
      34
      36
      42
      39
      47
      45
      47
      42
      59
      34
      36
      44
      42
      40
      51
      44
      43
      45
      50
      55
      33
      39
      56
      42
      50
      40
      47
      38
      57
      33
      37
      47
      46
      41
      40
      36
      42
      48
      43
      44
      39
      46
      32
      33
      48
      47
      43
      39
      50
      35
      38
      47
      30
      35
      40
      39
      41
      42
      39
      37
      39
      38
      42
      41
      32
      31
      37
      30
      34
      35
      39
      40
      38
      32
      45
      43
      32
      43
      32
      35
      36
      35
      39
      31
      34
      36
      25
      48
      36
      36
      52
      42
      35
      41
      36
      48
      37
      36
      42
      40
      33
      39
      27
      39
      43
      32
      35
      29
      49
      50
      38
      43
      24
      37
      36
      35
      43
      27
      37
      47
      35
      26
      38
      27
      35
      28
      27
      40
      34
      30
      34
      31
      35
      40
      24
      41
      34
      37
      34
      41
      32
      36
      36
      35
      41
      45
      37
      29
      25
      32
      38
      30
      40
      42
      31
      29
      31
      38
      33
      35
      35
      40
      37
      36
      36
      21
      24
      34
      36
      18
      29
      36
      31
      28
      43
      40
      34
      42
      24
      38
      30
      48
      40
      34
      35
      32
      31
      36
      39
      31
      40
      33
      28
      47
      29
      29
      32
      31
      32
      26
      31
      36
      20
      35
      34
      34
      34
      35
      30
      33
      38
      37
      31
      36
      34
      22
      30
      22
      29
      33
      33
      31
      36
      26
      33
      31
      21
      34
      23
      35
      28
      35
      41
      31
      23
      26
      29
      30
      22
      27
      29
      43
      38
      26
      29
      24
      34
      26
      24
      34
      29
      27
      24
      32
      25
      27
      32
      38
      39
      31
      37
      35
      41
      22
      41
      33
      48
      35
      30
      38
      39
      33
      34
      35
      33
      29
      32
      22
      34
      31
      29
      37
      27
      30
      28
      25
      28
      28
      22
      33
      27
      25
      22
      27
      29
      15
      30
      25
      29
      23
      22
      21
      22
      23
      27
      22
      27
      35
      24
      16
      35
      29
      26
      27
      30
      21
      18
      31
      24
      29
      29
      32
      24
      21
      27
      36
      31
      35
      25
      24
      32
      32
      27
      43
      44
      59
      70
      63
      60
      83
      80
      80
      94
      77
      90
      61
      60
      63
      46
      43
      27
      29
      30
      31
      25
      35
      37
      33
      39
      48
      43
      60
      56
      73
      66
      79
      96
      74
      90
      87
     104
      78
     104
      95
      76
      69
      80
      94
      84
      93
     109
     127
     118
     126
     125
     145
     157
     147
     114
      93
      61
      61
      56
      29
      36
      35
      28
      33
      25
      25
      28
      23
      27
      28
      31
      29
      28
      33
      41
      52
      39
      52
      55
      47
      49
      45
      63
      47
      53
      49
      45
      34
      24
      23
      20
      35
      21
      23
      31
      19
      27
      23
      24
      32
      26
      21
      21
      20
      33
      21
      34
      27
      38
      24
      33
      19
      24
      30
      24
      23
      30
      23
      19
      21
      26
      18
      16
      14
      33
      25
      22
      19
      10
      23
      11
      21
      19
      17
      28
      22
      16
      19
      26
      34
      20
      19
      19
      16
      22
      16
      15
      17
      21
      22
      25
      26
      24
      19
      18
      22
      19
      25
      25
      22
      20
      23
      22
      17
      15
      17
      25
      21
      20
      23
      21
      14
      23
      16
      19
      16
      28
      22
      12
      20
      19
      24
      26
      28
      24
      17
      23
      27
      22
      24
      27
      34
      31
      22
      27
      37
      16
      36
      24
      32
      26
      18
      16
      20
      23
      23
      19
      25
      19
      24
      15
      27
      19
      21
      34
      31
      30
      37
      34
      41
      40
      38
      47
      38
      38
      32
      31
      33
      33
      28
      31
      28
      28
      18
      24
      22
      24
      22
      26
      18
      17
      18
      24
      22
      16
      20
      14
      25
      18
      17
      22
      24
      28
      18
      21
      36
      25
      35
      40
      44
      44
      64
      43
      62
      81
      89
      96
      87
     126
     125
     108
     114
     135
      98
      97
     115
      74
      73
      37
      38
      32
      37
      42
      26
      23
      19
      22
      24
      16
      14
      21
      12
      22
      23
      21
      28
      21
      14
      27
      25
      15
      24
      14
      18
      13
      19
      20
      11
      19
      14
      13
      15
      19
      22
      18
      25
      16
      26
      19
      19
      21
      21
      15
      22
      17
      23
      16
      29
      18
      18
      25
      17
      11
      16
      19
      26
       9
      21
      19
      20
      21
      21
      15
      17
      16
      20
      15
      19
      20
      31
      15
      17
      12
       9
      12
      16
      19
      16
      12
      21
      21
      24
      17
      14
      16
      13
      18
      13
      11
      18
      20
      20
      17
      26
      18
      18
      21
      12
      14
      24
      21
      21
      14
      19
      15
      20
      15
      26
      15
      18
      20
      17
      12
      24
      15
      19
      18
      13
      20
      13
      23
      15
      19
      19
      18
      23
      19
      12
      20
       8
      22
      15
      21
      15
      15
      15
      16
      17
      25
      20
      26
      25
      24
      11
      23
      12
      27
      16
      20
      22
      22
      26
      26
      19
      24
      21
      20
      25
      17
      13
      22
      14
      13
      26
      12
      19
      18
      20
      23
      19
      13
      18
      22
      20
      18
      14
      17
      11
      15
      17
      23
      10
      11
      21
      16
      25
      18
      16
      22
      18
      28
      17
      23
      24
      30
      31
      36
      27
      22
      32
      17
      18
      15
      16
      19
      12
      28
      21
      22
      10
      18
       6
      21
      14
      18
      15
      18
      18
      19
      22
      17
      19
      19
      14
      14
      14
       9
      15
      13
      10
      12
      20
      11
      21
      18
      11
      21
       9
      16
      12
      18
      11
      16
      26
      16
      16
       8
      15
      13
      16
      12
      12
      18
      10
      20
      16
      13
      18
      11
       8
      19
       9
      15
      18
       8
      12
      17
      18
      16
      16
      14
      11
      18
      16
      15
      11
      10
      18
      22
      17
      16
      16
      22
      17
      18
      24
      18
      22
      19
      24
      18
      27
      13
      20
      18
      20
      24
      16
      17
      16
      10
      17
      15
      17
      17
      11
      11
      21
      11
      12
      13
      17
      13
      15
       8
      11
      15
      12
      20
      12
      18
      18
      13
      14
      17
      12
      13
      18
      20
      15
      14
      21
      12
      20
      11
      15
      21
      15
       6
       9
      13
      11
      17
      15
      13
      14
      14
      10
      11
      13
      17
      12
      13
       9
       7
      17
      16
      21
      11
      14
      12
      17
      11
      13
       8
      25
      22
      17
      26
      27
      24
      21
      22
      22
      31
      20
      21
      14
      13
      13
      16
       7
      16
      17
      16
      16
      17
      10
       6
      16
      13
      12
      11
      11
      10
       9
      16
      15
       8
      16
      17
       6
      14
      14
      16
      18
      17
      11
      18
      10
      11
       8
      16
      18
      14
       9
      12
      19
       9
      18
      15
       9
      16
      12
       9
       7
      13
      13
      13
      12
      15
      10
      15
      11
      13
      17
      16
       6
      17
      13
      11
      15
      13
      12
      10
      16
       8
      12
      16
      16
      12
      21
      15
      16
      11
      15
      10
      15
      14
      15
      14
      11
      16
      17
       8
       9
       9
       9
       8
      11
      15
      14
      16
      19
      17
       9
      14
      14
       9
      12
      14
      13
      11
       9
      12
      11
      18
      13
      20
      15
      12
      17
      16
      15
      12
      13
      11
      19
      14
       7
      17
      14
      20
      15
      16
      10
      18
      13
      16
      10
      18
      10
      21
      10
      14
      11
      17
      16
      13
      24
      19
      14
      18
      19
      12
      10
      13
      11
      13
       9
      11
      11
      13
      10
      17
      22
      12
      13
      15
      12
       9
      15
      24
      10
      25
      20
      16
      22
      31
      17
      25
      51
      45
      33
      45
      50
      45
      45
      40
      42
      56
      58
      50
      64
      42
      35
      30
      33
      25
      17
      22
      18
      18
      14
      15
       8
      14
      15
       9
      20
      12
      18
      15
       8
      11
       9
      12
       7
      21
      10
      12
      14
       4
      14
      12
      13
      14
      10
       8
      13
      12
      12
       7
      12
      13
      10
      10
      14
      11
      11
      19
      11
      13
      15
       8
      11
       8
      15
       8
      15
      10
      11
       7
      16
      10
      14
      14
       7
      11
      10
      15
      12
      18
       8
      19
      16
      16
      17
       9
      15
      11
      13
      12
      19
      10
      15
      13
      18
      13
      14
      20
       7
      13
       9
       9
      15
      11
      13
      11
       8
      10
      14
      12
      14
       6
      12
       8
       9
      18
       7
       8
      12
      10
      16
      14
      11
      10
      12
       9
      10
      10
      11
       9
      21
      13
      12
      14
       7
      11
      11
      11
      15
      13
      15
       7
      16
       9
      14
      11
       1
      21
      17
      17
       9
       5
      10
       9
      13
      12
      11
      10
       7
      11
       9
      10
      13
       9
      14
      13
      11
      16
      13
      11
       8
      15
       9
      13
      13
      14
      16
       8
      16
      18
      12
       8
      15
      16
       3
      13
      14
      11
       7
       9
      12
      11
       6
       4
      13
      13
      15
      16
      12
       6
       7
       6
      11
      12
      11
      10
       8
       9
       9
      13
      10
      12
       7
      11
       9
      11
      16
      10
      11
       8
      10
       6
      10
      15
      12
      15
       8
       9
      10
      13
       7
      15
      12
      16
       8
      13
      12
       6
      11
      10
      15
      13
       8
      10
       9
       9
       6
      14
      11
      10
       9
      13
      17
      15
      14
      12
      13
      18
      18
       9
      11
      13
      13
       9
      12
       5
      15
       8
      10
      10
      12
      12
       9
      17
       7
      10
       7
      17
      14
       9
      14
       9
      16
      14
       9
      10
       9
      14
      14
      14
      11
      13
      10
       9
      12
      11
      11
      12
      17
      11
      15
      13
      12
       8
      12
       8
      13
      12
      14
      19
       9
      12
      13
      12
      12
       6
      14
       9
       6
       8
       9
      10
      13
      14
      12
      17
      15
       9
      10
      10
       9
       4
      14
      12
      18
      15
      10
       9
       8
       9
      14
       6
       7
      11
       9
       9
      13
       9
      11
      16
       6
       8
      10
      16
       9
       7
      16
       9
       8
      13
       7
      11
      10
       7
      12
      12
      18
       8
       3
      11
      10
      11
      14
       6
      11
      12
      12
       9
      11
       8
       9
      10
      11
       5
       3
       9
      18
      15
       7
       9
       6
       9
      11
      15
      12
       9
       8
      10
       6
       4
      12
      11
      11
       9
       7
       9
      13
      11
       6
       6
       5
       9
      13
       8
      11
      10
      16
       9
       6
      16
       8
      14
       8
      11
      15
       8
      12
      12
       7
      11
      11
      13
      16
       8
      12
      12
      11
       8
       5
      15
      14
       9
       5
       7
      11
      15
      16
       8
       9
       8
       7
      19
      13
      12
      10
      14
       6
      21
      14
      13
      11
      12
      18
      13
      26
      24
      25
      20
      19
      25
      20
      23
      20
      27
      29
      19
      23
      22
      17
      14
      11
      17
       9
       6
      10
      16
      12
      10
       9
      14
       7
      15
      10
       9
      10
      14
      13
      12
      12
       5
      10
      11
       7
       7
      12
       9
      12
      11
       4
      11
      10
      13
      12
      10
      11
      13
      19
       8
       6
       6
      14
       9
      10
      12
      12
      13
      14
       7
      18
       9
       9
      10
      15
       6
      11
       8
      11
      13
      16
      12
       7
       8
       9
       9
      14
      17
      14
      11
      11
      12
      10
       4
       7
      13
      13
       6
       9
      14
       4
      12
      11
      13
       8
      11
       6
      10
      10
      12
      11
       9
      10
       9
      10
      13
      10
       3
       9
       9
       8
       6
       7
       9
       7
       9
       9
       5
      14
       9
       8
      10
       6
      11
       5
      11
      15
       9
      12
      10
      12
      15
      11
       8
       4
      10
       8
      11
       3
      11
       6
       8
      11
      12
       2
      11
       8
       7
      10
      19
      10
       9
       8
      15
      18
      10
       9
      11
      10
       5
      14
      11
       7
      13
      11
       4
      14
       9
       9
      12
      12
      19
      10
       5
      12
      11
      10
      16
      10
       7
      10
      10
      10
       9
      13
      10
      11
      10
      13
       6
      13
       9
       6
      14
       6
       8
       8
       8
      14
       5
       8
      12
       7
       6
       8
      12
       7
       4
       8
      12
      12
       7
      10
       5
       8
      11
       9
      10
      10
      11
      13
      15
       9
       7
      12
      13
       7
       8
      13
      10
       9
      12
      11
      16
      11
      15
      13
       9
      12
      12
      12
       7
      14
      11
      13
       2
      10
       8
      10
      10
       7
       7
       9
       7
      13
      10
       9
      10
       6
      14
       6
       6
      12
       9
      11
       7
       6
       8
       8
       9
      14
       7
       8
      11
       8
      12
       4
       6
       8
      11
       5
       8
       4
       8
       5
       9
       7
       8
       9
       6
      10
       8
      10
       8
       5
       5
       7
       7
      13
       4
       8
       6
       7
       5
      15
       9
      10
       5
       5
       7
       2
       7
       7
      11
       9
      10
       4
       5
       8
       5
       7
       8
       8
      10
      12
       9
      13
       7
       4
       7
       6
       7
      14
       4
       7
       8
      12
       7
       9
       7
      11
      14
       6
       7
       6
       8
      12
       9
       4
      13
       8
      10
       7
       8
       3
       4
       8
       6
       8
       5
       7
       7
       7
       6
      11
       7
       7
      11
      11
      13
       3
       8
       3
      14
       4
      10
      11
      10
      11
      10
      12
       8
       8
      10
      12
       9
       7
       9
      13
       8
      10
       6
      10
       8
       7
      11
       7
       8
       8
       3
       5
       7
       9
       9
       6
       8
       9
       4
       8
       8
       5
       4
       7
       6
       5
       6
       8
       5
      11
       4
       7
       7
      11
       2
       8
       5
      15
       4
      11
       5
      12
       9
       6
       4
      10
       7
       5
      10
       3
       8
       7
       5
       5
       4
       9
       5
      10
       4
       9
      12
       5
      10
       8
       8
       5
       6
      10
       9
       6
       7
       5
       2
       7
       2
       6
       9
       9
       2
       9
       6
       8
       7
       8
       9
       3
       6
       9
       5
       7
       6
       9
       2
       4
       5
       7
       5
       6
       4
       6
      11
       7
       8
       5
      13
       6
       5
       5
       3
       6
      10
       8
       6
       7
       6
       6
      11
      13
       6
       7
       8
       9
       5
       3
       7
       4
       7
       5
       8
       6
       5
       4
       8
       1
       2
      13
       6
       8
       7
       7
       8
       6
       5
       6
       3
       8
       8
       8
       5
       4
       6
       9
       4
       4
       7
       7
      10
       8
      10
       8
       6
       5
       6
       4
       5
       8
       4
       8
       7
       6
       7
       6
       7
       9
       5
       6
       8
       7
       5
       7
      10
       5
       4
       5
       9
       5
       6
       6
       7
       8
       6
       2
       7
       7
       7
      10
       7
       6
      11
       6
      10
       4
       7
       7
       7
       7
      10
       7
       5
       7
      11
      10
       3
       5
       1
       7
       5
       5
       5
       9
       8
      10
       3
       5
       3
      10
       4
       1
       6
       4
       3
       6
       6
       7
       7
       8
       6
       6
       7
       5
       6
      11
       4
      11
       8
       7
       3
      10
       4
      10
       9
       6
       9
       3
       9
      12
      12
      11
      14
      10
      14
       9
      10
      15
      15
      14
      10
      12
      11
      12
      21
       7
       9
      10
      10
       6
       8
       7
       6
       5
       9
       6
      11
       4
       5
      10
       5
       6
       7
       7
       5
       5
       8
       4
       4
       6
       1
       5
       5
       6
       4
       8
       5
       5
       3
       5
      12
       5
       9
       8
       6
       5
       7
       5
       5
       3
       7
       6
       7
       4
       3
       5
       5
       7
       7
       5
       4
       8
       7
       5
       6
       6
       6
       3
       6
       7
       6
       2
       7
       6
       7
      11
       6
       4
       3
      12
       6
       4
      16
       7
       7
       7
       4
       6
       6
       3
       8
       4
      10
       8
       3
       3
       6
       5
       6
       6
       5
      10
       7
       8
       8
       2
      10
      11
      12
      18
      21
      19
      15
      21
      19
      20
      25
      21
      23
      27
      26
      31
      26
      25
      38
      26
      30
      37
      25
      22
      26
      21
      19
      24
      14
      10
      16
       9
       6
      11
      11
       7
       8
      13
       8
      12
       8
       9
       6
       3
       3
       6
      12
       4
       6
       6
       5
       4
       3
       7
       6
       6
       6
       4
       7
       6
       5
       5
       4
       8
       9
       5
       6
       2
       7
      10
       5
       0
       4
       5
       2
       9
       3
       2
       4
       5
       4
       7
       5
       2
       8
      10
       7
       6
       6
       8
       4
       5
       3
       4
       4
       3
       7
       6
       7
      10
       6
       5
       7
       4
       2
       7
       3
       5
       6
      11
       7
       7
       6
       4
       2
       9
       8
       3
       5
       9
       6
       3
       2
       3
       8
       7
       5
       5
       7
       8
       7
       9
       6
       6
       4
       5
       8
       5
       4
       7
       8
       4
       4
       4
       6
       7
       6
       4
       3
       4
       9
       6
       2
       8
       5
       6
       8
       5
       1
       8
       8
       6
       2
       5
       3
       8
       2
       2
       2
       3
       3
       4
       4
       7
       3
       5
       6
       1
       3
       4
       1
       3
       5
       3
       3
       4
       3
       5
       3
       5
       4
       3
       2
       3
       5
       7
       3
       6
       5
       4
       6
       0
       4
       7
       3
       6
       5
       4
       5
       3
       6
       2
       5
       4
       4
       7
       7
       6
       5
       3
       2
       3
       6
       4
       2
       4
       6
       6
       2
       5
       3
       1
       1
       2
       5
       5
       5
       4
       9
       6
       3
       9
       7
       7
       3
       5
       6
       1
       4
       7
       5
       5
       4
       6
       3
       4
       3
       3
       3
       4
      10
       3
       7
       7
       5
      10
       3
       8
       3
       8
       4
       5
       8
      11
      14
      10
       9
       7
       5
      10
       5
       8
      10
       8
       6
      13
      11
       8
       7
       4
       4
      11
       8
       7
       9
       7
       2
       4
       5
       5
       3
       5
       3
       3
       6
       9
       1
       4
       3
       6
       4
       3
       6
       4
       4
       6
       9
       3
       3
       6
       7
       2
       8
       5
       9
       9
       3
       3
       6
       7
      10
       2
       8
       8
       4
       8
       5
       6
       2
       4
       5
       2
       7
       2
       6
       8
       4
      11
       5
       2
       6
       5
       5
       6
       6
       7
       3
       7
       6
       4
       6
       5
       2
       3
       2
       5
       8
       6
       5
       7
       9
       4
       6
       3
       5
       5
       4
       3
       3
      11
       8
       6
       4
       2
       2
       4
       4
       5
       9
       6
       8
       3
       3
       6
       5
       3
       4
       0
       3
       2
       2
       4
       6
       6
       3
       4
       7
       7
       4
       5
       4
       2
       1
       6
       4
       3
       3
       3
       4
       1
       2
       3
       5
       3
       0
       3
       4
       2
      10
       4
       6
       5
       2
       5
       5
       4
       6
       9
       5
       5
       3
       9
       3
       8
       6
       3
       2
       6
       3
       3
       5
       2
       3
       3
       4
       4
       4
       3
       3
       3
       1
       6
       7
       1
       6
       2
       3
       7
       4
       3
       2
       1
       2
       4
       6
       2
       5
       3
       4
       6
       8
       4
       5
       2
       2
       4
       6
       2
       2
       7
       5
       5
       5
       1
       2
       3
       3
       6
       5
       4
       2
       2
       6
       5
       6
       2
       7
       0
       3
       7
       2
       3
       3
       3
       2
       4
       3
       5
       2
       2
       4
       1
       4
       2
       6
       3
       2
       7
       4
       5
       6
       4
       2
       2
       6
       7
       2
       5
       2
       2
       3
       2
       2
       8
       3
       2
       4
       2
       2
       6
       3
       4
       3
       5
       3
       3
       4
       1
       7
       6
       5
       6
       1
       6
       2
       4
       2
       3
       5
       4
       2
       4
       7
       4
       4
       4
       4
       3
       6
       3
       5
       2
       2
       3
       4
       6
       4
       2
       3
       3
       5
       4
       2
       6
       5
       4
       4
       3
       4
       5
       6
       1
       1
       6
       3
       0
       7
       3
       3
       3
       6
       3
       3
       7
       4
       4
       4
       4
       3
       4
       1
       7
       2
       4
       3
       5
       3
       4
       2
       3
       5
       3
       3
       5
       2
       3
       6
       4
       5
       4
       3
       3
       5
       7
       3
       7
       1
       5
      10
       5
       5
       1
       1
       6
       2
       3
       1
       2
       3
       5
       5
       2
       5
       3
       0
       1
       1
       7
       5
       3
       4
       2
       2
       3
       4
       1
       4
       0
       4
       6
       2
       4
       2
       3
       4
       2
       3
       1
       2
       7
       3
       1
       3
       3
       4
       2
       4
       1
       7
       7
       1
       5
       5
       5
       4
       2
       4
       5
       3
       3
       7
       3
       3
       1
       4
       2
       6
       3
       1
       4
       2
       9
       2
       6
       4
       3
       3
       3
       2
       2
       1
       4
       4
       1
       2
       4
       3
       2
       3
       4
       3
       3
       2
       2
       2
       4
       2
       2
       3
       5
       2
       2
       2
       4
       4
       3
       2
       0
       3
       5
       8
       4
       3
       1
       1
       3
       2
       5
       1
       4
       4
       4
       4
       2
       4
       8
       4
       2
       3
       3
       2
       4
       3
       6
       9
       5
       7
       2
       1
       5
       4
       4
       1
       2
       3
       0
       4
       7
       1
       3
       5
       0
       5
       3
       5
       5
       2
       5
       2
       1
       1
       4
       6
       1
       4
       5
       0
       4
       2
       4
       4
       4
       1
       2
       2
       2
       5
       2
       3
       3
       2
       4
       4
       6
       4
       2
       1
       4
       7
       3
       2
       0
       4
       2
       4
       3
       2
       3
       2
       5
       3
       3
       2
       6
       3
       3
       2
       2
       2
       2
       3
       3
       2
       6
       5
       1
       2
       1
       2
       1
       2
       4
       3
       3
       4
       3
       4
       3
       3
       2
       3
       5
       1
       4
       1
       2
       2
       5
       1
       4
       2
       4
       7
       3
       2
       4
       4
       3
       7
       1
       3
       1
       1
       4
       1
       4
       2
       1
       4
       3
       2
       3
       4
       0
       5
       3
       3
       7
       1
       4
       3
       1
       5
       2
       5
       2
       1
       4
       6
       4
       2
       4
       5
       0
       5
       5
       4
       1
       4
       4
       6
       3
       5
       3
       5
       6
       2
       1
       2
       4
       5
       3
       1
       2
       1
       3
       6
       4
       3
       3
       3
       1
       1
       2
       5
       2
       5
       4
       4
       4
       3
       2
       3
       4
       4
       2
       1
       2
       0
       1
       4
       2
       2
       3
       2
       5
       4
       7
       3
       5
       6
       3
       3
       1
       3
       3
       4
       6
       3
       4
       2
       1
       4
       2
       3
       1
       4
       3
       4
       3
       4
       2
       5
      10
       5
       5
       7
       6
      13
      16
       9
      14
       4
      10
       8
       5
       5
      14
      16
      10
       4
       8
      10
       6
       7
       2
       6
       6
       4
       3
       2
       4
       6
       2
       3
       4
       2
       2
       4
       3
       6
       1
       2
       3
       0
       1
       2
       2
       2
       1
       1
       1
       5
       3
       3
       1
       3
       2
       1
       2
       0
       5
       2
       2
       4
       3
       1
       1
       3
       2
       3
       4
       2
       2
       3
       4
       2
       2
       2
       5
       1
       3
       4
       3
       2
       4
       2
       1
       1
       1
       1
       3
       3
       6
       2
       2
       1
       2
       1
       1
       1
       5
       2
       5
       4
       2
       3
       4
       4
       2
       3
       3
       4
       3
       4
       2
       1
       5
       1
       6
       2
       1
       6
       1
       1
       5
       1
       1
       5
       1
       0
       2
       3
       2
       1
       2
       2
       1
       5
       4
       1
       2
       2
       3
       4
       3
       0
       1
       2
       0
       0
       0
       2
       2
       0
       0
       2
       3
       2
       0
       4
       2
       1
       1
       1
       3
       3
       1
       0
       2
       4
       1
       3
       1
       1
       1
       0
       1
       1
       5
       2
       2
       5
       4
       2
       2
       4
       2
       2
       3
       0
       3
       2
       5
       1
       1
       1
       1
       4
       2
       2
       2
       2
       0
       3
       1
       1
       0
       1
       2
       2
       3
       3
       3
       1
       3
       4
       1
       5
       4
       3
       4
       3
       0
       3
       3
       0
       2
       2
       0
       3
       3
       4
       1
       2
       0
       0
       2
       1
       2
       2
       0
       1
       2
       3
       2
       3
       3
       2
       6
       3
       3
       6
       1
       2
       1
       2
       1
       0
       3
       1
       2
       1
       1
       1
       3
       3
       2
       1
       2
       0
       3
       1
       0
       2
       4
       4
       0
       4
       0
       3
       5
       1
       2
       5
       1
       0
       2
       2
       2
       1
       1
       1
       2
       1
       2
       3
       1
       2
       3
       0
       1
       0
       2
       0
       2
       3
       2
       3
       1
       2
       2
       2
       1
       1
       1
       0
       0
       0
       3
       2
       2
       1
       2
       1
       3
       1
       1
       3
       2
       2
       1
       0
       2
       1
       4
       0
       0
       2
       3
       1
       1
       3
       2
       1
       1
       0
       2
       0
       1
       1
       1
       1
       1
       4
       0
       2
       2
       1
       1
       1
       1
       4
       1
       1
       0
       0
       3
       2
       2
       1
       0
       4
       1
       2
       2
       2
       0
       0
       2
       1
       1
       0
       4
       1
       2
       3
       1
       1
       0
       4
       0
       1
       0
       2
       1
       1
       2
       3
       0
       1
       0
       2
       1
       0
       1
       0
       1
       1
       2
       2
       0
       0
       0
       2
       1
       0
       0
       1
       0
       2
       1
       3
       2
       1
       0
       1
       1
       0
       0
       0
       1
       1
       3
       2
       1
       1
       3
       3
       3
       3
       0
       0
       1
       2
       2
       0
       1
       3
       3
       3
       2
       3
       3
       0
       1
       1
       2
       5
       3
       2
       3
       2
       0
       4
       2
       1
       1
       1
       1
       4
       4
       3
       2
       0
       0
       2
       0
       1
       1
       4
       0
       0
       1
       2
       3
       3
       3
       1
       1
       0
       0
       2
       0
       0
       1
       0
       1
       0
       1
       1
       1
       2
       1
       3
       1
       0
       0
       0
       2
       0
       2
       6
       0
       0
       0
       0
       0
       2
       2
       0
       1
       2
       1
       5
       0
       2
       1
       1
       2
       1
       0
       1
       2
       1
       1
       2
       1
       3
       1
       3
       0
       1
       2
       1
       1
       1
       0
       0
       1
       1
       1
       2
       0
       1
       1
       2
       0
       0
       0
       1
       1
       2
       2
       2
       0
       2
       4
       2
       0
       2
       1
       0
       0
       2
       0
       0
       0
       0
       3
       0
       0
       1
       0
       1
       1
       2
       0
       1
       1
       0
       0
       0
       2
       0
       0
       0
       0
       1
       0
       3
       1
       1
       1
       3
       1
       1
       2
       1
       1
       0
       1
       0
       2
       3
       1
       2
       1
       5
       5
       5
       2
       4
       4
       3
       5
       5
       4
       6
       6
       5
       7
       5
       5
       7
       9
      10
       5
       7
       7
      10
       5
       8
       2
       8
       7
       4
       2
       2
       3
       2
       4
       2
       1
       2
       0
       1
       2
       1
       2
       0
       2
       2
       3
       1
       2
       1
       2
       0
       0
       1
       0
       1
       0
       0
       1
       1
       1
       1
       2
       1
       0
       2
       1
       1
       0
       1
       1
       0
       1
       0
       2
       1
       1
       0
       1
       1
       1
       1
       0
       0
       2
       1
       1
       1
       1
       1
       1
       0
       0
       2
       1
       0
       2
       2
       0
       0
       1
       0
       1
       0
       1
       2
       2
       1
       1
       0
       2
       2
       1
       1
       1
       0
       0
       1
       0
       3
       1
       0
       0
       0
       1
       1
       0
       0
       0
       1
       1
       0
       1
       0
       0
       2
       0
       0
       1
       1
       2
       0
       2
       0
       0
       0
       5
       0
       1
       0
       1
       0
       1
       3
       1
       1
       0
       0
       2
       1
       0
       1
       1
       1
       2
       3
       0
       1
       0
       0
       0
       0
       0
       1
       0
       0
       1
       0
       0
       1
       0
       1
       0
       1
       0
       1
       0
       1
       1
       1
       0
       3
       1
       1
       2
       2
       0
       1
       4
       3
       3
       1
       3
       4
       0
       3
       3
       5
       4
       4
       2
       5
       2
       0
       4
       3
       0
       2
       3
       2
       2
       2
       1
       0
       0
       1
       3
       1
       1
       1
       0
       4
       0
       1
       0
       1
       1
       1
       0
       3
       1
       0
       4
       0
       1
       0
       0
       0
       1
       0
       1
       0
       1
       0
       1
       3
       0
       0
       0
       0
       1
       0
       0
       1
       2
       0
       1
       0
       0
       1
       0
       2
       0
       0
       3
       1
       0
       0
       0
       1
       0
       1
       1
       0
       0
       2
       1
       0
       0
       0
       1
       0
       0
       0
       0
       3
       1
       2
       0
       1
       0
       0
       1
       2
       0
       1
       1
       0
       0
       0
       0
       2
       0
       0
       0
       0
       0
       0
       0
       0
       0
       2
       3
       0
       0
       0
       3
       0
       1
       2
       0
       2
       0
       0
       0
       0
       0
       0
       0
       2
       0
       1
       4
       1
       2
       0
       0
       0
       3
       0
       0
       3
       0
       1
       1
       0
       0
       1
       1
       1
       0
       1
       0
       0
       0
       0
       0
       0
       1
       1
       0
       1
       0
       0
       0
       0
       0
       1
       0
       1
       1
       0
       0
       0
       2
       1
       0
       1
       1
       0
       0
       1
       0
       1
       0
       1
       0
       1
       0
       0
       2
       0
       0
       0
       0
       1
       0
       0
       0
       0
       0
       0
       1
       0
       1
       2
       0
       0
       0
       2
       0
       0
       1
       0
       0
       0
       1
       0
       0
       2
       0
       1
       0
       1
       3
       1
       0
       1
       1
       0
       0
       0
       0
       0
       0
       0
       1
       0
       0
       0
       0
       0
       3
       0
       0
       1
       0
       0
       1
       0
       1
       0
       0
       0
       0
       3
       1
       0
       1
       0
       0
       1
       0
       0
       0
       2
       1
       0
       0
       1
       1
       0
       0
       0
       1
       1
       0
       0
       0
       0
       0
       1
       1
       0
       1
       1
       0
       1
       0
       1
       0
       0
       0
       0
       1
       1
       0
       0
       0
       0
       2
       0
       0
       0
       0
       0
       0
       1
       1
       0
       0
       0
       0
       1
       1
       0
       0
       0
       0
       0
       0
       0
       0
       1
       0
       2
       0
       1
       0
       1
       0
       0
       0
       0
       0
       0
       0
       0
       0
       1
       1
       0
       2
       0
       0
       0
       0
       1
       0
       0
       0
       0
       1
       0
       2
       0
       1
       0
       0
       0
       0
       0
       0
       0
       0
       0
       1
       0
       0
       0
       0
       0
       1
       0
       0
       0
       0
       0
       0
       0
       0
       0
       1
       0
       0
       0
       1
       0
       0
       2
       0
       0
       0
       0
       0
       0
       2
       0
       0
       1
       1
       2
       0
       0
       0
       0
       1
       0
       0
       0
       0
       1
       0
       0
       0
       0
       0
       0
       1
       1
       1
       0
       0
       0
       1
       0
       0
       1
       0
       0
       0
       0
       0
       0
       1
       0
       0
       0
       1
       0
       0
       0
       0
       0
       0
       0
       0
       1
       0
       1
       0
       1
       0
       0
       1
       0
       0
       0
       0
       0
       1
       1
       1
       0
       0
       1
       0
       0
       0
       0
       1
       0
       0
       0
       0
       1
       0
       0
       1
       1
       0
       0
       0
       1
       0
       1
       1
       0
       1
       1
       0
       0
       0
       0
       0
       0
       0
       0
       0
       0
       0
       0
       0
       0
       0
       1
       2
       1
       0
       1
       0
       0
       0
       0
       0
       0
       0
       0
       0
       0
       0
       0
       0
       0
       0
       0
       1
       0
       0
       0
       0
       0
       2
       0
       0
       0
       0
       0
       0
       0
       1
       0
       0
       2
       1
       0
       0
       0
       0
       1
       1
       0
       1
       0
       0
       0
       1
       0
       0
       0
       0
       1
       0
       0
       0
       0
       0
       0
       1
       0
       1
       1
       0
       0
       0
       0
       0
       0
       0
       0
       1
       0
       0
       0
       0
       1
       0
       1
       1
       0
       0
       0
       0
       0
       1
       0
       0
       0
       0
       0
       0
       1
       1
       0
       1
       0
       0
       0
       0
       0
       0
       0
       0
       1
       0
       0
       0
       2
       0
       0
       0
       0
       0
       0
       0
       1
       0
       0
       0
       0
       0
       0
       0
       0
       0
       0
       0
       0
       0
       1
       0
       0
       0
       0
       1
       0
       1
       0
       0
       1
       0
       1
       0
       1
       1
       0
       1
       0
       0
       1
       0
       0
       0
       0
       0
       1
       0
       1
       0
       0
       0
       1
       0
       0
       0
       0
       0
       0
       0
       0
       0
       0
       0
       0
       1
       0
       0
       0
       0
       0
       0
       0
       1
       0
       0
       0
       0
       0
       0
       0
       1
       0
       0
       0
       0
       0
       0
       0
       0
       0
       1
       1
       0
       0
       0
       0
       1
       0
       0
       0
       0
       0
       0
       1
       0
       0
       0
       1
       0
       0
       0
       0
       0
       1
       0
       0
       0
       0
       0
       1
       0
       0
       0
       0
       1
       1
       0
       0
       0
       0
       0
       0
       0
       0
       0
       0
       1
       0
       0
       0
       0
       0
       1
       0
       0
       0
       0
       0
       0
       0
       0
       0
       0
       1
       1
       0
       0
       0
       0
       0
       0
       0
       0
       1
       0
       1
       0
       0
       1
       0
       0
       0
       0
       0
       0
       1
       0
       2
       0
       1
       0
       0
       0
       0
       0
       0
       0
       0
       0
       0
       0
       0
       0
       0
       0
       0
       0
       0
       0
       0
       0
       0
       0
       0
       0
       0
       0
       0
       0
       0
       0
       0
       0
       0
       0
       0
       0
       0
       0
       1
       0
       0
       1
       2
       0
       0
       0
       0
       0
       0
       0
       0
       0
       1
       0
       0
       0
       0
       1
       1
       0
       0
       0
       0
       0
       0
       0
       0
       1
       0
       0
       0
       0
       0
       1
       0
       0
       0
       0
       0
       0
       1
       0
       0
       0
       0
       0
       0
       0
       0
       0
       0
       0
       0
       0
       0
       0
       0
       0
       0
       0
       0
       0
       0
       0
       0
       0
       0
       0
       0
       0
       0
       0
       0
       0
       0
       0
       0
       0
       0
       0
       0
       0
       0
       0
       0
       0
       0
       0
       0
       0
       0
       0
       0
       0
       0
       0
       0
       0
       0
       0
       0
       0
       0
       0
       0
       0
       0
       0
       0
       0
       0
       0
       0
       0
       0
       0
       0
       0
       0
       0
       0
       0
       0
       0
       0
       0
       0
       0
       0
       0
       0
       0
       0
       0
       0
       0
       0
       0
       0
       0
       0
       0
       0
       0
       0
       0
       0
       0
       0
       0
       0
       0
       0
       0
       0
       0
       0
       0
       0
       0
       0
       0
       0
       0
       0
       0
       0
       0
       0
       0
       0
       0
       0
       0
       0
       0
       0
       0
       0
       0
       0
       0
       0
       0
       0
       0
       0
       0
       0
       0
       0
       0
       0
       0
       0
       0
       0
       0
       0
       0
       0
       0
       0
       0
       0
       0
       0
       0
       0
       0
       0
       0
       0
       0
       0
       0
       0
       0
       0
       0
       0
       0
       0
       0
       0
       0
       0
       0
       0
       0
$ROI:
25
43 57
143 159
196 212
298 314
354 370
455 478
509 527
607 627
687 707
750 770
857 879
886 908
981 1003
1652 1680
1940 1984
2242 2276
2410 2444
2500 2534
2714 2752
2779 2839
2910 2975
3216 3256
3330 3374
3517 3563
4577 4648
$PRESETS:
None
0
0
$ENER_FIT:
-0.400801 0.397322
$MCA_CAL:
3
-4.008010E-001 3.973216E-001 -1.307090E-010 keV
$SHAPE_CAL:
3
2.969388E+000 2.442717E-003 8.917358E-008
