$SPEC_ID:
Pulser
$SPEC_REM:
DET# 2
DETDESC# DETECTOR 2
AP# GammaVision Version 7.01.03
$DATE_MEA:
04/27/2017 12:20:22
$MEAS_TIM:
143 157
$DATA:
0 8191
       0
       0
       0
       0
       0
       0
       0
       0
       0
       0
       0
       0
       0
       0
       0
       0
       0
       0
       0
       0
       0
       0
       0
      26
    1413
    1647
     947
     810
     695
     726
     739
     731
     742
     753
     772
     735
     724
     747
     787
     721
     789
     731
     798
     765
     784
     772
     777
     756
     726
     775
     750
     752
     798
     769
     786
     788
     793
     782
     767
     761
     807
     860
     798
     782
     831
     810
     818
     727
     797
     812
     784
     812
     763
     829
     824
     842
     822
     831
     810
     835
     836
     788
     833
     885
     818
     841
     820
     911
     833
     802
     784
     776
     836
     826
     869
     817
     826
     883
     841
     821
     781
     884
     821
     824
     787
     769
     791
     758
     770
     755
     786
     767
     746
     778
     711
     747
     726
     716
     784
     782
     776
     698
     784
     723
     740
     679
     700
     756
     718
     801
     754
     741
     723
     781
     790
     763
     786
     744
     821
     805
     817
     772
     793
     843
     809
     838
     802
     828
     871
     843
     858
     851
     812
     876
     859
     838
     878
     853
     937
     856
     884
     940
     917
     890
     877
     918
     923
     978
     894
     972
     909
     946
    1028
     981
    1007
    1018
     988
    1001
    1085
    1107
    1118
    1352
    1745
    2218
    2388
    1993
    1707
    2031
    2781
    3272
    2915
    2139
    1444
    1089
    1017
     981
     976
     942
     965
    1011
     995
     977
     947
    1016
    1054
    1088
    1074
    1102
    1138
    1151
    1243
    1461
    1739
    2117
    2149
    2054
    1807
    1709
    1597
    1660
    1732
    1721
    1546
    1573
    1471
    1423
    1484
    1472
    1401
    1440
    1418
    1390
    1436
    1375
    1437
    1446
    1337
    1324
    1365
    1384
    1353
    1306
    1309
    1279
    1255
    1298
    1232
    1222
    1342
    1267
    1229
    1253
    1300
    1289
    1277
    1266
    1230
    1287
    1159
    1290
    1209
    1211
    1284
    1195
    1197
    1235
    1157
    1226
    1252
    1191
    1167
    1201
    1208
    1215
    1228
    1195
    1127
    1147
    1145
    1139
    1172
    1099
    1221
    1171
    1189
    1121
    1154
    1194
    1092
    1084
    1105
    1151
    1155
    1120
    1056
    1180
    1120
    1069
    1050
    1068
    1034
    1023
    1151
    1178
    1934
    4169
    8604
   14363
   17217
   15266
   10101
    5400
    2561
    1497
    1063
    1000
    1136
    2085
    4979
   10631
   17196
   20334
   17929
   11808
    6137
    2794
    1421
     981
     861
     831
     825
     828
     784
     795
     783
     807
     811
     786
     850
     793
     909
    1112
    1613
    2205
    2726
    2666
    2182
    1578
    1070
     907
     765
     777
     804
     823
     827
     818
     778
     824
     776
     793
     819
     840
     884
     794
     772
     774
     781
     786
     757
     789
     783
     806
     789
     765
     772
     784
     779
     762
     778
     817
     766
     803
     835
     741
     760
     777
     750
     721
     820
     797
     807
     796
     775
     778
     816
     745
     786
     779
     884
     946
     845
     875
     857
     796
     799
     845
     778
     749
     783
     819
     793
     827
     785
     791
     795
     802
     814
     771
     761
     790
     850
     871
     816
     840
     880
     862
     823
     842
     895
     906
     953
     925
     919
     975
     982
     989
     967
    1010
     984
    1039
    1005
     977
    1005
    1019
     973
     971
     954
     941
     976
     935
     998
     968
     982
     999
     948
     972
    1020
     957
     977
     959
     968
     980
     981
     925
     980
     948
     924
     964
     998
     972
     941
    1054
     959
     931
     946
     953
     942
     957
    1006
     941
     915
     944
     968
     947
     950
    1045
    1028
     958
    1027
     979
     941
    1000
     969
     975
    1025
     930
     962
     974
    1039
     994
     977
     994
     952
     918
     961
     925
     998
     923
    1041
     897
     932
     939
     974
    1018
     895
     903
     889
     945
     976
     983
     941
     876
     935
     950
     918
     981
     945
     929
     977
     963
     932
     905
     966
     917
     917
     954
     986
     952
     939
     914
     920
     938
     928
     959
     909
     942
     990
     991
     963
     988
     971
    1010
     980
     951
     989
     952
     952
     949
     971
     962
     941
     990
    1011
    1005
     968
     977
     981
     942
     997
     945
     938
     938
     987
     952
     963
     934
     951
     913
     937
     963
     965
     956
     912
     954
     974
     873
     966
     944
     943
     908
     846
     964
     963
     976
     964
     890
     922
     960
     872
     928
     910
     902
     873
     942
     874
     852
     891
     926
     887
     871
     899
     872
     891
     916
     882
     861
     874
     927
     946
     908
     886
     896
     934
     866
     923
     877
     917
     914
     880
     897
     882
     904
     876
     933
     868
     897
     870
     846
     817
     874
     852
     892
     865
     871
     824
     887
     831
     850
     840
     805
     943
     848
     834
     907
     849
     846
     871
     835
     810
     865
     845
     847
     794
     876
     833
     868
     773
     864
     851
     839
     792
     831
     794
     873
     901
     829
     864
     881
     858
     879
     833
     819
     815
     819
     886
     868
     857
     809
     816
     828
     758
     808
     834
     851
     840
     808
     832
     865
     858
     835
     789
     851
     842
     822
     829
     820
     783
     842
     861
     781
     803
     882
     794
     822
     844
     845
     854
     814
     811
     830
     777
     829
     886
     860
     850
     852
     825
     824
     808
     810
     818
     870
     818
     827
     821
     869
     825
     825
     866
     848
     785
     831
     794
     830
     865
     846
     822
     828
     836
     798
     851
     823
     866
     854
     857
     831
     805
     897
     865
     854
     832
     829
     839
     881
     889
     789
     889
     831
     873
     835
     844
     862
     910
     856
     834
     906
     837
     865
     874
     908
     831
     847
     881
     875
     863
     861
     861
     919
     892
     827
     846
     887
     926
     863
     770
     820
     842
     858
     926
     891
     895
     835
     868
     908
     938
     962
     888
     833
    1000
     868
     888
     913
     911
     897
     959
     873
     921
     907
     892
     923
     923
     910
     892
     918
     918
     915
     884
     959
     894
     930
     899
     872
     934
     851
     926
     897
     906
     856
     895
     890
     864
     878
     860
     872
     896
     889
     915
     890
     887
     898
     864
     868
     872
     851
     851
     808
     766
     798
     804
     791
     770
     761
     778
     709
     666
     712
     738
     683
     670
     691
     686
     668
     624
     620
     664
     658
     615
     642
     621
     550
     599
     622
     571
     574
     575
     607
     595
     537
     552
     567
     614
     570
     602
     549
     601
     665
     601
     609
     596
     551
     581
     512
     546
     609
     523
     549
     519
     542
     524
     519
     550
     515
     551
     515
     562
     488
     543
     512
     503
     543
     474
     501
     535
     527
     497
     488
     488
     533
     487
     497
     466
     517
     450
     486
     494
     443
     477
     482
     462
     499
     495
     499
     447
     477
     493
     444
     496
     465
     435
     400
     458
     437
     482
     456
     428
     457
     507
     454
     439
     459
     470
     397
     419
     419
     466
     448
     425
     405
     415
     442
     419
     429
     420
     416
     416
     416
     392
     409
     411
     424
     412
     402
     392
     410
     427
     425
     420
     409
     397
     406
     380
     423
     397
     356
     434
     375
     439
     402
     381
     393
     373
     378
     372
     381
     354
     407
     383
     370
     367
     385
     369
     340
     376
     374
     362
     355
     327
     360
     359
     351
     347
     368
     349
     349
     364
     328
     336
     333
     315
     360
     357
     351
     358
     331
     326
     368
     347
     376
     318
     347
     346
     322
     351
     333
     333
     348
     312
     307
     337
     340
     315
     353
     292
     309
     337
     299
     314
     334
     346
     325
     320
     336
     319
     347
     362
     340
     319
     310
     310
     304
     367
     346
     305
     319
     314
     312
     280
     340
     336
     323
     336
     307
     321
     324
     295
     317
     307
     316
     305
     290
     333
     365
     332
     323
     322
     296
     301
     304
     335
     285
     320
     272
     323
     337
     311
     288
     297
     295
     319
     312
     301
     314
     301
     337
     310
     312
     303
     262
     299
     302
     315
     293
     321
     315
     312
     296
     310
     259
     316
     288
     309
     275
     297
     320
     303
     333
     310
     315
     314
     306
     313
     288
     348
     299
     329
     269
     307
     296
     288
     308
     299
     306
     302
     257
     260
     313
     274
     300
     330
     310
     298
     321
     281
     314
     291
     284
     279
     296
     287
     293
     305
     283
     297
     284
     290
     307
     296
     283
     310
     270
     289
     302
     302
     281
     295
     287
     306
     271
     288
     313
     311
     268
     285
     297
     270
     277
     304
     310
     311
     273
     290
     313
     278
     303
     313
     299
     318
     311
     257
     314
     290
     321
     308
     273
     296
     316
     284
     294
     269
     257
     292
     291
     292
     290
     314
     285
     285
     281
     289
     312
     296
     287
     256
     287
     280
     261
     248
     279
     286
     311
     305
     265
     271
     294
     309
     299
     324
     292
     290
     283
     263
     349
     313
     313
     290
     330
     296
     303
     307
     261
     283
     277
     339
     328
     318
     305
     323
     321
     334
     336
     365
     384
     537
     609
     754
    1015
    1436
    1983
    2800
    3889
    5022
    6760
    8841
   11157
   13207
   15453
   17113
   17986
   17680
   17026
   15276
   13213
   10631
    8326
    6248
    4720
    3285
    2416
    1767
    1148
     870
     664
     558
     407
     361
     352
     340
     297
     321
     293
     291
     284
     306
     326
     277
     303
     285
     274
     285
     276
     324
     272
     273
     304
     293
     311
     292
     291
     290
     261
     272
     299
     281
     269
     299
     277
     266
     259
     279
     261
     298
     286
     250
     287
     276
     296
     298
     291
     277
     282
     256
     280
     292
     273
     280
     309
     285
     281
     280
     278
     275
     287
     264
     304
     280
     282
     253
     279
     297
     250
     301
     270
     283
     294
     260
     265
     306
     283
     283
     272
     273
     296
     303
     243
     280
     304
     271
     299
     286
     301
     280
     302
     264
     277
     277
     305
     289
     285
     296
     290
     276
     248
     255
     259
     302
     327
     265
     293
     271
     278
     269
     300
     273
     311
     289
     277
     271
     304
     296
     316
     288
     278
     264
     291
     282
     315
     283
     272
     312
     292
     287
     278
     276
     293
     320
     291
     316
     305
     319
     308
     309
     312
     312
     323
     315
     318
     291
     294
     268
     309
     286
     279
     294
     299
     274
     313
     329
     291
     307
     298
     300
     306
     327
     297
     309
     314
     304
     314
     330
     310
     309
     314
     330
     302
     325
     325
     315
     302
     338
     317
     286
     291
     330
     353
     287
     278
     309
     321
     318
     310
     299
     348
     307
     325
     308
     307
     341
     344
     321
     330
     319
     323
     330
     342
     335
     336
     338
     334
     356
     320
     362
     348
     323
     319
     300
     295
     312
     309
     351
     349
     335
     372
     332
     336
     319
     355
     342
     318
     319
     326
     313
     315
     331
     306
     327
     337
     339
     346
     332
     302
     330
     322
     318
     318
     326
     320
     292
     316
     336
     253
     277
     284
     284
     297
     298
     273
     275
     292
     267
     271
     259
     260
     269
     242
     262
     256
     267
     243
     230
     238
     250
     246
     236
     249
     242
     257
     229
     246
     234
     236
     216
     231
     269
     265
     230
     247
     248
     220
     238
     231
     223
     271
     228
     233
     226
     245
     234
     225
     236
     240
     253
     251
     278
     296
     309
     282
     283
     324
     296
     281
     265
     275
     261
     251
     205
     250
     208
     229
     197
     192
     211
     212
     232
     184
     211
     234
     187
     196
     222
     212
     189
     238
     197
     205
     221
     182
     186
     216
     222
     202
     206
     203
     213
     213
     211
     203
     209
     204
     167
     233
     197
     184
     195
     183
     212
     184
     194
     184
     198
     188
     196
     174
     203
     194
     178
     192
     217
     188
     199
     172
     187
     161
     202
     189
     209
     178
     200
     194
     202
     230
     170
     196
     194
     185
     180
     159
     195
     186
     172
     173
     196
     187
     172
     202
     179
     178
     194
     182
     193
     180
     181
     193
     183
     174
     158
     186
     186
     175
     195
     190
     154
     189
     192
     193
     208
     172
     193
     201
     184
     171
     175
     163
     182
     158
     176
     169
     150
     158
     166
     180
     202
     151
     169
     161
     165
     159
     151
     165
     161
     149
     180
     160
     156
     165
     164
     153
     144
     141
     156
     167
     167
     163
     168
     171
     162
     132
     168
     147
     168
     155
     139
     148
     148
     163
     156
     149
     168
     152
     139
     136
     145
     151
     136
     150
     157
     128
     162
     124
     150
     128
     161
     149
     136
     155
     154
     132
     151
     133
     128
     139
     164
     136
     134
     147
     134
     151
     130
     134
     124
     139
     151
     132
     127
     136
     142
     110
     142
     126
     127
     138
     143
     137
     123
     155
     134
     134
     123
     121
     134
     143
     131
     113
     130
     136
     140
     145
     134
     146
     142
     142
     116
     112
     161
     156
     144
     123
     130
     139
     143
     118
     128
     129
     123
     125
     136
     148
     151
     121
     133
     145
     144
     136
     145
     138
     148
     132
     141
     128
     127
     125
     124
     122
     133
     127
     130
     148
     127
     140
     142
     144
     114
     127
     129
     119
     133
     125
     123
     149
     142
     122
     127
     116
     131
     120
     108
     160
     123
     163
     150
     117
     134
     129
     137
     125
     140
     120
     143
     130
     134
     120
     140
     130
     123
     125
     138
     124
     122
     136
     119
     137
     118
     137
     113
     133
     147
     133
     135
     123
     131
     140
     125
     128
     119
     140
     118
     148
     129
     135
     123
     149
     112
     110
     121
     123
     137
     111
     135
      99
     129
     116
     120
     130
     124
     156
     124
     130
     145
     125
     141
     137
     100
     113
     128
     122
     109
     117
     122
     142
     129
     134
     127
     118
     124
     136
     134
     123
     135
     120
     116
     138
     141
     134
     142
     110
     113
     135
     127
     136
     115
     116
     128
     124
     128
     141
     126
     120
     129
     121
     120
     137
     140
     132
     140
     127
     135
     115
     132
     118
     150
     135
      98
     105
     135
     140
     150
     121
     141
     111
     135
     118
     126
     146
     124
     134
     123
     122
     140
     119
     128
     123
     129
     137
     138
     133
     119
     149
     148
     168
     163
     214
     299
     380
     578
     763
    1150
    1578
    2181
    2995
    4007
    5025
    5980
    6708
    7208
    7132
    6565
    5617
    4231
    2985
    1889
    1233
     721
     469
     318
     214
     175
     156
     140
     136
     132
     129
     136
     127
     117
     153
     116
     137
     139
     126
     142
     143
     112
     147
     130
     109
     136
     141
     130
     126
     111
     130
     136
     127
     135
     120
     129
     136
     117
     124
     112
     138
     138
     140
     138
     142
     146
     151
     138
     134
     146
     150
     179
     154
     184
     186
     174
     168
     178
     142
     161
     133
     152
     130
     122
     117
     136
      96
     123
     122
     121
     138
     120
     127
     142
     143
     138
     130
     145
     176
     179
     223
     214
     254
     230
     237
     263
     263
     232
     199
     178
     156
     150
     149
     144
     120
     116
     115
     124
     148
     133
     132
     120
     139
     119
     138
     120
     128
     135
     144
     117
     126
     126
     119
     135
     117
     127
     148
     137
     148
     132
     134
     148
     160
     155
     153
     178
     166
     200
     197
     200
     184
     162
     167
     173
     185
     163
     173
     137
     154
     143
     143
     140
     153
     125
     123
     131
     131
     138
     131
     126
     119
     153
     136
     122
     128
     127
     128
     127
     124
     115
     146
     110
     121
     130
     122
     138
     146
     118
     130
     139
     120
     140
     128
     133
     117
     134
     125
     130
     120
     138
     112
     141
     111
     106
     139
     137
     139
     136
     135
     151
     136
     128
     120
     120
     113
     137
     136
     116
     126
     134
     130
     153
     134
     160
     137
     142
     140
     161
     161
     147
     142
     162
     143
     150
     150
     147
     149
     127
     137
     124
     133
     126
     138
     117
     129
     130
     138
     126
     136
     144
     124
     114
     137
     140
     145
     152
     161
     139
     127
     115
     138
     149
     133
     141
     145
     132
     133
     124
     131
     139
     121
     134
     126
     132
     104
     133
     128
     125
     145
     132
     115
     134
     128
     152
     150
     137
     115
     107
     122
     150
     126
     146
     145
     129
     113
     129
     155
     114
     129
     149
     155
     136
     147
     130
     135
     128
     135
     142
     134
     130
     128
     133
     146
     120
     128
     147
     156
     147
     119
     142
     147
     141
     149
     146
     140
     134
     145
     144
     136
     146
     146
     134
     131
     137
     150
     154
     131
     138
     112
     128
     117
     141
     131
     124
     126
     158
     158
     143
     122
     148
     129
     150
     120
     154
     125
     132
     156
     133
     132
     116
     158
     125
     140
     159
     155
     146
     139
     139
     118
     142
     118
     142
     125
     155
     140
     128
     161
     126
     124
     149
     128
     139
     130
     138
     134
     125
     143
     122
     135
     158
     156
     137
     150
     147
     111
     144
     144
     133
     146
     133
     147
     135
     135
     155
     142
     130
     148
     155
     142
     125
     126
     127
     142
     153
     146
     153
     146
     154
     135
     126
     141
     151
     143
     147
     153
     162
     129
     139
     136
     146
     131
     159
     148
     160
     170
     155
     151
     178
     135
     160
     155
     147
     150
     155
     137
     165
     148
     164
     139
     156
     144
     149
     161
     142
     160
     173
     148
     128
     149
     171
     165
     143
     167
     146
     147
     165
     141
     155
     154
     127
     155
     145
     153
     146
     141
     153
     159
     150
     154
     139
     161
     136
     172
     149
     134
     141
     134
     160
     153
     132
     157
     151
     159
     179
     155
     160
     131
     138
     139
     138
     154
     136
     146
     154
     142
     152
     161
     154
     162
     171
     163
     177
     157
     136
     165
     163
     156
     150
     148
     156
     181
     137
     150
     153
     127
     152
     165
     172
     167
     153
     169
     149
     161
     176
     146
     156
     172
     152
     168
     153
     185
     151
     169
     152
     180
     166
     139
     184
     185
     161
     166
     160
     176
     158
     151
     135
     155
     154
     153
     178
     163
     160
     153
     159
     156
     143
     189
     148
     136
     193
     166
     166
     153
     158
     159
     150
     153
     161
     155
     147
     178
     167
     165
     179
     182
     180
     188
     188
     179
     174
     180
     185
     168
     177
     173
     176
     166
     159
     165
     155
     168
     164
     186
     169
     195
     191
     188
     199
     188
     183
     187
     170
     188
     205
     165
     175
     155
     166
     183
     161
     163
     176
     191
     184
     169
     175
     194
     177
     169
     197
     164
     166
     159
     181
     181
     168
     181
     177
     166
     161
     190
     166
     167
     193
     179
     182
     174
     185
     197
     174
     200
     176
     195
     182
     185
     192
     190
     167
     174
     175
     195
     175
     181
     192
     207
     149
     158
     178
     187
     166
     192
     179
     191
     178
     170
     176
     175
     194
     167
     159
     189
     197
     179
     179
     174
     191
     185
     192
     175
     208
     176
     196
     184
     222
     204
     181
     191
     194
     186
     200
     200
     177
     216
     195
     197
     195
     194
     214
     197
     203
     179
     199
     218
     193
     181
     200
     159
     193
     202
     205
     180
     211
     222
     175
     195
     196
     205
     187
     212
     207
     221
     214
     206
     206
     210
     200
     256
     208
     202
     216
     217
     215
     193
     216
     216
     193
     202
     250
     206
     202
     217
     215
     191
     187
     207
     190
     226
     248
     219
     220
     203
     224
     225
     252
     219
     215
     222
     200
     238
     239
     217
     202
     238
     240
     229
     231
     225
     208
     240
     239
     233
     225
     223
     221
     217
     234
     259
     233
     233
     212
     227
     241
     211
     243
     203
     218
     241
     213
     229
     241
     244
     212
     257
     257
     227
     236
     200
     235
     213
     264
     260
     216
     231
     234
     239
     226
     227
     249
     209
     258
     263
     209
     232
     242
     249
     281
     240
     240
     238
     240
     245
     217
     252
     239
     235
     248
     211
     234
     239
     238
     254
     258
     264
     244
     244
     251
     270
     261
     248
     248
     231
     241
     236
     247
     249
     247
     243
     237
     267
     254
     247
     253
     228
     243
     246
     241
     273
     283
     243
     222
     228
     233
     248
     249
     235
     250
     259
     259
     250
     231
     248
     234
     244
     241
     236
     251
     247
     234
     230
     232
     218
     221
     217
     222
     232
     212
     220
     211
     219
     209
     214
     196
     206
     183
     188
     192
     205
     201
     188
     177
     169
     162
     168
     180
     165
     158
     192
     159
     164
     161
     171
     147
     176
     204
     187
     179
     168
     188
     161
     172
     201
     171
     156
     172
     170
     149
     165
     147
     140
     161
     150
     143
     175
     139
     158
     149
     158
     148
     148
     159
     169
     153
     151
     137
     139
     149
     157
     147
     147
     144
     135
     156
     133
     123
     125
     132
     131
     140
     155
     156
     148
     140
     151
     155
     136
     149
     139
     139
     129
     139
     153
     142
     153
     126
     144
     159
     142
     144
     157
     127
     118
     136
     139
     148
     161
     131
     147
     139
     139
     127
     152
     140
     112
     141
     129
     132
     131
     134
     141
     113
     139
     124
     131
     134
     130
     144
     107
     117
     117
     129
     125
     141
     147
     117
     110
     127
     122
     141
     109
     128
     107
     124
     107
     125
     136
     107
     138
     111
     139
     115
     131
     113
     111
     122
      97
     105
     125
     117
     102
      94
     136
     114
     123
     135
     137
     104
      99
     115
     113
     113
     118
     120
      99
      93
      92
     104
     111
      98
     111
     116
     131
     105
     105
     112
      97
     101
     126
     107
     108
     126
     112
     116
     138
     111
     133
     130
     141
     139
     144
     134
     146
     152
     142
     135
     123
     122
     117
     118
     106
     105
      96
      93
      92
     111
     105
     100
     102
      91
      98
      94
      79
      88
      99
      90
     102
      95
      76
      85
      89
      94
      92
      94
      87
      89
      79
      70
      79
      78
      77
      77
      91
      83
      90
      63
      79
      82
      82
      73
      80
      68
      67
      72
      67
      67
      67
      75
      74
      76
      76
      71
      72
      79
      80
      65
      65
      62
      75
      73
      72
      64
      63
      68
      53
      56
      68
      66
      68
      72
      62
      54
      62
      59
      64
      64
      55
      76
      55
      65
      61
      47
      75
      67
      68
      59
      55
      67
      65
      53
      68
      56
      73
      56
      61
      53
      52
      54
      60
      52
      63
      71
      60
      47
      44
      59
      43
      56
      60
      63
      50
      63
      53
      55
      59
      56
      64
      62
      47
      38
      52
      52
      59
      38
      59
      53
      48
      57
      45
      51
      53
      71
      55
      48
      45
      54
      51
      58
      48
      41
      59
      54
      47
      46
      42
      28
      48
      52
      53
      36
      46
      36
      45
      52
      60
      49
      56
      42
      58
      46
      42
      40
      51
      45
      49
      48
      46
      50
      40
      43
      50
      52
      43
      42
      60
      43
      43
      48
      44
      48
      38
      56
      53
      49
      52
      49
      49
      60
      47
      48
      58
      51
      38
      65
      57
      64
      66
      74
      60
      59
      68
      70
      56
      48
      49
      51
      55
      40
      53
      53
      53
      46
      47
      50
      41
      48
      46
      49
      42
      47
      40
      48
      48
      59
      54
      39
      51
      52
      38
      54
      70
      49
      59
      50
      59
      50
      56
      50
      50
      51
      37
      35
      58
      49
      50
      46
      42
      41
      48
      48
      41
      56
      43
      35
      39
      55
      35
      44
      44
      49
      30
      37
      50
      42
      36
      55
      39
      45
      46
      53
      40
      36
      41
      36
      40
      45
      32
      51
      44
      54
      44
      51
      44
      46
      46
      48
      48
      38
      35
      49
      53
      44
      43
      44
      49
      64
      46
      46
      63
      45
      40
      39
      35
      67
      41
      43
      53
      48
      38
      45
      53
      50
      44
      36
      55
      70
      66
      83
      83
      78
      95
     124
     153
     189
     261
     337
     372
     463
     579
     704
     840
    1055
    1348
    1590
    1988
    2570
    3104
    3608
    4053
    4594
    4801
    4935
    5116
    5222
    5226
    5183
    4631
    3930
    3161
    2226
    1582
    1100
     766
     614
     458
     348
     231
     152
      93
      91
      55
      53
      55
      56
      52
      53
      39
      48
      50
      43
      52
      44
      51
      44
      50
      41
      49
      53
      49
      61
      47
      47
      35
      43
      43
      43
      37
      51
      46
      47
      48
      48
      40
      51
      54
      50
      52
      49
      45
      44
      56
      53
      50
      53
      34
      41
      54
      55
      57
      43
      56
      46
      65
      47
      66
      82
      64
      65
      74
      77
      73
      74
      60
      64
      62
      54
      64
      72
      41
      55
      42
      49
      53
      39
      40
      38
      44
      42
      45
      51
      43
      41
      48
      38
      45
      51
      42
      53
      47
      46
      43
      40
      48
      36
      45
      54
      38
      30
      48
      49
      43
      43
      47
      39
      52
      48
      39
      45
      46
      43
      26
      40
      41
      46
      41
      42
      44
      42
      40
      44
      37
      45
      52
      46
      35
      48
      38
      41
      31
      44
      54
      39
      45
      38
      32
      46
      41
      52
      51
      42
      39
      40
      44
      44
      36
      39
      37
      56
      43
      42
      39
      50
      43
      40
      45
      40
      52
      44
      41
      54
      39
      45
      46
      42
      26
      44
      39
      46
      50
      53
      36
      40
      48
      49
      41
      38
      49
      29
      48
      39
      48
      42
      43
      54
      50
      38
      49
      41
      51
      44
      38
      44
      43
      40
      42
      41
      52
      29
      49
      38
      44
      37
      55
      40
      58
      47
      47
      46
      44
      41
      51
      56
      50
      53
      40
      51
      36
      42
      49
      43
      51
      43
      41
      43
      57
      61
      49
      36
      33
      50
      41
      47
      43
      43
      46
      47
      46
      60
      59
      51
      54
      43
      34
      51
      44
      61
      40
      33
      42
      35
      46
      42
      48
      52
      52
      43
      50
      39
      35
      40
      44
      55
      48
      48
      48
      31
      46
      48
      50
      38
      41
      42
      48
      54
      53
      42
      44
      45
      54
      41
      40
      45
      48
      44
      52
      43
      54
      44
      46
      53
      51
      59
      54
      43
      56
      60
      72
      73
      71
      81
      72
      64
      62
      66
      71
      80
      58
      51
      66
      68
      51
      39
      45
      51
      38
      54
      35
      34
      49
      44
      36
      30
      42
      48
      38
      39
      41
      49
      39
      53
      50
      32
      31
      53
      42
      52
      40
      25
      29
      42
      35
      57
      37
      47
      41
      55
      43
      35
      48
      45
      49
      41
      43
      34
      50
      45
      57
      40
      37
      52
      34
      43
      44
      42
      46
      53
      47
      51
      33
      35
      38
      39
      46
      42
      37
      46
      42
      38
      48
      37
      38
      41
      42
      29
      46
      44
      36
      43
      44
      35
      37
      37
      41
      39
      36
      50
      23
      32
      41
      44
      32
      37
      41
      37
      28
      41
      42
      34
      42
      43
      52
      45
      40
      41
      46
      33
      37
      34
      29
      34
      34
      49
      39
      43
      40
      39
      35
      44
      37
      34
      41
      38
      38
      33
      46
      43
      35
      39
      33
      43
      31
      35
      30
      42
      47
      41
      41
      51
      41
      47
      48
      39
      41
      30
      38
      32
      35
      47
      39
      37
      25
      29
      52
      34
      33
      39
      40
      51
      36
      42
      38
      32
      38
      34
      44
      39
      38
      39
      41
      37
      43
      36
      35
      55
      28
      35
      49
      40
      56
      33
      33
      29
      44
      37
      54
      46
      32
      36
      38
      49
      33
      49
      39
      40
      30
      33
      51
      39
      46
      33
      43
      31
      37
      33
      31
      34
      42
      39
      52
      33
      25
      48
      26
      35
      40
      30
      26
      54
      37
      39
      29
      51
      41
      32
      31
      42
      46
      36
      37
      36
      37
      27
      46
      33
      36
      37
      44
      41
      46
      44
      38
      45
      32
      47
      49
      26
      27
      35
      40
      38
      33
      36
      43
      39
      29
      46
      34
      37
      41
      45
      26
      39
      38
      29
      44
      32
      40
      34
      46
      45
      46
      44
      43
      48
      37
      46
      37
      38
      51
      43
      36
      36
      45
      31
      34
      34
      29
      44
      32
      35
      36
      43
      34
      38
      42
      35
      41
      46
      39
      37
      44
      39
      41
      32
      30
      51
      48
      41
      37
      29
      30
      29
      35
      43
      46
      39
      35
      36
      42
      35
      56
      39
      51
      39
      28
      40
      30
      47
      50
      30
      36
      31
      47
      47
      29
      35
      38
      42
      36
      36
      44
      33
      42
      35
      49
      28
      42
      36
      50
      37
      38
      34
      33
      44
      39
      37
      40
      42
      40
      40
      37
      42
      35
      35
      34
      48
      44
      37
      38
      38
      50
      31
      32
      29
      34
      34
      33
      33
      45
      47
      33
      39
      42
      29
      37
      42
      49
      42
      39
      41
      40
      37
      40
      42
      44
      47
      37
      39
      34
      41
      30
      45
      53
      34
      39
      46
      45
      43
      55
      59
      37
      47
      43
      45
      36
      49
      49
      50
      48
      46
      57
      59
      55
      40
      42
      49
      50
      43
      47
      36
      44
      39
      40
      39
      49
      57
      47
      47
      39
      41
      29
      31
      29
      42
      34
      44
      37
      40
      43
      35
      41
      33
      29
      38
      42
      40
      35
      41
      36
      38
      49
      33
      45
      40
      28
      42
      41
      28
      27
      37
      32
      47
      34
      24
      35
      45
      33
      34
      45
      36
      28
      33
      39
      25
      29
      23
      32
      23
      36
      31
      33
      31
      25
      26
      33
      19
      25
      23
      26
      27
      34
      31
      30
      17
      30
      30
      34
      23
      29
      30
      26
      30
      21
      24
      35
      26
      23
      23
      21
      21
      27
      28
      36
      22
      34
      23
      24
      23
      20
      30
      20
      26
      23
      29
      20
      25
      26
      24
      27
      23
      25
      15
      26
      21
      20
      23
      25
      18
      25
      25
      28
      24
      31
      20
      29
      20
      28
      26
      28
      27
      18
      27
      25
      27
      18
      22
      21
      18
      26
      22
      20
      19
      27
      16
      18
      30
      24
      26
      20
      23
      17
      12
      21
      22
      21
      26
      22
      21
      22
      23
      24
      20
      18
      23
      24
      25
      15
      19
      20
      27
      13
      30
      26
      17
      22
      31
      39
      28
      36
      36
      44
      43
      51
      47
      68
      71
      83
     109
     117
     114
     136
     189
     185
     207
     199
     259
     269
     279
     270
     280
     293
     305
     297
     280
     268
     232
     192
     131
     110
      75
      58
      59
      44
      31
      52
      33
      26
      28
      19
      24
      15
      18
      19
      16
      18
      21
      17
      17
      22
      17
      24
      22
      18
      21
      25
      34
      26
      32
      22
      21
      22
      22
      19
      12
      13
      12
      23
      12
      13
      17
      15
      15
       7
      18
       6
      12
      26
      16
      14
      16
      17
      12
      13
      10
      16
      14
      11
      10
      14
      11
      21
      13
      13
      15
      12
      16
      11
      16
      16
       6
      13
      18
      10
      18
      15
       7
      12
      19
      15
      12
      13
      12
       8
       3
       9
      14
       6
       8
       8
       9
      12
      18
      15
       8
       4
      17
      12
      12
      13
      12
       7
      17
      12
      14
       9
      12
      13
       9
      11
      13
       7
      11
       7
       6
      10
       8
      10
       9
       4
      10
      11
      10
       8
      13
       8
       6
       6
       7
       6
       8
       6
      11
       7
       8
       7
      15
      11
       6
       9
      10
       7
       8
       7
       3
       6
      10
       7
       7
       5
      13
       8
       8
       8
      11
       8
       8
       6
      15
       2
       6
       6
       6
       3
       8
       5
       8
       4
       6
       9
       8
       2
      12
       7
      10
      11
       3
      10
       8
       8
      12
       4
       5
       8
       4
       3
       8
       4
       9
       5
       8
       4
      10
       5
       5
       8
       6
       3
       5
       4
       8
       4
       8
       9
       9
       6
       6
       5
       5
       7
       8
       7
       5
       7
       6
       5
       8
       5
       4
       7
       5
       4
       4
       8
       5
       6
       2
       3
       4
       4
       6
       7
       4
       1
       6
       8
       8
       3
       9
       7
       1
       5
       1
       4
       1
       3
       3
       8
       5
       6
       2
       5
       7
       8
       7
       9
       6
       6
       5
       0
       2
       6
       4
       8
      10
      12
       5
       7
       7
       3
       7
       4
       7
       9
      12
       6
       8
       7
       4
       4
       4
       7
       6
       8
      10
       9
       9
       4
       4
      10
       4
       7
       8
       9
      10
       8
      12
      12
      12
      19
       9
      15
      11
      17
      21
      18
      27
      28
      28
      39
      41
      49
      40
      57
      47
      68
      75
      51
      53
      51
      56
      47
      57
      36
      46
      58
      31
      30
      27
      23
      18
      17
      14
       7
       8
       6
       4
       6
       7
       5
       8
       5
       4
       5
       7
       3
       5
      13
       4
       6
       7
       4
       6
       1
       2
       6
       5
       5
       6
       5
       9
       5
       8
       6
       2
       7
       8
       8
      10
      16
      14
      19
      19
      24
      23
      38
      40
      49
      49
      85
      69
      78
      83
      94
     121
     154
     194
     210
     269
     295
     343
     428
     401
     404
     445
     447
     510
     493
     492
     557
     563
     526
     542
     489
     434
     362
     254
     198
     155
     104
      82
      63
      65
      43
      49
      28
      19
      24
      14
       8
       8
       2
       5
       4
       3
       3
       1
       6
       8
       4
       2
       4
       2
       2
       3
       4
       3
       7
       4
       5
       4
       4
       5
       5
       8
       2
       4
       6
       4
       4
       4
       6
       8
       3
       2
       3
       7
       5
       1
       8
       2
       1
       2
       5
       6
       9
       2
       1
       3
       1
       3
       5
       4
       2
       3
       2
       1
       5
       2
       2
       6
       2
       2
       4
       7
       1
       3
       1
       3
       5
       6
       4
       5
       2
       2
       2
       2
       6
       1
       4
       5
       4
       4
       6
       2
       3
       2
       3
       6
       6
       4
       5
       0
       5
       6
       3
       5
       1
       2
       2
       2
       6
       3
       2
       2
       3
       4
       4
       3
       4
       4
       2
       1
       3
       5
       2
       3
       5
       1
       2
       3
       1
       2
       2
       3
       7
       2
       1
       2
       3
       2
       5
       1
       2
       1
       4
       3
       3
       7
       2
       2
       5
       1
       1
       4
       3
       6
       5
       1
       3
       2
       1
       5
       6
       3
       2
       5
       1
       1
       4
       2
       3
       1
       3
       5
       2
       2
       1
       5
       0
       3
       4
       4
       3
       2
       4
       2
       2
       1
       5
       3
       2
       6
       4
       3
       3
       2
       1
       5
       1
       2
       6
       3
       3
       2
       2
       4
       3
       2
       2
       2
       3
       3
       3
       2
       1
       5
       1
       3
       6
       8
       6
       4
       5
       3
       2
       7
       3
       7
       4
       6
       2
       7
       4
       4
       1
       3
       2
       2
       1
       2
       1
       4
       2
       1
       4
       1
       3
       2
       2
       2
       5
       3
       0
       3
       0
       2
       5
       0
       5
       5
       0
       2
       3
       3
       4
       4
       1
       2
       3
       2
       4
       5
       4
       4
       5
       5
       6
       2
       6
       4
       4
       5
       9
       5
       6
       7
       5
       5
       4
       3
       3
       3
       4
       3
       2
       3
       0
       2
       2
       3
       1
       3
       3
       2
       2
       5
       1
       3
       2
       2
       4
       4
       3
       2
       1
       1
       3
       2
       2
       4
       1
       4
       1
       0
       1
       3
       5
       3
       1
       4
       3
       3
       2
       4
       3
       3
       0
       4
       0
       1
       2
       4
       2
       1
       1
       0
       4
       2
       1
       2
       1
       2
       3
       1
       1
       1
       2
       2
       1
       1
       2
       0
       2
       4
       1
       2
       1
       2
       2
       3
       1
       4
       5
       2
       2
       2
       1
       4
       1
       2
       2
       3
       1
       1
       2
       4
       4
       0
       2
       1
       3
       1
       2
       2
       2
       5
       2
       0
       2
       3
       3
       3
       4
       2
       1
       1
       1
       4
       5
       2
       5
       4
       3
       3
       0
       3
       0
       0
       1
       2
       0
       1
       3
       2
       2
       1
       2
       0
       3
       2
       1
       5
       0
       3
       0
       2
       0
       1
       2
       1
       1
       2
       2
       2
       5
       4
       2
       2
       1
       1
       1
       2
       1
       1
       3
       1
       5
       3
       3
       2
       3
       4
       1
       0
       1
       1
       2
       2
       2
       2
       3
       0
       2
       2
       1
       5
       1
       1
       0
       3
       1
       4
       2
       0
       2
       0
       0
       0
       1
       4
       1
       1
       1
       1
       1
       0
       1
       6
       5
       2
       1
       2
       2
       2
       3
       3
       2
       1
       3
       0
       4
       4
       2
       0
       3
       1
       2
       0
       3
       2
       1
       3
       1
       4
       1
       1
       2
       1
       2
       3
       3
       3
       1
       3
       0
       2
       0
       0
       3
       1
       4
       0
       2
       2
       2
       2
       2
       1
       2
       0
       1
       1
       3
       1
       2
       1
       2
       2
       1
       2
       2
       2
       2
       0
       4
       1
       0
       3
       1
       4
       0
       2
       1
       0
       1
       1
       0
       1
       1
       4
       2
       4
       0
       2
       1
       3
       0
       4
       2
       2
       1
       1
       3
       1
       2
       1
       2
       0
       3
       1
       1
       2
       2
       2
       2
       1
       2
       1
       1
       2
       1
       2
       0
       1
       5
       4
       1
       0
       0
       1
       1
       2
       2
       4
       1
       2
       3
       0
       0
       2
       1
       1
       1
       1
       2
       1
       1
       1
       1
       1
       1
       3
       2
       2
       2
       2
       0
       1
       1
       3
       2
       2
       2
       2
       2
       2
       2
       2
       0
       2
       1
       1
       2
       0
       0
       2
       3
       2
       0
       1
       4
       2
       1
       2
       2
       0
       1
       2
       4
       0
       3
       0
       1
       0
       0
       3
       1
       1
       1
       0
       2
       1
       1
       1
       1
       3
       0
       2
       4
       3
       0
       0
       1
       2
       2
       1
       0
       1
       3
       6
       2
       1
       1
       0
       2
       2
       1
       2
       0
       5
       0
       3
       3
       2
       1
       1
       1
       1
       1
       2
       1
       1
       3
       2
       3
       1
       3
       2
       3
       2
       3
       1
       3
       2
       0
       3
       1
       0
       0
       2
       1
       2
       1
       0
       4
       0
       1
       2
       1
       2
       2
       5
       2
       0
       2
       0
       2
       1
       2
       1
       4
       0
       4
       1
       2
       3
       1
       0
       1
       0
       0
       0
       3
       4
       0
       1
       0
       1
       1
       2
       1
       1
       1
       0
       0
       1
       0
       1
       0
       0
       2
       2
       1
       0
       2
       3
       2
       2
       2
       0
       0
       2
       1
       1
       1
       2
       0
       1
       2
       2
       2
       4
       0
       2
       2
       4
       0
       0
       2
       2
       1
       0
       0
       0
       0
       0
       1
       5
       2
       1
       1
       4
       1
       2
       3
       0
       1
       3
       1
       1
       5
       1
       1
       3
       1
       1
       5
       1
       2
       1
       0
       5
       0
       0
       3
       1
       3
       3
       2
       2
       2
       4
       0
       2
       2
       0
       0
       2
       1
       2
       3
       1
       1
       0
       1
       1
       1
       2
       3
       0
       1
       2
       0
       2
       2
       3
       0
       1
       1
       0
       1
       0
       1
       0
       1
       1
       0
       0
       1
       0
       4
       2
       4
       2
       0
       0
       3
       1
       1
       3
       0
       1
       1
       3
       2
       2
       1
       1
       2
       2
       1
       2
       3
       2
       2
       1
       3
       0
       1
       0
       1
       0
       1
       2
       1
       0
       1
       1
       2
       1
       0
       1
       0
       1
       4
       1
       0
       1
       1
       1
       2
       1
       3
       1
       1
       0
       1
       0
       2
       1
       1
       1
       2
       3
       2
       1
       2
       1
       0
       0
       0
       1
       1
       0
       2
       0
       1
       2
       0
       0
       1
       1
       2
       0
       3
       0
       0
       2
       2
       0
       1
       2
       1
       0
       3
       1
       1
       0
       0
       0
       4
       1
       0
       2
       1
       0
       0
       1
       0
       0
       2
       2
       2
       1
       1
       2
       0
       2
       0
       0
       2
       5
       1
       1
       2
       2
       2
       1
       2
       1
       1
       1
       1
       1
       0
       2
       0
       3
       2
       4
       0
       1
       0
       1
       1
       1
       1
       0
       2
       1
       0
       2
       0
       1
       1
       2
       0
       0
       3
       1
       1
       2
       0
       4
       2
       0
       0
       1
       0
       2
       0
       1
       1
       1
       3
       2
       0
       1
       2
       1
       3
       1
       1
       2
       0
       1
       1
       0
       2
       0
       1
       1
       2
       2
       0
       3
       2
       1
       0
       2
       1
       1
       1
       0
       3
       2
       2
       0
       1
       1
       2
       1
       3
       0
       0
       3
       2
       2
       0
       1
       2
       1
       0
       0
       1
       2
       2
       0
       0
       0
       1
       1
       1
       0
       0
       0
       2
       3
       0
       4
       0
       1
       2
       1
       1
       0
       0
       0
       1
       2
       2
       2
       1
       1
       0
       1
       0
       0
       1
       1
       0
       0
       3
       0
       0
       1
       2
       0
       2
       2
       0
       1
       2
       0
       2
       1
       0
       1
       2
       1
       1
       1
       0
       2
       1
       1
       0
       1
       2
       1
       1
       2
       1
       1
       1
       1
       0
       0
       1
       4
       1
       2
       1
       1
       2
       1
       1
       0
       0
       1
       1
       0
       0
       1
       0
       1
       1
       0
       1
       0
       0
       0
       0
       1
       1
       2
       2
       0
       3
       2
       4
       1
       1
       0
       0
       0
       0
       1
       0
       0
       2
       1
       0
       1
       2
       0
       1
       0
       1
       0
       0
       3
       0
       2
       4
       2
       2
       1
       3
       0
       1
       1
       0
       2
       1
       0
       2
       0
       2
       3
       2
       1
       1
       1
       1
       0
       2
       5
       0
       2
       1
       1
       1
       0
       1
       3
       0
       1
       1
       0
       2
       1
       0
       1
       1
       0
       0
       1
       0
       0
       1
       1
       2
       1
       1
       0
       0
       0
       4
       2
       0
       0
       0
       0
       0
       1
       3
       2
       1
       0
       4
       1
       0
       1
       0
       1
       0
       0
       1
       0
       3
       1
       0
       0
       0
       2
       0
       0
       1
       0
       0
       1
       0
       0
       1
       1
       1
       1
       0
       3
       0
       1
       0
       1
       1
       2
       0
       0
       1
       2
       0
       1
       2
       3
       2
       0
       1
       1
       0
       0
       1
       0
       2
       1
       2
       0
       3
       0
       3
       0
       1
       1
       0
       0
       0
       0
       1
       0
       0
       0
       1
       1
       0
       1
       1
       0
       1
       1
       1
       1
       1
       0
       0
       1
       0
       1
       0
       1
       3
       0
       4
       1
       0
       1
       0
       0
       0
       1
       2
       0
       1
       1
       0
       2
       1
       3
       1
       1
       0
       1
       2
       1
       0
       1
       2
       0
       2
       1
       1
       0
       2
       0
       1
       1
       1
       2
       1
       0
       0
       1
       1
       0
       0
       0
       3
       1
       1
       0
       0
       0
       2
       0
       1
       2
       1
       0
       0
       0
       0
       1
       0
       1
       0
       0
       1
       0
       2
       0
       1
       1
       2
       2
       0
       0
       0
       1
       2
       1
       0
       2
       1
       1
       3
       1
       0
       0
       0
       0
       0
       1
       1
       0
       1
       0
       0
       0
       3
       2
       0
       0
       0
       2
       1
       0
       0
       1
       0
       2
       1
       0
       2
       1
       1
       0
       1
       2
       0
       1
       2
       1
       1
       0
       2
       1
       1
       1
       0
       1
       1
       0
       1
       0
       0
       1
       0
       0
       3
       2
       1
       0
       0
       1
       0
       0
       0
       2
       1
       0
       0
       1
       1
       0
       0
       0
       1
       1
       0
       1
       1
       0
       1
       0
       1
       0
       0
       2
       0
       0
       0
       0
       1
       0
       1
       0
       1
       0
       0
       1
       2
       1
       1
       0
       0
       2
       1
       0
       0
       0
       1
       2
       2
       1
       1
       0
       0
       0
       0
       0
       0
       1
       0
       1
       1
       0
       0
       1
       2
       1
       1
       0
       1
       0
       0
       0
       0
       1
       0
       2
       0
       0
       0
       0
       2
       1
       0
       0
       0
       0
       1
       0
       0
       3
       1
       1
       3
       0
       0
       0
       0
       0
       1
       1
       1
       1
       0
       1
       1
       1
       2
       1
       0
       0
       2
       1
       1
       3
       1
       3
       0
       2
       2
       2
       0
       2
       1
       3
       5
       3
       4
       4
       6
       5
       4
       5
       2
       6
       4
       7
       6
       3
       2
       1
       1
       8
       1
       6
       3
       5
       0
       3
       1
       1
       0
       1
       2
       0
       2
       0
       0
       1
       0
       0
       2
       0
       0
       0
       0
       0
       0
       0
       0
       1
       1
       1
       0
       1
       0
       2
       2
       1
       0
       0
       0
       0
       0
       2
       0
       0
       1
       4
       1
       0
       0
       2
       1
       0
       0
       0
       1
       1
       1
       0
       0
       0
       0
       0
       0
       1
       0
       1
       1
       1
       0
       2
       0
       0
       1
       0
       1
       2
       0
       0
       1
       0
       0
       0
       0
       0
       0
       0
       1
       0
       0
       1
       1
       1
       0
       0
       2
       1
       1
       1
       0
       1
       0
       0
       0
       0
       0
       0
       0
       1
       1
       0
       0
       0
       0
       0
       0
       0
       0
       0
       0
       2
       0
       1
       2
       1
       0
       0
       0
       0
       0
       0
       0
       1
       0
       0
       1
       0
       1
       0
       0
       2
       0
       0
       0
       0
       1
       1
       1
       0
       1
       1
       0
       1
       1
       0
       0
       0
       1
       0
       1
       0
       1
       1
       0
       2
       1
       0
       2
       0
       0
       0
       0
       1
       0
       0
       0
       0
       0
       0
       0
       0
       1
       1
       1
       2
       0
       0
       0
       0
       0
       0
       0
       0
       1
       2
       0
       0
       2
       0
       0
       1
       0
       0
       1
       1
       2
       0
       0
       0
       0
       0
       1
       2
       0
       2
       1
       1
       0
       1
       0
       1
       0
       1
       1
       0
       0
       0
       3
       2
       0
       0
       0
       1
       0
       0
       1
       0
       0
       0
       0
       0
       1
       0
       1
       2
       0
       0
       0
       0
       0
       3
       1
       0
       0
       0
       0
       2
       0
       1
       1
       0
       0
       0
       1
       0
       1
       1
       1
       1
       0
       1
       1
       2
       0
       1
       0
       0
       0
       0
       1
       0
       0
       0
       2
       0
       0
       1
       0
       1
       0
       0
       1
       0
       0
       1
       1
       0
       0
       0
       0
       0
       1
       0
       1
       1
       0
       1
       1
       0
       1
       1
       0
       1
       0
       2
       1
       0
       0
       0
       1
       1
       0
       1
       1
       1
       1
       1
       1
       2
       2
       1
       0
       2
       0
       2
       1
       1
       0
       0
       1
       0
       2
       3
       0
       2
       1
       0
       0
       3
       0
       0
       2
       0
       2
       0
       1
       0
       3
       1
       0
       0
       0
       1
       1
       0
       2
       2
       1
       0
       1
       2
       2
       1
       1
       0
       0
       1
       2
       1
       0
       1
       2
       1
       1
       1
       0
       0
       0
       2
       0
       1
       1
       1
       0
       1
       0
       0
       1
       0
       0
       0
       1
       0
       0
       0
       0
       0
       0
       1
       0
       0
       0
       0
       0
       0
       0
       1
       0
       1
       0
       0
       0
       0
       0
       0
       0
       1
       0
       0
       0
       0
       0
       0
       0
       0
       0
       1
       0
       1
       0
       0
       0
       1
       0
       1
       0
       0
       0
       1
       0
       0
       0
       0
       1
       1
       1
       0
       1
       0
       0
       1
       0
       0
       1
       1
       0
       0
       0
       2
       0
       3
       0
       3
       1
       1
       0
       0
       0
       0
       2
       0
       0
       2
       0
       3
       0
       1
       3
       2
       1
       0
       1
       0
       1
       1
       0
       2
       0
       2
       1
       1
       0
       1
       1
       2
       3
       1
       1
       1
       2
       2
       3
       2
       5
       1
       6
       6
       6
       4
       3
       2
       1
       2
       2
       0
       1
       0
       2
       1
       0
       1
       0
       0
       1
       0
       3
       0
       0
       1
       0
       0
       1
       1
       0
       1
       1
       0
       0
       0
       1
       0
       0
       0
       0
       0
       0
       0
       1
       0
       0
       1
       0
       0
       0
       0
       0
       0
       1
       0
       0
       0
       0
       0
       0
       0
       0
       1
       1
       0
       0
       0
       0
       0
       1
       0
       0
       0
       0
       0
       0
       0
       1
       0
       0
       1
       1
       0
       0
       0
       0
       0
       0
       0
       0
       0
       0
       0
       0
       1
       1
       0
       0
       1
       0
       1
       0
       0
       0
       1
       0
       1
       0
       0
       1
       0
       0
       0
       0
       1
       0
       1
       0
       1
       0
       1
       0
       0
       2
       1
       1
       0
       0
       0
       0
       1
       1
       1
       0
       0
       0
       0
       0
       0
       0
       1
       0
       0
       1
       0
       2
       0
       1
       1
       0
       1
       1
       0
       0
       0
       1
       0
       0
       0
       1
       0
       0
       1
       0
       1
       0
       0
       0
       0
       1
       1
       1
       0
       0
       0
       0
       0
       0
       1
       1
       1
       0
       0
       0
       1
       0
       1
       0
       0
       0
       0
       0
       2
       0
       0
       0
       0
       1
       0
       0
       0
       0
       0
       0
       2
       1
       1
       0
       1
       1
       0
       0
       0
       0
       0
       0
       1
       1
       0
       0
       0
       1
       0
       2
       0
       0
       0
       1
       0
       0
       0
       0
       0
       0
       0
       0
       0
       0
       0
       0
       0
       0
       0
       1
       0
       1
       0
       0
       0
       1
       0
       0
       1
       0
       0
       0
       1
       0
       1
       0
       1
       0
       0
       0
       0
       1
       0
       0
       0
       0
       0
       0
       0
       0
       1
       0
       0
       1
       1
       1
       2
       0
       1
       0
       0
       1
       0
       0
       2
       1
       1
       0
       0
       0
       0
       1
       0
       1
       0
       0
       1
       0
       0
       0
       0
       1
       0
       1
       0
       0
       0
       0
       0
       0
       0
       0
       0
       0
       0
       0
       0
       1
       0
       0
       0
       0
       0
       0
       0
       0
       0
       1
       1
       0
       0
       0
       0
       0
       0
       0
       0
       0
       0
       0
       1
       0
       0
       0
       1
       1
       0
       0
       1
       0
       0
       0
       0
       0
       0
       0
       0
       1
       0
       0
       0
       0
       1
       0
       0
       0
       1
       0
       0
       0
       1
       0
       0
       0
       0
       2
       1
       0
       0
       0
       1
       0
       0
       0
       0
       0
       1
       0
       0
       0
       1
       0
       0
       0
       0
       0
       0
       0
       0
       0
       0
       0
       1
       1
       0
       0
       0
       0
       0
       0
       0
       0
       0
       0
       0
       0
       1
       0
       0
       0
       0
       1
       0
       1
       1
       0
       0
       0
       1
       0
       0
       0
       0
       0
       0
       0
       0
       0
       0
       0
       0
       0
       0
       1
       0
       0
       0
       0
       0
       0
       0
       0
       0
       0
       0
       0
       2
       0
       0
       0
       2
       0
       0
       0
       0
       0
       0
       2
       0
       0
       0
       1
       0
       0
       0
       0
       0
       0
       0
       0
       2
       0
       0
       0
       0
       0
       0
       0
       1
       0
       0
       0
       1
       1
       1
       0
       0
       0
       0
       0
       0
       1
       0
       1
       2
       2
       0
       0
       0
       0
       1
       2
       0
       0
       0
       0
       0
       1
       0
       1
       0
       0
       1
       0
       0
       1
       0
       2
       0
       0
       1
       0
       0
       0
       0
       0
       0
       0
       0
       1
       0
       0
       0
       0
       0
       0
       1
       0
       0
       0
       0
       2
       0
       0
       2
       0
       0
       0
       0
       0
       0
       0
       0
       0
       0
       0
       0
       0
       0
       0
       0
       0
       1
       0
       1
       0
       0
       0
       0
       0
       1
       0
       0
       0
       0
       0
       0
       0
       1
       0
       0
       1
       0
       0
       0
       1
       1
       0
       0
       0
       0
       0
       0
       0
       0
       0
       0
       0
       0
       0
       0
       0
       1
       0
       0
       0
       1
       0
       0
       0
       0
       1
       1
       0
       0
       0
       0
       0
       0
       0
       0
       0
       0
       0
       0
       1
       0
       0
       1
       1
       0
       0
       0
       0
       0
       0
       0
       0
       1
       0
       0
       1
       1
       0
       0
       0
       0
       0
       0
       0
       1
       0
       0
       0
       1
       0
       0
       0
       0
       0
       0
       0
       0
       0
       0
       1
       0
       0
       0
       0
       0
       0
       0
       0
       0
       1
       0
       0
       0
       1
       0
       0
       0
       1
       0
       0
       0
       0
       0
       0
       0
       0
       0
       0
       0
       0
       0
       0
       0
       0
       0
       0
       0
       0
       0
       0
       0
       1
       0
       0
       1
       0
       0
       0
       0
       0
       0
       1
       0
       0
       0
       0
       0
       0
       0
       0
       0
       0
       0
       0
       1
       1
       1
       0
       0
       0
       0
       0
       1
       0
       0
       0
       0
       0
       0
       0
       0
       0
       2
       0
       1
       0
       1
       0
       0
       0
       0
       0
       0
       0
       0
       0
       0
       0
       0
       0
       0
       0
       0
       0
       0
       0
       0
       0
       1
       0
       0
       1
       0
       0
       0
       0
       0
       0
       0
       0
       0
       0
       0
       1
       1
       0
       0
       0
       0
       0
       0
       1
       0
       0
       0
       0
       2
       0
       0
       0
       0
       0
       0
       0
       0
       0
       0
       0
       0
       1
       1
       0
       0
       0
       1
       0
       0
       0
       0
       0
       0
       0
       0
       0
       0
       0
       0
       0
       0
       0
       0
       0
       0
       0
       0
       0
       0
       0
       0
       0
       0
       0
       1
       0
       0
       0
       2
       0
       0
       0
       0
       0
       0
       0
       1
       0
       0
       0
       0
       0
       0
       0
       0
       0
       0
       0
       0
       0
       0
       0
       0
       0
       0
       0
       0
       0
       1
       0
       0
       0
       0
       0
       1
       0
       0
       0
       0
       0
       0
       0
       0
       0
       0
       1
       0
       0
       0
       0
       0
       0
       0
       0
       0
       0
       0
       0
       0
       2
       1
       0
       0
       0
       1
       0
       0
       0
       0
       2
       1
       0
       0
       0
       0
       0
       0
       0
       0
       0
       0
       0
       0
       0
       0
       0
       0
       0
       0
       0
       0
       0
       0
       0
       0
       0
       0
       0
       0
       0
       0
       0
       0
       0
       0
       0
       0
       0
       0
       0
       0
       0
       0
       0
       0
       0
       0
       0
       0
       0
       0
       0
       0
       0
       0
       0
       0
       0
       0
       0
       0
       0
       0
       0
       0
       0
       0
       0
       0
       0
       0
       0
       0
       0
       0
       0
       0
       0
       0
       0
       0
       0
       0
       0
       0
       0
       0
       0
       0
       0
       0
       0
       0
       0
       0
       0
       0
       0
       0
       0
       0
       0
       0
       0
       0
       0
       0
       0
       0
       0
       0
       0
       0
       0
       0
       0
       0
       0
       0
       0
       0
       0
       0
       0
       0
       0
       0
       0
       0
       0
       0
       0
       0
       0
       0
       0
       0
       0
       0
       0
       0
       0
       0
       0
       0
       0
       0
       0
       0
       0
       0
       0
       0
       0
       0
       0
       0
       0
       0
       0
       0
       0
       0
       0
       0
       0
       0
       0
       0
       0
       0
       0
       0
       0
       0
       0
       0
       0
       0
       0
       0
       0
       0
       0
       0
       0
       0
       0
       0
       0
$ROI:
0
$PRESETS:
None
0
0
$ENER_FIT:
-0.479377 0.397317
$MCA_CAL:
3
-4.793768E-001 3.973171E-001 -2.936620E-009 keV
$SHAPE_CAL:
3
2.913355E+000 2.829383E-003 4.133060E-008
