$SPEC_ID:
Pulser
$SPEC_REM:
DET# 2
DETDESC# DETECTOR 2
AP# GammaVision Version 7.01.03
$DATE_MEA:
04/28/2017 14:09:45
$MEAS_TIM:
61 70
$DATA:
0 8191
       0
       0
       0
       0
       0
       0
       0
       0
       0
       0
       0
       0
       0
       0
       0
       0
       0
       0
       0
       0
       0
       0
       0
      24
    1126
    1222
     696
     578
     552
     522
     505
     521
     552
     640
     825
    1564
    2808
    4089
    4035
    3429
    2472
    1945
    1854
    1577
    1301
     938
     698
     576
     570
     490
     520
     521
     556
     524
     529
     516
     551
     545
     554
     494
     535
     563
     550
     531
     508
     527
     574
     540
     545
     521
     553
     540
     543
     523
     504
     546
     511
     514
     555
     558
     562
     530
     556
     553
     538
     529
     511
     517
     560
     551
     554
     519
     513
     582
     556
     533
     548
     533
     518
     530
     553
     547
     529
     565
     591
     529
     574
     545
     534
     563
     543
     482
     549
     558
     531
     521
     555
     568
     538
     526
     541
     547
     538
     545
     531
     535
     597
     588
     572
     555
     591
     569
     566
     532
     541
     634
     620
     594
     580
     583
     638
     633
     648
     571
     567
     566
     578
     577
     619
     568
     587
     621
     624
     625
     634
     611
     613
     606
     604
     572
     622
     616
     591
     594
     599
     609
     651
     600
     569
     594
     613
     619
     611
     632
     625
     608
     614
     630
     641
     651
     640
     775
     911
    1088
    1118
     937
     947
     980
    1371
    1569
    1421
    1095
     789
     636
     599
     649
     618
     594
     590
     566
     595
     570
     609
     611
     597
     611
     561
     604
     610
     662
     668
     706
     789
     979
     956
     914
     800
     695
     674
     683
     707
     712
     657
     626
     619
     575
     602
     518
     596
     603
     569
     594
     576
     592
     585
     588
     591
     526
     545
     591
     546
     564
     632
     597
     623
     579
     546
     573
     543
     619
     584
     579
     541
     603
     612
     583
     579
     600
     577
     552
     551
     566
     594
     562
     563
     580
     563
     595
     578
     560
     594
     591
     592
     630
     584
     581
     597
     606
     578
     619
     619
     586
     590
     614
     583
     563
     592
     573
     620
     563
     647
     602
     605
     609
     600
     598
     653
     623
     580
     600
     608
     626
     661
     561
     595
     603
     628
     580
     619
     639
     597
     592
     561
     595
     645
     605
     659
     625
     628
     603
     624
     575
     596
     562
     626
     643
     593
     620
     605
     607
     618
     626
     637
     609
     613
     628
     629
     584
     576
     629
     584
     591
     611
     640
     643
     564
     607
     606
     639
     634
     616
     692
     589
     595
     612
     616
     643
     628
     631
     598
     597
     637
     603
     642
     600
     603
     588
     641
     632
     564
     597
     639
     623
     610
     609
     631
     616
     592
     616
     661
     644
     609
     637
     623
     579
     593
     612
     605
     628
     584
     632
     579
     582
     641
     652
     619
     636
     635
     622
     620
     645
     695
     648
     598
     602
     604
     636
     572
     606
     645
     600
     620
     623
     571
     629
     614
     621
     645
     622
     643
     631
     638
     597
     648
     609
     647
     667
     674
     682
     681
     746
     670
     704
     737
     742
     741
     758
     746
     723
     704
     775
     749
     777
     788
     772
     723
     759
     740
     768
     773
     684
     725
     731
     701
     734
     709
     717
     715
     748
     686
     721
     703
     728
     751
     750
     792
     725
     699
     732
     701
     693
     692
     732
     706
     750
     678
     727
     674
     709
     748
     701
     715
     711
     749
     691
     733
     733
     725
     765
     768
     707
     726
     749
     722
     715
     715
     753
     710
     785
     748
     782
     755
     753
     835
     764
     746
     843
     858
     810
     863
     883
     902
     837
     851
     864
     814
     826
     822
     844
     835
     833
     787
     832
     840
     782
     796
     803
     818
     810
     836
     810
     812
     790
     838
     792
     782
     818
     739
     820
     765
     779
     776
     752
     775
     830
     744
     748
     769
     752
     788
     805
     790
     786
     781
     761
     782
     756
     710
     800
     816
     778
     761
     776
     743
     766
     746
     771
     744
     744
     753
     785
     720
     778
     733
     721
     729
     746
     680
     743
     733
     658
     725
     747
     764
     730
     715
     694
     700
     730
     731
     722
     692
     747
     718
     678
     699
     714
     682
     744
     679
     680
     683
     692
     715
     704
     708
     680
     690
     672
     711
     660
     712
     704
     710
     674
     672
     614
     690
     677
     723
     747
     676
     606
     696
     655
     665
     646
     639
     668
     691
     667
     676
     637
     666
     679
     650
     677
     643
     695
     641
     642
     650
     672
     679
     642
     572
     619
     647
     654
     639
     653
     663
     619
     690
     700
     623
     674
     643
     651
     651
     634
     631
     612
     620
     645
     664
     586
     675
     638
     624
     622
     634
     613
     674
     674
     658
     678
     613
     657
     598
     681
     659
     630
     617
     643
     676
     641
     644
     634
     682
     688
     644
     694
     644
     641
     636
     597
     578
     627
     663
     643
     624
     620
     606
     625
     640
     630
     653
     605
     616
     615
     642
     619
     659
     666
     591
     633
     619
     663
     662
     668
     639
     621
     636
     590
     650
     626
     620
     616
     606
     656
     589
     658
     622
     645
     638
     661
     653
     642
     641
     645
     659
     671
     614
     672
     661
     594
     651
     633
     633
     634
     653
     631
     629
     660
     615
     629
     652
     628
     648
     641
     639
     681
     651
     615
     620
     669
     651
     652
     614
     639
     626
     654
     665
     638
     678
     625
     648
     654
     679
     669
     688
     693
     695
     662
     638
     696
     636
     677
     693
     602
     667
     644
     712
     672
     691
     637
     679
     640
     672
     703
     667
     654
     674
     673
     644
     703
     673
     696
     662
     676
     682
     659
     688
     653
     683
     691
     662
     659
     662
     675
     717
     673
     670
     677
     644
     666
     654
     655
     686
     638
     727
     740
     674
     669
     633
     692
     697
     717
     694
     675
     656
     640
     672
     722
     666
     612
     649
     655
     725
     643
     630
     629
     644
     626
     622
     638
     596
     594
     588
     596
     561
     567
     584
     528
     520
     557
     535
     560
     520
     525
     527
     467
     529
     516
     502
     524
     508
     481
     494
     492
     498
     489
     468
     484
     482
     480
     458
     467
     448
     463
     472
     488
     498
     458
     498
     457
     454
     455
     479
     439
     470
     441
     454
     476
     436
     441
     440
     466
     441
     415
     485
     458
     425
     461
     461
     450
     439
     439
     427
     441
     434
     429
     468
     400
     438
     422
     431
     414
     395
     436
     426
     446
     376
     404
     427
     430
     395
     391
     441
     404
     409
     428
     380
     406
     404
     418
     402
     389
     411
     413
     393
     399
     396
     400
     381
     404
     386
     413
     372
     395
     385
     383
     363
     393
     420
     394
     405
     377
     350
     389
     380
     307
     370
     354
     380
     369
     366
     354
     381
     404
     406
     398
     386
     379
     377
     384
     399
     455
     512
     539
     508
     514
     430
     412
     393
     384
     353
     332
     346
     341
     355
     365
     316
     342
     353
     332
     375
     316
     373
     364
     318
     351
     354
     354
     342
     317
     324
     322
     341
     330
     309
     326
     320
     348
     359
     303
     359
     352
     335
     355
     334
     334
     345
     341
     294
     308
     309
     321
     311
     290
     292
     331
     346
     331
     337
     332
     333
     310
     340
     305
     301
     328
     319
     333
     341
     307
     327
     335
     336
     322
     337
     307
     310
     350
     293
     311
     307
     316
     298
     296
     330
     312
     329
     330
     295
     339
     308
     275
     324
     309
     296
     307
     293
     334
     322
     314
     322
     299
     309
     332
     320
     303
     345
     318
     261
     285
     294
     323
     288
     317
     296
     268
     308
     304
     311
     284
     335
     294
     296
     352
     302
     301
     288
     297
     283
     309
     300
     307
     307
     297
     290
     305
     290
     298
     349
     316
     326
     311
     306
     292
     321
     296
     322
     292
     291
     308
     338
     299
     316
     288
     283
     295
     326
     291
     312
     299
     298
     293
     261
     310
     304
     312
     318
     296
     306
     282
     282
     305
     303
     296
     292
     316
     277
     290
     340
     316
     277
     286
     320
     296
     285
     278
     299
     319
     293
     296
     297
     278
     322
     279
     325
     290
     281
     309
     312
     292
     284
     332
     303
     321
     314
     277
     312
     295
     308
     289
     291
     301
     287
     334
     271
     326
     276
     308
     315
     328
     296
     331
     268
     303
     296
     287
     300
     310
     319
     298
     318
     318
     335
     297
     340
     296
     287
     306
     282
     329
     299
     281
     315
     306
     300
     287
     274
     320
     289
     307
     333
     341
     336
     258
     313
     293
     285
     293
     311
     307
     300
     307
     312
     318
     306
     322
     286
     273
     287
     279
     302
     322
     308
     320
     325
     320
     338
     329
     321
     324
     330
     319
     307
     327
     351
     364
     352
     344
     447
     465
     627
     795
    1252
    1842
    2720
    3979
    5489
    7287
    9079
   10748
   11919
   12735
   12560
   11586
    9831
    7999
    6079
    4323
    3070
    1981
    1312
     806
     625
     514
     416
     382
     356
     381
     325
     291
     359
     311
     323
     325
     322
     293
     308
     310
     309
     328
     319
     310
     319
     303
     314
     290
     277
     302
     297
     337
     329
     315
     328
     313
     346
     328
     303
     281
     328
     318
     303
     321
     323
     314
     298
     330
     287
     293
     329
     364
     362
     283
     297
     269
     303
     306
     317
     301
     347
     314
     307
     304
     318
     316
     303
     294
     336
     327
     325
     254
     329
     307
     312
     311
     268
     288
     325
     288
     307
     326
     294
     313
     285
     324
     334
     331
     321
     313
     332
     337
     341
     346
     288
     333
     312
     291
     312
     296
     326
     300
     328
     318
     288
     316
     318
     310
     297
     301
     332
     301
     295
     282
     306
     316
     325
     325
     317
     354
     339
     326
     329
     305
     296
     333
     342
     331
     333
     321
     318
     327
     344
     299
     286
     304
     333
     328
     315
     291
     348
     318
     324
     283
     337
     330
     344
     322
     316
     312
     338
     350
     351
     341
     356
     323
     308
     337
     343
     353
     353
     369
     335
     351
     309
     344
     321
     319
     322
     322
     319
     358
     337
     325
     347
     336
     329
     332
     345
     360
     343
     316
     323
     328
     319
     326
     308
     353
     355
     341
     318
     320
     372
     299
     307
     331
     325
     359
     348
     340
     363
     331
     353
     307
     350
     346
     332
     368
     325
     361
     350
     338
     354
     367
     329
     337
     357
     348
     375
     351
     349
     336
     355
     336
     335
     337
     316
     373
     368
     336
     349
     343
     321
     342
     355
     372
     382
     361
     369
     325
     363
     343
     358
     351
     384
     372
     390
     377
     353
     342
     365
     387
     351
     356
     362
     350
     385
     379
     385
     383
     405
     390
     410
     334
     371
     387
     359
     357
     350
     388
     406
     387
     411
     371
     354
     368
     389
     414
     396
     403
     401
     374
     378
     364
     404
     391
     413
     387
     448
     352
     362
     422
     415
     371
     386
     385
     427
     353
     400
     389
     423
     411
     388
     413
     369
     386
     406
     419
     420
     388
     426
     385
     377
     376
     395
     397
     393
     387
     432
     422
     421
     425
     415
     392
     423
     432
     447
     402
     405
     440
     398
     462
     398
     409
     430
     427
     439
     428
     426
     450
     476
     446
     430
     439
     427
     462
     411
     461
     459
     414
     422
     442
     432
     449
     451
     414
     414
     444
     440
     428
     426
     488
     436
     472
     425
     463
     433
     456
     492
     474
     459
     503
     478
     482
     474
     484
     489
     469
     460
     460
     459
     467
     448
     493
     422
     472
     467
     482
     469
     453
     461
     480
     474
     441
     484
     512
     500
     479
     515
     520
     448
     496
     519
     476
     498
     492
     492
     470
     529
     528
     547
     486
     494
     488
     517
     540
     559
     520
     518
     566
     514
     498
     527
     552
     555
     520
     551
     529
     518
     564
     505
     535
     543
     519
     543
     517
     550
     518
     554
     545
     529
     575
     562
     533
     554
     571
     581
     562
     547
     575
     558
     550
     555
     568
     551
     543
     553
     549
     612
     565
     588
     537
     527
     565
     591
     547
     585
     566
     551
     556
     584
     551
     591
     585
     560
     550
     578
     575
     509
     516
     586
     542
     520
     550
     520
     521
     510
     479
     495
     499
     455
     481
     494
     466
     449
     467
     441
     422
     414
     422
     392
     415
     389
     406
     384
     350
     337
     342
     360
     351
     330
     334
     334
     325
     305
     331
     312
     342
     326
     313
     329
     321
     346
     339
     354
     365
     357
     376
     393
     418
     406
     384
     361
     346
     333
     347
     320
     312
     325
     318
     289
     293
     299
     259
     288
     290
     310
     330
     318
     288
     301
     270
     300
     272
     254
     289
     260
     263
     264
     256
     284
     286
     266
     264
     238
     277
     256
     263
     262
     256
     246
     262
     267
     262
     273
     243
     253
     263
     251
     264
     246
     262
     245
     258
     235
     274
     243
     268
     225
     244
     258
     225
     245
     252
     231
     258
     245
     226
     235
     250
     243
     236
     257
     239
     233
     214
     249
     263
     279
     253
     311
     303
     313
     268
     299
     272
     279
     263
     223
     200
     223
     235
     218
     204
     184
     226
     197
     193
     219
     198
     218
     195
     238
     212
     205
     192
     200
     165
     203
     182
     190
     185
     211
     160
     178
     159
     179
     180
     144
     158
     156
     166
     182
     166
     176
     164
     174
     146
     152
     164
     158
     160
     167
     151
     156
     119
     161
     161
     168
     132
     158
     155
     134
     133
     148
     155
     141
     149
     154
     161
     143
     148
     126
     147
     150
     137
     133
     135
     135
     146
     132
     127
     126
     132
     108
     124
     120
     116
     109
     105
     114
     134
     111
      98
     120
     106
     118
     123
     114
      86
     113
      90
     116
     112
      89
     104
     105
      94
     107
     110
      94
     110
     103
     110
      94
     105
      88
      94
      90
      98
      73
      96
      88
     103
      78
      85
      83
      82
      80
      79
      90
      91
      78
      71
      97
      75
      83
      55
      80
      86
      76
     100
      79
      78
      60
      65
      74
      54
      91
      74
      59
      64
      66
      81
      86
      67
      72
      70
      56
      61
      61
      67
      59
      82
      61
      55
      79
      69
      70
      61
      60
      50
      62
      59
      70
      53
      66
      70
      64
      69
      55
      53
      66
      55
      63
      55
      39
      54
      56
      69
      57
      69
      55
      59
      56
      44
      62
      58
      60
      56
      49
      56
      58
      58
      47
      48
      39
      47
      66
      54
      61
      50
      58
      46
      49
      59
      44
      51
      46
      41
      65
      49
      50
      44
      54
      53
      52
      52
      57
      60
      65
      40
      47
      39
      48
      47
      48
      43
      51
      53
      53
      46
      49
      49
      49
      45
      41
      48
      52
      47
      53
      54
      56
      55
      51
      37
      52
      53
      48
      58
      61
      64
      61
      42
      51
      43
      47
      52
      53
      53
      52
      54
      56
      50
      45
      43
      40
      57
      44
      58
      63
      46
      45
      45
      51
      53
      48
      51
      53
      47
      48
      40
      40
      44
      50
      60
      41
      51
      57
      46
      54
      50
      43
      33
      59
      56
      47
      41
      46
      51
      46
      46
      41
      43
      40
      51
      44
      51
      45
      54
      45
      57
      48
      49
      53
      54
      43
      50
      43
      61
      47
      44
      44
      53
      40
      48
      44
      51
      44
      51
      56
      38
      61
      46
      61
      33
      44
      47
      54
      59
      51
      56
      58
      45
      43
      54
      55
      65
      75
      63
      60
      62
      50
      72
      49
      70
      72
      55
      80
     119
     158
     232
     279
     497
     814
    1217
    1796
    2435
    3283
    4520
    6116
    8365
   10653
   12792
   15128
   16524
   17176
   17173
   16079
   13814
   10882
    7861
    5201
    3287
    2079
    1313
     668
     402
     235
     162
     104
     105
      97
      70
      83
      70
      70
      78
      78
      66
      67
      80
      58
      73
      74
      50
      55
      61
      66
      63
      63
      46
      64
      53
      52
      59
      61
      66
      38
      56
      45
      49
      45
      51
      33
      48
      45
      52
      43
      46
      62
      34
      32
      40
      47
      52
      45
      30
      32
      34
      49
      52
      40
      33
      46
      39
      49
      40
      34
      47
      34
      39
      40
      41
      42
      32
      35
      31
      41
      34
      41
      29
      29
      43
      33
      31
      42
      34
      36
      41
      38
      34
      32
      48
      44
      37
      38
      33
      30
      38
      35
      22
      36
      36
      35
      35
      28
      35
      32
      38
      39
      37
      31
      31
      32
      32
      31
      23
      24
      27
      26
      36
      32
      39
      33
      34
      36
      30
      25
      29
      35
      28
      27
      28
      24
      33
      31
      33
      21
      29
      31
      27
      29
      27
      39
      35
      25
      29
      24
      18
      24
      29
      17
      26
      29
      35
      26
      31
      31
      25
      24
      17
      41
      28
      37
      31
      25
      35
      20
      37
      36
      19
      36
      27
      30
      24
      36
      29
      36
      26
      21
      31
      21
      42
      25
      27
      28
      34
      34
      28
      29
      30
      33
      26
      35
      25
      30
      26
      19
      32
      23
      23
      24
      23
      24
      26
      21
      24
      40
      37
      25
      33
      23
      29
      26
      31
      23
      34
      30
      34
      15
      24
      23
      33
      25
      23
      31
      17
      30
      18
      15
      19
      21
      21
      19
      24
      31
      18
      17
      32
      23
      22
      25
      17
      26
      21
      22
      23
      29
      20
      27
      22
      25
      27
      19
      18
      22
      16
      21
      23
      22
      20
      33
      28
      25
      26
      30
      31
      21
      23
      23
      21
      18
      22
      33
      25
      24
      32
      33
      23
      24
      26
      21
      31
      25
      22
      21
      24
      30
      22
      28
      16
      24
      20
      17
      26
      25
      24
      29
      26
      18
      17
      23
      30
      20
      27
      20
      16
      21
      28
      22
      26
      19
      27
      20
      24
      22
      20
      22
      32
      29
      16
      22
      25
      19
      22
      22
      27
      34
      19
      17
      17
      26
      15
      24
      22
      21
      22
      16
      21
      16
      19
      15
      12
      22
      17
      24
      15
      19
      20
      17
       9
      17
      22
      15
      20
      19
      16
      27
      18
      17
      18
      14
      19
      19
      21
      21
      13
      19
      17
      18
      17
      25
      29
      19
      24
      11
      23
      20
      16
      17
      19
      26
      18
      23
      18
      11
      16
      14
      22
      14
      17
      15
       8
      21
      17
      21
      18
      23
      10
      26
      29
      29
      15
      22
      19
      17
      17
      20
      21
      12
      11
      22
      14
      18
      20
      17
      21
      21
      18
      21
      20
      24
      12
      18
      17
      16
      28
      16
      15
      21
      16
      20
      22
      17
      20
      17
      21
      14
      16
      20
      14
      14
      13
      22
      24
      19
      16
      20
      17
      17
      13
      18
      23
      17
      19
      23
      13
      16
       8
      13
      16
      18
      15
      18
      13
      24
      15
      15
      22
      22
      22
      20
      16
      19
      11
      12
      14
      18
      20
      21
      15
      13
      16
      13
       8
      14
      17
      13
      10
      19
      17
      20
      17
      19
      13
      10
      17
      22
      15
      17
      21
      15
      18
      17
      13
      16
      15
      17
      18
      15
      14
      13
      14
      24
       9
      18
      20
      27
      17
      18
      17
      12
      14
      17
      16
      24
      15
      19
       8
      12
      14
      14
      13
      11
      21
      16
      19
      20
      20
      20
      17
      16
      14
      15
      23
      16
      13
      16
      14
      17
      24
      14
      18
      16
      13
      14
      10
      15
      20
      15
      15
      12
      19
      13
      15
      13
      11
      25
      19
      18
      16
      17
      14
      19
       9
       9
      13
      17
      14
      15
      13
      16
      15
      11
      18
      13
      13
       7
      14
      14
      11
      11
      12
      13
      13
      17
      10
      13
      15
      12
       7
      15
      17
      12
       9
      17
       9
      14
      11
      15
      17
      13
      14
      11
       9
      17
      15
       9
      12
      16
      16
      24
      12
      17
      11
       8
      19
      18
      12
      17
       9
      11
      14
      19
       9
      17
      12
      10
      14
      15
       9
      13
      19
      10
       9
      15
      13
       8
      14
      14
      15
      14
      10
      10
      22
      14
      14
      16
      15
      20
      18
      16
      17
      13
      18
       8
      13
      13
      10
      11
       7
      15
      11
       4
      17
      13
       9
      12
       9
      13
      11
      12
      17
      12
      14
      13
      12
       8
       8
      13
      12
      16
      15
      17
      16
      15
      16
      16
      13
       7
       5
       8
      14
      19
      23
      17
      13
      15
       8
      11
       9
      16
       9
      13
      13
      13
      10
      10
      14
      20
       8
       6
      11
       7
      14
      14
      17
      12
      13
      20
      16
      17
       8
      14
      16
      17
      17
      15
      12
      12
      14
      13
      12
      19
       4
       9
      10
      13
      10
       7
      13
      21
       9
      11
       9
       9
      11
      10
      14
      10
      10
       5
      12
      11
       8
      14
       9
       7
      12
      12
      15
      10
       8
      14
       9
      13
       9
      11
      11
       8
      12
      11
      10
      10
      13
      10
       8
      12
       9
      11
      12
       9
      11
       6
       8
       8
       9
      12
       7
      10
       7
      13
      14
      10
      17
       8
      13
       7
      13
       8
      10
      10
      10
      10
       8
      12
      18
      12
       9
       5
       8
      12
      10
       7
      14
       7
       8
      14
       8
       8
       9
       9
      11
      13
      20
       8
      12
       8
       8
      10
       9
      11
       7
      10
      13
      13
       5
      11
      11
      15
       9
       9
      12
       6
      10
      13
      10
      14
       9
       6
      11
      10
       8
      10
       9
      16
       5
      14
      10
       9
       9
       9
       7
       7
       7
       5
      10
       8
      18
       6
       7
       3
      11
      14
       9
      13
      13
      12
       7
      12
      10
       8
      10
      10
      15
       9
       3
      11
       8
       9
       5
      14
      15
       7
       9
      12
       9
      18
       5
      11
      13
       7
       6
       9
       6
       8
       8
       8
      12
      11
       8
      12
       8
      11
       7
       8
       9
       9
       9
      10
       9
       8
      10
       6
      12
       4
       9
      10
       8
       5
      11
       8
      12
      15
       8
       6
       4
       9
      12
       6
       7
      13
      12
       7
       7
      17
       6
       7
       7
       8
       6
      11
      11
       5
      11
      10
       8
       9
       6
       9
      14
       9
       6
       8
       8
       9
      10
       8
      12
       9
       9
      12
      12
       9
       7
      12
       6
      13
       5
       9
       6
      12
       5
       9
       9
       3
       9
       3
      10
       6
      14
       7
       7
       8
       8
       7
       8
       7
       9
       6
      11
       7
       9
       6
      11
      11
      11
      10
       5
       9
       4
       9
       8
      14
      10
       8
      10
       7
      10
      10
       5
       9
      10
       8
      10
      15
      10
       6
       8
      11
       6
       8
       8
       7
       5
      11
       4
       9
       7
       9
       3
       9
       3
      13
       9
       2
       6
       6
       8
       6
      16
       6
       9
      12
       8
       8
       8
       5
      12
       5
       5
       6
      11
       4
       9
      14
       7
       8
       7
       4
       8
       8
      10
       7
       6
       7
       5
       6
       6
      11
      12
      11
       7
      11
       7
      10
      10
       4
       8
      12
      11
      15
      11
       9
      15
       4
       4
      12
       8
       4
      10
       8
      11
       8
       4
       8
      11
       9
       8
      16
       8
       8
       7
      10
       5
      10
       6
      13
       6
      12
       6
       6
       7
       8
      11
      11
       6
       5
      10
      13
       6
       7
       7
       8
       9
       9
      12
       9
      12
      13
       6
      10
       7
       9
       9
       9
       5
       8
      11
      18
      13
       7
       8
       6
       9
       2
       9
       8
       6
      12
       7
       7
      10
       8
       8
       5
      10
      14
       5
      16
       6
       7
      17
       7
       8
       7
       6
      13
       7
       5
       9
       4
      13
       8
      10
       6
       7
       6
       8
      10
      11
      13
      13
      13
       7
       6
      10
       9
       4
       6
       7
       8
       9
       9
       4
       7
      13
       4
      10
       7
      12
       5
       7
       7
      10
      14
       7
       4
       9
      16
      11
      12
       8
      12
      11
       9
       7
       8
       6
       8
      13
      10
       8
      12
      14
       6
      11
      13
      14
      12
       4
      10
      11
      11
       7
      10
      10
       7
      17
      11
      13
      11
      11
      10
      14
      13
       8
      12
      11
      12
      11
       9
      10
      13
      14
       7
      11
      11
       8
      21
      14
       9
      19
       9
      20
       8
      16
       7
       8
       9
       7
       7
       5
       7
       6
       4
       1
       9
       3
       5
       3
       8
       8
       9
       5
       7
      10
       6
       7
       7
      14
       5
       7
       8
       5
       8
       4
       6
       4
       7
      14
       6
       7
       4
       8
       8
       7
       8
       5
       3
       5
       7
       6
       2
       1
       6
       7
       1
       3
       4
       7
      11
       7
       4
       7
      12
       9
       5
       1
       4
      10
       2
       7
       5
       7
       8
       6
       6
       4
       3
      11
       3
      12
       1
       6
       5
       5
       5
       3
       8
       2
       5
      12
       5
       3
       9
      11
       6
       6
      12
       5
       4
       6
       6
       4
       8
       1
       5
       5
       8
       4
       5
       5
       6
      10
       8
       8
       9
       5
       8
      12
       6
      13
       7
      10
       4
       5
       4
       2
       7
       4
       6
       8
       5
      10
       8
       7
       5
       8
       9
       5
       4
       8
       9
       9
       7
       7
       7
       3
       2
       5
       7
       3
       2
       8
       4
       3
       7
       6
       7
       6
       7
       4
       8
       6
       6
       8
       5
       4
       9
      10
       4
       7
       8
      10
       6
       7
       6
      10
       8
      13
       8
       6
       8
       6
       2
       4
       6
       4
       5
       8
       3
       7
       3
       9
       8
       3
       6
       9
       5
       9
       6
       3
       3
       8
       5
       2
       4
       8
       8
       4
      10
       8
       1
       8
       7
      11
       5
       5
       4
       8
       5
       6
       6
       5
       5
       6
       3
       8
       5
       2
       3
       4
       7
       4
       8
       3
       4
       3
       5
       4
       6
       4
       5
       7
       5
       3
       4
       6
       5
       5
       8
       4
       3
       5
       5
       3
       1
       7
       2
       6
       5
       4
       3
       2
       3
       6
       5
       3
       4
       7
       7
       3
       7
       5
       1
      10
       6
       7
       6
       4
       7
       2
       2
      10
       4
       6
       4
       4
       6
       5
       4
       4
       5
       1
       7
       7
       3
       2
       6
       4
       6
       5
       0
       6
       2
       6
       4
       4
       5
       3
       2
       6
       4
       4
       6
       2
       5
       6
       4
       5
       4
       3
       0
       6
       5
       2
       8
       6
       5
       2
       3
       2
       4
       1
       5
       9
       3
       4
      11
       0
       3
       5
       4
       4
       8
       5
       1
       4
       2
       3
       1
       7
       4
       4
       6
       1
       6
      11
       2
       2
       1
       4
       2
       4
       0
       7
       1
       2
       9
       7
       4
       9
       4
       0
       4
       3
       2
       4
       7
       7
       5
       3
       4
       4
       4
       5
       2
       6
       5
       4
       4
       4
       6
       2
       5
       2
       3
       2
       3
       2
       2
       4
       2
       5
       2
       3
       6
       2
       4
       6
       5
       4
       2
       7
       4
       4
       4
       2
       4
       5
       1
       5
       3
       7
       3
       3
       3
       3
       3
       2
       4
       1
       0
       6
       3
       4
       3
       5
       3
       4
       4
       4
       1
       6
       8
       2
       3
       3
       3
       1
       3
       7
       5
       7
       6
       2
       7
       5
       3
       3
       3
       0
       2
       3
       2
       2
       3
       0
       3
       2
       3
       4
       4
       2
       4
       5
       3
       6
       4
       2
       3
       4
       3
       3
       2
       1
       3
       3
       3
       6
       1
       5
       6
       2
       1
       3
       3
       2
       5
       6
       4
       9
       2
       7
       4
       9
       6
       9
       9
       5
      10
       9
       8
       6
       7
       3
       5
       3
       2
       3
       3
       3
       1
       3
       8
       3
       1
       1
       3
       2
       6
       0
       3
       2
       2
       2
       1
       4
       0
       2
       3
       2
       1
       1
       4
       4
       1
       1
       2
       4
       2
       2
       5
       4
       2
       1
       0
       1
       2
       5
       1
       6
       1
       2
       3
       1
       2
       2
       1
       1
       2
       3
       3
       4
       2
       1
       2
       2
       1
       1
       4
       2
       2
       4
       3
       4
       3
       5
       6
       3
       4
       6
       7
       4
       8
       7
       6
       3
       5
       6
       8
      10
       7
       8
      13
       6
       7
       4
       3
       3
       3
       2
       1
       0
       2
       1
       1
       2
       5
       2
       1
       3
       1
       1
       1
       1
       1
       2
       1
       1
       0
       1
       2
       2
       1
       4
       0
       2
       1
       1
       3
       2
       1
       1
       3
       1
       5
       1
       0
       0
       0
       2
       3
       0
       0
       2
       2
       1
       1
       1
       1
       2
       4
       2
       0
       1
       2
       4
       1
       0
       3
       0
       2
       0
       2
       0
       2
       2
       1
       2
       1
       5
       1
       2
       3
       1
       1
       3
       1
       3
       1
       1
       0
       1
       1
       1
       3
       0
       0
       3
       3
       2
       0
       3
       0
       1
       2
       3
       1
       1
       1
       1
       4
       1
       4
       1
       2
       2
       2
       3
       3
      11
       2
       7
      11
       6
       7
       9
      11
      13
      21
      34
      20
      27
      37
      36
      39
      34
      38
      32
      55
      50
      39
      51
      49
      40
      38
      23
      19
      12
      12
       6
       5
       5
       3
       3
       4
       4
       3
       3
       1
       2
       3
       2
       4
       1
       1
       0
       4
       0
       0
       2
       0
       0
       0
       2
       1
       1
       3
       0
       1
       2
       0
       1
       0
       0
       2
       1
       2
       1
       4
       0
       2
       3
       6
       1
       2
       3
       1
       0
       2
       1
       2
       4
       5
       4
       2
       3
       1
       1
       6
       1
       1
       7
      12
       9
      15
       4
       9
       9
       9
       7
       3
       7
       7
       8
      10
       8
       8
       8
       7
       1
       3
       4
       0
       1
       5
       1
       3
       1
       5
       3
       0
       2
       0
       0
       3
       1
       1
       2
       4
       0
       2
       0
       2
       4
       2
       1
       2
       3
       1
       4
       1
       1
       1
       2
       0
       0
       2
       1
       1
       1
       0
       1
       5
       2
       1
       1
       0
       2
       1
       4
       1
       0
       0
       2
       2
       3
       2
       1
       0
       1
       1
       2
       2
       0
       1
       4
       1
       2
       4
       2
       3
       2
       0
       0
       2
       0
       0
       1
       3
       3
       0
       1
       1
       0
       2
       4
       2
       1
       3
       2
       1
       2
       4
       2
       1
       2
       1
       1
       1
       1
       2
       2
       0
       0
       1
       1
       2
       1
       1
       2
       2
       1
       1
       0
       3
       4
       1
       5
       2
       2
       2
       4
       2
       2
       1
       2
       4
       0
       1
       2
       2
       3
       3
       0
       2
       1
       5
       4
       2
       2
       3
       4
       0
       1
       1
       0
       4
       2
       2
       2
       2
       3
       2
       4
       3
       1
       2
       2
       4
       3
       2
       8
       4
       3
       6
       4
       4
       6
       6
       4
       2
       3
       6
       3
       2
       2
       4
       2
       1
       0
       1
       0
       1
       1
       1
       0
       0
       0
       1
       0
       0
       1
       1
       0
       1
       0
       0
       0
       0
       1
       0
       1
       1
       0
       3
       1
       1
       1
       0
       1
       2
       2
       3
       4
       4
       2
       3
       5
       1
       2
       4
       7
       5
       3
       4
       3
       1
       0
       0
       0
       0
       0
       1
       1
       0
       0
       0
       0
       1
       1
       0
       0
       1
       0
       0
       0
       0
       0
       0
       0
       1
       0
       0
       0
       0
       2
       0
       2
       1
       0
       0
       0
       0
       0
       1
       0
       1
       1
       0
       0
       1
       1
       0
       1
       1
       0
       0
       0
       0
       0
       0
       0
       0
       0
       0
       0
       0
       0
       1
       0
       0
       2
       0
       0
       0
       0
       0
       0
       0
       0
       0
       0
       0
       0
       1
       0
       0
       2
       1
       0
       0
       0
       0
       0
       0
       0
       0
       1
       0
       0
       0
       0
       0
       1
       1
       0
       0
       0
       0
       1
       0
       0
       0
       0
       0
       0
       0
       0
       0
       0
       0
       0
       0
       1
       0
       0
       0
       0
       0
       0
       0
       1
       0
       0
       1
       0
       0
       0
       0
       1
       1
       0
       0
       0
       0
       1
       0
       0
       0
       1
       0
       0
       2
       0
       0
       0
       0
       0
       0
       0
       0
       0
       0
       0
       0
       0
       0
       0
       1
       1
       0
       0
       1
       0
       0
       0
       0
       0
       0
       0
       0
       1
       1
       0
       0
       0
       0
       1
       1
       0
       0
       0
       1
       1
       0
       0
       1
       0
       2
       1
       1
       0
       0
       0
       0
       2
       0
       1
       0
       1
       0
       0
       2
       0
       1
       2
       1
       0
       1
       2
       0
       0
       0
       0
       1
       0
       0
       0
       0
       0
       1
       0
       0
       0
       0
       0
       0
       0
       0
       0
       0
       0
       0
       0
       0
       0
       0
       0
       0
       0
       0
       1
       0
       0
       0
       0
       0
       0
       0
       0
       0
       0
       0
       0
       0
       0
       0
       0
       0
       0
       0
       0
       0
       0
       0
       0
       0
       0
       0
       0
       0
       1
       0
       0
       0
       1
       1
       0
       0
       1
       0
       0
       0
       0
       0
       0
       1
       0
       0
       0
       0
       0
       0
       0
       0
       0
       0
       0
       1
       0
       0
       0
       0
       0
       0
       1
       0
       0
       0
       0
       0
       0
       0
       0
       0
       0
       0
       0
       1
       0
       0
       0
       2
       0
       0
       0
       1
       0
       1
       0
       0
       1
       0
       0
       0
       0
       0
       0
       0
       0
       0
       0
       0
       2
       1
       0
       0
       0
       0
       1
       0
       0
       0
       0
       0
       0
       0
       0
       1
       0
       0
       0
       0
       0
       0
       0
       0
       1
       0
       0
       0
       1
       0
       0
       0
       0
       1
       1
       0
       1
       0
       0
       0
       1
       0
       0
       0
       1
       0
       0
       0
       1
       0
       0
       0
       0
       0
       0
       1
       0
       0
       0
       0
       0
       1
       0
       0
       1
       1
       0
       0
       0
       0
       0
       0
       0
       0
       1
       0
       0
       1
       0
       0
       0
       0
       0
       0
       0
       1
       0
       0
       0
       0
       0
       0
       0
       0
       0
       0
       1
       0
       1
       0
       0
       0
       0
       0
       0
       0
       0
       0
       0
       0
       0
       0
       0
       0
       1
       0
       1
       1
       0
       0
       1
       1
       1
       0
       0
       0
       1
       0
       0
       1
       1
       1
       0
       0
       0
       0
       0
       0
       0
       0
       0
       0
       1
       1
       0
       0
       0
       0
       0
       0
       1
       0
       0
       0
       0
       0
       0
       0
       0
       0
       0
       0
       0
       0
       1
       0
       1
       0
       0
       0
       0
       0
       0
       0
       0
       2
       0
       0
       0
       0
       0
       1
       0
       0
       0
       0
       0
       0
       0
       0
       0
       0
       0
       0
       0
       0
       0
       1
       0
       0
       1
       0
       0
       0
       0
       0
       0
       1
       0
       0
       0
       0
       0
       0
       0
       0
       0
       0
       1
       1
       0
       0
       0
       0
       0
       0
       0
       0
       0
       0
       0
       0
       0
       0
       0
       0
       0
       0
       0
       0
       0
       0
       0
       0
       0
       0
       1
       0
       0
       0
       0
       0
       0
       0
       1
       0
       0
       0
       0
       0
       0
       0
       0
       0
       0
       0
       0
       0
       0
       0
       0
       0
       0
       0
       0
       1
       1
       0
       0
       0
       0
       0
       0
       0
       0
       0
       0
       0
       0
       0
       0
       0
       0
       0
       0
       0
       0
       0
       0
       0
       0
       1
       0
       0
       0
       0
       1
       0
       0
       0
       2
       0
       0
       0
       0
       0
       0
       0
       0
       0
       0
       0
       1
       0
       1
       1
       0
       0
       0
       0
       0
       0
       0
       0
       0
       0
       0
       0
       0
       0
       0
       0
       0
       0
       0
       1
       0
       0
       0
       1
       0
       0
       0
       0
       0
       0
       0
       0
       1
       0
       0
       0
       0
       0
       0
       0
       0
       0
       0
       1
       0
       0
       0
       0
       0
       0
       0
       0
       0
       0
       0
       1
       0
       1
       0
       0
       0
       0
       0
       0
       0
       0
       0
       0
       0
       0
       0
       0
       0
       0
       0
       0
       2
       0
       0
       0
       0
       0
       0
       0
       0
       0
       0
       0
       0
       0
       0
       0
       0
       0
       1
       0
       0
       0
       0
       0
       0
       0
       1
       0
       0
       0
       1
       0
       0
       0
       0
       0
       0
       0
       0
       0
       0
       0
       0
       0
       2
       1
       0
       0
       0
       0
       0
       0
       0
       0
       0
       1
       1
       0
       0
       0
       0
       0
       1
       0
       0
       0
       0
       0
       0
       0
       0
       0
       0
       0
       0
       0
       0
       0
       0
       0
       0
       0
       0
       0
       0
       1
       0
       0
       0
       0
       0
       0
       0
       0
       0
       0
       0
       0
       0
       0
       0
       0
       0
       0
       0
       0
       0
       0
       0
       0
       0
       0
       0
       0
       0
       0
       0
       0
       0
       0
       0
       0
       0
       0
       0
       0
       0
       0
       0
       0
       0
       0
       0
       0
       0
       1
       0
       0
       0
       0
       0
       0
       0
       0
       0
       0
       0
       0
       0
       0
       0
       1
       0
       0
       0
       0
       0
       0
       0
       0
       0
       0
       0
       0
       0
       0
       0
       0
       0
       0
       0
       0
       0
       0
       1
       0
       0
       0
       0
       1
       0
       0
       0
       0
       0
       0
       0
       0
       0
       0
       1
       0
       0
       1
       0
       0
       1
       0
       0
       0
       0
       0
       0
       0
       0
       0
       0
       0
       0
       0
       0
       0
       0
       0
       0
       1
       0
       1
       0
       0
       0
       0
       1
       0
       0
       0
       0
       0
       0
       0
       0
       0
       0
       0
       0
       0
       1
       0
       0
       0
       1
       0
       0
       0
       1
       0
       0
       0
       0
       0
       0
       0
       0
       0
       0
       0
       0
       0
       0
       0
       0
       0
       0
       0
       0
       0
       0
       1
       0
       0
       0
       0
       0
       0
       0
       0
       0
       0
       0
       0
       0
       0
       0
       0
       0
       0
       0
       0
       0
       0
       0
       0
       0
       0
       0
       0
       0
       0
       0
       0
       1
       0
       0
       0
       0
       0
       0
       0
       1
       0
       1
       0
       0
       0
       0
       0
       0
       0
       0
       0
       0
       0
       0
       0
       0
       0
       0
       0
       0
       0
       0
       0
       0
       0
       0
       1
       0
       0
       0
       0
       0
       0
       0
       0
       0
       0
       0
       0
       0
       0
       1
       0
       0
       0
       0
       1
       0
       0
       0
       1
       1
       1
       0
       0
       0
       0
       0
       0
       0
       0
       0
       1
       0
       0
       0
       0
       0
       0
       0
       0
       0
       0
       0
       0
       0
       0
       0
       0
       0
       0
       1
       0
       0
       0
       0
       0
       0
       0
       0
       0
       0
       0
       0
       0
       0
       0
       1
       0
       0
       0
       0
       0
       0
       1
       0
       0
       0
       0
       0
       0
       0
       0
       0
       0
       0
       0
       0
       0
       0
       0
       0
       0
       1
       0
       0
       0
       0
       0
       0
       0
       0
       0
       0
       0
       0
       0
       0
       0
       0
       0
       0
       0
       0
       0
       0
       0
       0
       0
       0
       0
       0
       1
       0
       0
       0
       0
       0
       0
       0
       0
       1
       0
       0
       0
       0
       0
       0
       0
       0
       0
       0
       0
       0
       0
       0
       0
       0
       0
       0
       0
       0
       0
       1
       0
       0
       0
       0
       0
       0
       0
       0
       0
       0
       0
       0
       0
       0
       0
       0
       0
       0
       0
       0
       1
       0
       0
       0
       0
       0
       0
       1
       0
       0
       0
       0
       1
       0
       0
       0
       0
       0
       0
       0
       0
       0
       0
       0
       0
       0
       0
       0
       0
       0
       0
       0
       0
       0
       0
       0
       0
       0
       0
       0
       0
       0
       0
       0
       0
       0
       0
       0
       0
       0
       0
       0
       0
       1
       0
       0
       0
       0
       0
       0
       0
       0
       0
       0
       0
       0
       0
       0
       0
       0
       0
       0
       0
       0
       0
       0
       0
       0
       0
       0
       0
       0
       0
       0
       0
       0
       0
       0
       0
       0
       0
       0
       0
       0
       1
       0
       0
       0
       0
       0
       0
       0
       0
       0
       0
       0
       0
       0
       0
       0
       0
       0
       0
       0
       0
       1
       0
       0
       0
       0
       0
       0
       0
       0
       0
       0
       0
       0
       0
       0
       0
       0
       0
       0
       0
       0
       0
       0
       0
       0
       0
       0
       0
       0
       0
       0
       0
       0
       0
       0
       0
       0
       0
       0
       0
       0
       1
       0
       0
       1
       0
       0
       0
       0
       0
       0
       0
       0
       0
       0
       0
       0
       0
       0
       0
       0
       0
       0
       0
       0
       0
       0
       0
       0
       0
       0
       0
       0
       0
       0
       0
       0
       0
       0
       0
       0
       0
       0
       0
       0
       0
       0
       0
       0
       0
       0
       0
       0
       0
       0
       0
       0
       0
       0
       0
       0
       0
       0
       0
       0
       0
       0
       0
       0
       0
       0
       0
       0
       0
       0
       1
       0
       0
       0
       0
       0
       0
       0
       0
       0
       0
       0
       0
       1
       0
       0
       0
       0
       0
       0
       0
       0
       0
       0
       0
       0
       0
       0
       0
       1
       0
       0
       0
       0
       0
       0
       0
       0
       0
       0
       0
       0
       0
       0
       0
       0
       0
       0
       0
       0
       0
       0
       0
       0
       0
       0
       0
       0
       0
       0
       0
       0
       0
       0
       0
       0
       0
       0
       0
       0
       0
       1
       0
       0
       0
       0
       0
       0
       0
       0
       0
       0
       0
       0
       0
       0
       0
       0
       0
       0
       0
       0
       0
       0
       0
       0
       0
       0
       0
       0
       0
       0
       1
       1
       0
       0
       0
       0
       0
       0
       1
       0
       0
       0
       0
       0
       0
       0
       0
       0
       0
       0
       0
       0
       0
       0
       0
       0
       0
       0
       0
       0
       0
       0
       0
       0
       0
       0
       0
       0
       0
       0
       0
       0
       0
       1
       0
       0
       0
       0
       0
       0
       0
       0
       0
       0
       0
       0
       0
       0
       0
       0
       0
       0
       0
       0
       0
       0
       0
       0
       0
       1
       0
       0
       0
       0
       0
       0
       0
       0
       0
       0
       0
       0
       0
       0
       0
       0
       0
       0
       0
       0
       0
       0
       0
       0
       0
       0
       0
       0
       0
       0
       0
       0
       0
       0
       0
       0
       0
       1
       0
       0
       0
       0
       0
       1
       0
       0
       0
       0
       0
       0
       0
       0
       0
       0
       0
       0
       0
       0
       0
       0
       0
       0
       0
       0
       0
       0
       0
       0
       0
       0
       0
       0
       0
       0
       0
       0
       0
       0
       0
       0
       0
       0
       0
       0
       0
       0
       1
       0
       0
       0
       0
       1
       0
       0
       0
       0
       0
       0
       0
       0
       0
       0
       0
       0
       0
       0
       0
       0
       0
       0
       0
       0
       0
       0
       0
       0
       0
       0
       0
       0
       0
       0
       0
       0
       0
       0
       0
       0
       0
       0
       0
       0
       0
       0
       0
       0
       0
       0
       0
       0
       0
       0
       0
       0
       0
       0
       0
       0
       0
       0
       0
       0
       0
       0
       0
       0
       0
       0
       0
       0
       0
       0
       0
       0
       0
       0
       0
       0
       0
       0
       0
       0
       0
       0
       0
       0
       0
       0
       0
       0
       0
       0
       0
       0
       0
       0
       0
       0
       0
       0
       0
       0
       0
       0
       0
       0
       0
       0
       0
       0
       0
       0
       0
       1
       0
       0
       0
       0
       0
       0
       0
       0
       0
       0
       0
       0
       0
       0
       0
       0
       0
       0
       0
       0
       0
       0
       0
       0
       0
       0
       0
       0
       0
       0
       0
       0
       0
       0
       0
       0
       0
       0
       0
       0
       0
       0
       0
       0
       0
       0
       0
       0
       0
       0
       0
       0
       0
       0
       0
       0
       0
       0
       0
       0
       0
       0
       0
       0
       0
       0
       0
       0
       1
       0
       0
       0
       0
       0
       0
       0
       0
       0
       0
       0
       0
       0
       0
       0
       0
       0
       0
       0
       0
       0
       0
       0
       0
       0
       0
       0
       0
       0
       0
       0
       0
       0
       0
       0
       0
       0
       0
       0
       0
       1
       0
       0
       0
       0
       0
       0
       0
       0
       0
       0
       0
       0
       0
       0
       0
       0
       0
       0
       0
       0
       0
       0
       0
       0
       0
       0
       0
       0
       0
       0
       0
       0
       0
       0
       0
       0
       0
       0
       0
       0
       0
       0
       0
       0
       0
       0
       0
       0
       0
       0
       0
       0
       0
       0
       0
       0
       1
       0
       0
       0
       0
       0
       0
       0
       0
       0
       0
       2
       0
       0
       0
       0
       0
       0
       0
       0
       0
       0
       0
       0
       0
       0
       0
       0
       0
       0
       0
       0
       0
       0
       0
       0
       0
       0
       0
       0
       0
       0
       0
       0
       0
       0
       0
       0
       0
       0
       0
       0
       0
       0
       0
       0
       0
       0
       0
       0
       0
       0
       0
       0
       0
       0
       0
       0
       0
       0
       0
       0
       0
       0
       0
       0
       0
       0
       0
       0
       0
       0
       0
       0
       0
       0
       0
       0
       0
       0
       0
       0
       0
       0
       0
       0
       0
       0
       0
       0
       0
       1
       0
       0
       0
       0
       0
       0
       0
       0
       0
       0
       0
       0
       0
       0
       0
       0
       0
       0
       0
       0
       0
       0
       0
       0
       0
       0
       0
       0
       0
       0
       0
       0
       0
       0
       0
       0
       0
       0
       0
       0
       0
       0
       0
       0
       0
       0
       0
       0
       0
       0
       0
       0
       0
       0
       0
       0
       0
       0
       0
       0
       0
       0
       0
       0
       0
       0
       0
       0
       0
       0
       0
       0
       0
       0
       0
       0
       0
       0
       0
       0
       0
       0
       0
       0
       0
       0
       0
       0
       0
       0
       0
       0
       0
       0
       0
       0
       0
       0
       0
       0
       0
       0
       0
       0
       0
       0
       0
       0
       0
       0
       0
       0
       0
       0
       0
       0
       0
       0
       0
       0
       0
       0
       0
       0
       0
       0
       0
       0
       0
       0
       0
       0
       0
       0
       0
       0
       0
       0
       0
       0
       0
       0
       0
       0
       0
       0
       0
       0
       0
       0
       0
       0
       0
       0
       0
       0
       0
       0
       0
       0
       0
       0
       1
       0
       0
       0
       0
       0
       0
       0
       1
       0
       0
       0
       0
       1
       0
       0
       0
       1
       0
       0
       0
       0
       0
       0
       0
       0
       0
       0
       0
       0
       0
       0
       0
       0
       0
       0
       0
       0
       0
       0
       0
       0
       0
       0
       0
       0
       0
       0
       0
       0
       0
       0
       0
       0
       0
       0
       0
       0
       0
       0
       0
       0
       0
       0
       0
       0
       0
       0
       0
       0
       0
       0
       0
       0
       0
       0
       0
       0
       0
       0
       0
       0
       0
       0
       0
       0
       0
       0
       0
       0
       0
       0
       0
       0
       0
       0
       0
       0
       0
       0
       0
       0
       0
       0
       0
       0
       0
       0
       0
       0
       0
       0
       0
       0
       0
       0
       0
       0
       0
       0
       0
       0
       0
       0
       0
       0
       0
       0
       0
       0
       0
       0
       0
       0
       0
       0
       0
       0
       0
       0
       0
       0
       0
       0
       0
       0
       0
       0
       0
       0
       0
       0
       0
       0
       0
       0
       0
       0
       0
       0
       0
       0
       0
       0
       0
       0
       0
       0
       0
       0
       0
       0
       0
       0
       0
       0
       0
       0
       0
       0
       0
       0
       0
       0
       0
       0
       0
       0
       0
       0
       0
       0
       0
       0
       0
       0
       0
       0
       0
       0
       0
       0
       0
       0
       0
       0
       0
       0
       0
       0
       0
       0
       0
       0
       0
       0
       0
       0
       0
       0
       0
       0
       0
       0
       0
       0
       0
       0
       0
       0
       0
       0
       0
       0
       0
       0
       0
       0
       0
       0
       0
       0
       0
       0
       0
       0
       0
       0
       0
       0
       0
       0
       0
       0
       0
       0
       0
       0
       0
       0
       0
       0
       0
       0
       0
       0
       0
       0
       0
       0
       0
       0
       0
       0
       0
       0
       0
       0
       0
       0
       0
       0
       0
       0
       0
       0
       0
       0
       0
       0
       0
       0
       0
       0
       0
       0
       0
       0
       0
       0
       0
       0
       0
       0
       0
       0
       0
       0
       0
       0
       0
       0
       0
       0
       0
       0
       0
       0
       0
       0
       0
       0
       0
       0
       0
       0
       0
       0
       0
       0
       0
       0
       0
       0
       0
       0
       0
       0
       0
       0
       0
       0
       0
       0
       0
       0
       0
       0
       0
       0
       0
       0
       0
       0
       0
       0
       0
       0
       0
       0
       0
       0
       0
       0
       0
       0
       0
       0
       0
       0
       0
       0
       0
       0
       0
       0
       0
       0
       0
       0
       0
       0
       0
       0
       0
       0
       0
       0
       0
       0
       0
       0
       0
       0
       0
       0
       0
       0
       0
       0
       0
       0
       0
       0
       0
       0
       0
       0
       0
       0
       0
       0
       0
       0
       0
       0
       0
       0
       0
       0
       0
       0
       0
       0
       0
       0
       0
       0
       0
       0
       0
       0
       0
       0
       0
       0
       0
       0
       0
       0
       0
       0
       0
       0
       0
       0
       0
       0
       0
       0
       0
       0
       0
       0
       0
       0
       0
       0
       0
       0
       0
       0
       0
       0
       0
       0
       0
       0
       0
       0
       0
       0
       0
       0
       0
       0
       0
       0
       0
       0
       0
       0
       0
       0
       0
       0
       0
       0
       0
       0
       0
       0
       0
       0
       0
       0
       0
       0
       0
       0
       0
       0
       0
       0
       0
       0
       0
       0
       0
       0
       0
       0
       0
       0
       0
       0
       0
       0
       0
       0
       0
       0
       0
       0
       0
       0
       0
       0
       0
       0
       0
       0
       0
       0
       0
       0
       0
       0
       0
       0
       0
       0
       0
       0
       0
       0
       0
       0
       0
       0
       0
       0
       0
       0
       0
       0
       0
       0
       0
       0
       0
       0
       0
       0
       0
       0
       0
       0
       0
       0
       0
       0
       0
       0
       0
       0
       0
       0
       0
       0
       0
       0
       0
       0
       0
       0
       0
       0
       0
       0
       0
       0
       0
       0
       0
       0
       0
       0
       0
       0
       0
       0
       0
       0
       0
       0
       0
       0
       0
       0
       0
       0
       0
       0
       0
       0
       0
       0
       0
       0
       0
       0
       0
       0
       0
       0
       0
       0
       0
       0
       0
       0
       0
       0
       0
       0
       0
       0
       0
       0
       0
       0
       0
       0
       0
       0
       0
       0
       0
       0
       0
       0
       0
       0
       0
       0
       0
       1
       0
       0
       0
       0
       0
       0
       0
       0
       0
       0
       0
       0
       0
       0
       0
       0
       0
       0
       0
       0
       0
       0
       0
       0
       0
       0
       0
       0
       0
       0
       0
       0
       0
       0
       0
       0
       0
       0
       0
       0
       0
       0
       0
       0
       0
       0
       0
       0
       0
       0
       0
       0
       0
       0
       0
       0
       0
       0
       0
       0
       0
       0
       0
       0
       0
       0
       0
       0
       0
       0
       0
       0
       0
       0
       0
       0
       0
       0
       0
       0
       0
       0
       0
       0
       0
       0
       0
       0
       0
       0
       0
       0
       0
       0
       0
       0
       0
       0
       0
       0
       0
       0
       0
       0
       0
       0
       0
       0
       0
       0
       0
       0
       0
       0
       0
       0
       0
       0
       0
       0
       0
       0
       0
       0
       0
       0
       0
       0
       0
       0
       0
       0
       0
       0
       0
       0
       0
       0
       0
       0
       0
       0
       0
       0
       0
       0
       0
       0
       0
       0
       0
       0
       0
       0
       0
       0
       0
       0
       0
       0
       0
       0
       0
       0
       0
       0
       0
       0
       0
       0
       0
       0
       0
       0
       0
       0
       0
       0
       0
       0
       0
       0
       0
       0
       0
       0
       0
       0
       0
       0
       0
       0
       0
       0
       0
       0
       0
       0
       0
       0
       0
       0
       0
       0
       0
       0
       0
       0
       1
       0
       0
       0
       0
       0
       0
       0
       0
       0
       0
       0
       0
       0
       0
       0
       0
       0
       0
       0
       0
       0
       0
       0
       0
       0
       0
       0
       0
       0
       0
       0
       0
       0
       0
       0
       0
       0
       0
       0
       0
       0
       0
       0
       0
       0
       0
       0
       0
       0
       0
       0
       0
       0
       0
       0
       0
       0
       0
       0
       0
       0
       0
       0
       0
       0
       0
       0
       0
       0
       0
       0
       0
       0
       0
       0
       0
       0
       0
       0
       0
       0
       0
       0
       0
       0
       0
       0
       0
       0
       0
       0
       0
       0
       0
       0
       0
       0
       0
       0
       0
       0
       0
       0
       0
       0
       0
       0
       0
       0
       0
       0
       0
       0
       0
       0
       0
       0
       0
       0
       0
       0
       0
       0
       0
       0
       0
       0
       0
       0
       0
       0
       0
       0
       0
       0
       0
       0
       0
       0
       0
       0
       0
       0
       0
       0
       0
       0
       0
       0
       0
       0
       0
       0
       0
       0
       0
       0
       0
       0
       0
       0
       0
       0
       0
       0
       0
       0
       0
       0
       0
       0
       0
       0
       0
       0
       0
       0
       0
       0
       0
       0
       0
       0
       0
       0
       0
       0
       0
       0
       0
       0
       0
       0
       0
       0
       0
       0
       0
       0
       0
       0
       0
       0
       0
       0
       0
       0
       0
       0
       0
       0
       0
       0
       0
       0
       0
       0
       0
       0
       0
       0
       0
       0
       0
       0
       0
       0
       0
       0
       0
       0
       0
       0
       0
       0
       0
       0
       0
       0
       0
       0
       0
       0
       0
       0
       0
       0
       0
       0
       0
       0
       0
       0
       0
       0
       0
       0
       0
       0
       0
       0
       0
       0
       0
       0
       0
       0
       0
       0
       0
       0
       0
       0
       0
       0
       0
       0
       0
       0
       0
       0
       0
       0
       0
       0
       0
       0
       0
       0
       0
       0
       0
       0
       0
       0
       0
       0
       0
       0
       0
       0
       0
       0
       0
       0
       0
       0
       0
       0
       0
       0
       0
       0
       0
       0
       0
       0
       0
       0
       0
       0
       0
       0
       0
       0
       0
       0
       0
       0
       0
       0
       0
       0
       0
       0
       0
       0
       0
       0
       0
       0
       0
       0
       0
       0
       0
       0
       0
       0
       0
       0
       0
       0
       0
       0
       0
       0
       0
       0
       0
       0
       0
       0
       0
       0
       0
       0
       0
       0
       0
       0
       0
       0
       0
       0
       0
       0
       0
       0
       0
       0
       0
       0
       0
       0
       0
       0
       0
       0
       0
       0
       0
$ROI:
0
$PRESETS:
None
0
0
$ENER_FIT:
-0.479377 0.397317
$MCA_CAL:
3
-4.793768E-001 3.973171E-001 -2.936620E-009 keV
$SHAPE_CAL:
3
2.913355E+000 2.829383E-003 4.133060E-008
