$SPEC_ID:
Pulser
$SPEC_REM:
DET# 2
DETDESC# DETECTOR 2
AP# GammaVision Version 7.01.03
$DATE_MEA:
04/19/2017 16:09:15
$MEAS_TIM:
847 848
$DATA:
0 8191
       0
       0
       0
       0
       0
       0
       0
       0
       0
       0
       0
       0
       0
       0
       0
       0
       0
       0
       0
       0
       0
       0
       0
       3
     189
     226
      88
      58
      55
      62
      67
      58
      57
      61
      57
      64
      66
      72
      72
      74
      77
      84
      83
      77
      74
      62
      66
      60
      58
      68
      72
      61
      67
      73
      61
      76
      64
      58
      63
      82
      82
      62
      71
      55
      71
      71
      65
      60
      68
      72
      73
      68
      60
      54
      53
      62
      75
      70
      60
      53
      49
      75
      62
      64
      63
      59
      71
      69
      52
      58
      58
      62
      59
      63
      63
      65
      59
      43
      50
      65
      71
      55
      64
      68
      50
      65
      58
      60
      70
      49
      74
      73
      64
      69
      67
      62
      66
      64
      48
      65
      61
      61
      61
      65
      66
      64
      60
      68
      65
      65
      59
      62
      64
      69
      66
      87
      72
      80
      80
      59
      56
      68
      63
      74
      62
      66
      53
      76
      74
      72
      72
      76
      65
      89
      89
      86
      83
      83
      82
      77
      97
      93
      88
      94
      80
      81
      80
      92
      91
      86
      65
      74
      95
      95
      83
      87
      81
      91
      94
      84
      88
     109
     149
     210
     317
     259
     168
     187
     306
     437
     416
     249
     159
      98
      84
      61
      90
      70
      94
      79
      79
      61
      70
      80
      68
      65
      78
      87
      62
      74
      98
      72
     129
     202
     216
     195
     151
     101
     104
     101
     105
     130
     110
      90
      86
      80
      76
      71
      83
      64
      59
      75
      86
      73
     101
      84
      76
      95
      78
      69
      77
      71
      79
      71
      78
      80
      69
      81
      95
      78
      74
      68
      79
      79
      85
      86
      73
      77
      89
      76
      86
      79
      73
      75
      95
      66
      72
      90
      72
      68
      88
      89
      76
      87
      75
      73
      71
      86
      79
      74
      86
      71
      86
      80
      73
      71
      98
      85
      77
      91
      88
      94
      81
      65
      84
      92
     101
      86
      89
      88
      92
      91
      76
      81
      69
      79
      88
      82
      66
      81
      88
      97
      81
      78
      75
      69
      81
      88
      97
      98
      85
      75
      66
      78
      76
      85
      84
      59
      94
      88
      92
     111
      85
      93
      97
     102
      81
      86
      83
      97
      82
      82
      78
      85
      96
      90
      74
      81
      80
      88
      75
      82
      96
      96
      96
      99
     100
      83
      77
      69
      86
      90
      83
      85
      86
      94
      69
      67
      88
      76
      70
      75
      84
      82
      81
      88
      92
      87
      78
      77
      83
      70
     101
      92
      89
      93
      88
      83
      84
      72
      58
      79
      60
      80
      87
     101
      91
      91
      79
      85
      81
      70
      76
      86
      79
      75
     106
      85
      88
      91
     101
      82
      68
      86
      87
      92
      82
      88
      86
      99
      83
      90
      73
      77
      90
      81
      74
      94
      78
      83
      70
      87
      74
      69
      93
      94
      79
      87
      87
      81
      70
      77
     105
      70
      87
      86
      82
      86
      74
      82
      89
      85
      78
      70
      81
      84
      94
      88
      89
      75
      90
      77
      74
      91
     104
      74
      69
      82
      70
      71
      89
      74
      70
      76
      76
      71
      72
      82
      78
      78
      79
      91
      78
      75
      83
      74
      96
      76
      81
      67
      72
      89
      87
      66
      86
      75
      84
      76
      67
      76
      74
      72
      74
      79
      80
      93
      74
      80
      73
      98
      80
      80
      69
      75
      78
      74
      74
      74
      82
      66
      86
      55
      92
      70
      81
      82
      78
     102
      76
      82
      73
      78
      99
     102
      89
      88
     112
     102
      90
      93
     102
      88
      86
      76
     102
      92
      93
      90
      89
     114
      99
     101
     105
      96
      98
      93
      93
     108
      96
     110
      98
     111
     107
      95
      73
     111
      90
      89
      96
      82
      91
      81
      85
      94
      87
      97
      82
      89
     116
      98
      81
     107
      87
      98
     104
     101
      98
      79
     118
     108
     115
      77
     101
     101
      89
      84
     110
      94
     101
      89
      92
      95
      90
     106
     107
     108
     101
      99
     113
     107
     101
     108
      85
     101
     104
      88
     108
     121
      98
      98
      95
     112
     105
     102
     112
     110
     117
     114
     132
     115
     110
     107
     108
     113
     115
      92
     106
     120
     124
      95
     126
     115
     109
     116
     117
     119
     110
     113
     117
     101
     101
     104
      86
     115
      97
      91
     113
     103
      94
      95
     121
     109
     101
      83
     101
     120
      95
     108
      92
     105
     100
      89
     100
      90
      95
      92
      87
     102
      87
      87
      97
      77
      89
      78
      86
      93
      86
      68
      84
     102
      81
      99
      65
      86
      85
      84
      76
      72
      83
      85
      68
      81
      66
      59
      69
      64
      65
      68
      67
      72
      73
      66
      69
      64
      79
      46
      57
      53
      69
      62
      60
      42
      66
      52
      63
      61
      60
      52
      53
      67
      52
      44
      59
      65
      53
      64
      44
      48
      43
      59
      53
      44
      55
      40
      56
      50
      57
      50
      51
      46
      63
      37
      57
      45
      38
      44
      51
      28
      51
      55
      51
      51
      53
      44
      47
      50
      44
      57
      51
      44
      49
      43
      49
      41
      47
      38
      40
      52
      40
      57
      42
      55
      62
      47
      45
      53
      48
      55
      46
      53
      42
      45
      44
      51
      53
      49
      41
      47
      35
      45
      39
      57
      49
      44
      43
      45
      44
      34
      45
      47
      34
      31
      46
      45
      53
      37
      29
      41
      50
      50
      38
      61
      42
      42
      34
      48
      47
      52
      42
      46
      31
      48
      37
      58
      41
      46
      40
      42
      55
      47
      27
      37
      43
      44
      33
      57
      36
      46
      34
      51
      31
      33
      51
      42
      50
      41
      46
      40
      40
      37
      53
      40
      43
      33
      35
      46
      30
      41
      36
      36
      42
      34
      36
      39
      38
      46
      27
      54
      27
      40
      47
      38
      45
      38
      43
      44
      27
      38
      31
      36
      34
      38
      36
      30
      35
      28
      36
      36
      42
      37
      33
      41
      31
      31
      29
      34
      37
      38
      29
      41
      39
      37
      31
      32
      56
      34
      31
      32
      35
      33
      29
      30
      39
      26
      35
      43
      35
      22
      34
      30
      34
      36
      31
      38
      34
      31
      24
      37
      24
      25
      27
      35
      35
      33
      42
      31
      28
      36
      32
      35
      36
      39
      33
      37
      41
      42
      22
      29
      32
      34
      37
      28
      44
      37
      34
      34
      27
      29
      36
      32
      31
      29
      35
      31
      35
      30
      31
      38
      25
      32
      31
      19
      30
      38
      39
      33
      31
      33
      26
      34
      30
      30
      35
      41
      31
      32
      33
      32
      31
      35
      29
      30
      30
      34
      30
      41
      42
      32
      36
      35
      30
      23
      33
      38
      32
      40
      36
      35
      25
      31
      33
      31
      33
      23
      37
      33
      23
      35
      32
      24
      27
      31
      18
      22
      26
      33
      33
      32
      31
      28
      30
      28
      32
      20
      25
      28
      33
      27
      36
      27
      37
      26
      36
      28
      31
      27
      26
      34
      37
      23
      19
      25
      28
      26
      28
      25
      27
      36
      27
      21
      22
      12
      21
      23
      27
      25
      28
      30
      32
      27
      24
      36
      34
      27
      28
      25
      32
      23
      30
      33
      23
      32
      20
      29
      31
      24
      25
      34
      35
      22
      26
      27
      31
      28
      23
      34
      34
      25
      27
      34
      30
      33
      27
      25
      27
      28
      31
      35
      19
      29
      33
      25
      36
      29
      35
      31
      30
      35
      26
      23
      21
      36
      25
      26
      25
      23
      27
      23
      36
      34
      21
      23
      33
      28
      29
      33
      36
      30
      24
      34
      26
      36
      21
      28
      33
      28
      22
      25
      33
      38
      24
      34
      21
      20
      26
      31
      29
      27
      25
      24
      29
      23
      25
      23
      22
      15
      19
      26
      25
      23
      26
      23
      25
      34
      28
      18
      27
      34
      24
      29
      14
      30
      24
      30
      21
      27
      22
      33
      20
      20
      24
      21
      34
      23
      31
      24
      23
      24
      25
      26
      28
      24
      23
      20
      15
      22
      25
      29
      21
      30
      35
      21
      34
      26
      24
      25
      25
      20
      24
      23
      32
      31
      21
      28
      26
      33
      21
      24
      28
      28
      27
      23
      22
      38
      27
      23
      33
      28
      24
      27
      24
      21
      23
      20
      28
      35
      27
      32
      21
      23
      34
      25
      29
      28
      20
      27
      24
      25
      28
      27
      25
      25
      33
      24
      28
      18
      32
      22
      26
      27
      25
      25
      31
      33
      36
      47
      50
      40
      47
      39
      33
      36
      27
      26
      27
      16
      26
      27
      23
      26
      19
      16
      26
      23
      20
      24
      33
      21
      21
      14
      31
      30
      25
      22
      24
      25
      34
      18
      25
      23
      10
      19
      27
      26
      35
      31
      20
      20
      24
      21
      28
      17
      26
      22
      16
      17
      27
      27
      26
      24
      26
      15
      23
      23
      19
      26
      26
      27
      13
      24
      21
      23
      25
      15
      23
      22
      22
      26
      29
      20
      27
      26
      27
      24
      18
      25
      29
      33
      29
      23
      31
      20
      31
      25
      24
      22
      30
      20
      16
      26
      31
      22
      21
      23
      30
      23
      17
      25
      31
      27
      21
      24
      34
      25
      27
      21
      24
      27
      34
      38
      30
      23
      23
      35
      24
      30
      22
      16
      27
      31
      24
      20
      23
      34
      22
      15
      22
      18
      21
      25
      26
      12
      20
      27
      27
      21
      19
      20
      24
      14
      29
      24
      26
      27
      22
      22
      19
      29
      31
      22
      24
      36
      26
      23
      27
      29
      21
      21
      15
      25
      28
      24
      27
      25
      27
      22
      22
      24
      23
      23
      19
      25
      20
      23
      25
      18
      19
      29
      30
      23
      23
      34
      28
      21
      28
      26
      26
      22
      28
      25
      15
      25
      16
      29
      23
      37
      26
      39
      29
      21
      18
      19
      19
      21
      23
      30
      21
      16
      16
      28
      23
      19
      30
      26
      20
      24
      34
      34
      16
      21
      20
      21
      22
      15
      39
      14
      25
      21
      16
      23
      23
      17
      23
      22
      17
      23
      29
      19
      28
      21
      24
      29
      28
      16
      22
      22
      20
      23
      25
      25
      18
      22
      23
      27
      27
      17
      19
      25
      19
      19
      19
      17
      21
      21
      26
      28
      20
      27
      21
      25
      26
      21
      26
      24
      26
      31
      20
      26
      22
      39
      24
      23
      21
      22
      30
      26
      24
      24
      15
      30
      27
      27
      21
      25
      35
      19
      27
      24
      14
      23
      33
      26
      21
      35
      24
      18
      13
      24
      26
      28
      21
      34
      23
      22
      21
      26
      26
      30
      18
      19
      35
      20
      14
      26
      30
      21
      35
      16
      19
      22
      22
      23
      21
      24
      28
      23
      25
      24
      25
      25
      22
      21
      30
      25
      16
      23
      26
      24
      20
      17
      24
      24
      30
      27
      27
      23
      27
      22
      21
      19
      18
      23
      30
      26
      22
      23
      23
      21
      13
      25
      29
      24
      28
      23
      15
      28
      33
      42
      30
      32
      28
      12
      24
      28
      33
      30
      24
      38
      22
      20
      30
      18
      31
      22
      13
      23
      18
      35
      26
      30
      25
      32
      22
      28
      31
      37
      33
      33
      20
      20
      23
      22
      21
      19
      21
      28
      29
      28
      17
      21
      24
      21
      37
      19
      20
      19
      21
      19
      20
      28
      17
      24
      24
      25
      23
      32
      23
      30
      28
      30
      32
      25
      25
      30
      27
      26
      39
      24
      14
      21
      25
      26
      21
      22
      22
      29
      29
      27
      28
      29
      24
      15
      29
      23
      19
      27
      29
      32
      28
      26
      25
      25
      22
      27
      29
      27
      25
      34
      30
      24
      21
      32
      27
      27
      29
      30
      20
      28
      22
      20
      18
      35
      26
      21
      32
      25
      26
      25
      28
      19
      30
      26
      40
      19
      25
      31
      23
      31
      25
      24
      26
      26
      25
      19
      24
      33
      29
      25
      25
      28
      27
      27
      18
      31
      33
      38
      25
      28
      25
      24
      31
      30
      28
      28
      28
      35
      23
      21
      25
      27
      28
      28
      32
      23
      36
      28
      20
      29
      30
      19
      19
      28
      30
      25
      24
      37
      20
      37
      28
      17
      23
      22
      31
      18
      17
      21
      29
      29
      28
      25
      32
      23
      25
      32
      27
      16
      34
      21
      20
      16
      25
      25
      26
      21
      27
      22
      30
      22
      28
      20
      23
      22
      21
      22
      33
      22
      29
      26
      23
      23
      29
      35
      29
      27
      22
      23
      22
      34
      27
      30
      27
      30
      24
      31
      31
      20
      23
      30
      27
      29
      22
      32
      29
      33
      30
      31
      31
      26
      30
      22
      31
      41
      29
      19
      31
      28
      30
      27
      22
      31
      24
      19
      20
      24
      26
      26
      38
      29
      26
      36
      28
      27
      34
      30
      16
      31
      24
      25
      39
      27
      24
      25
      30
      21
      28
      25
      22
      36
      24
      32
      26
      23
      22
      30
      28
      29
      22
      21
      24
      32
      20
      27
      33
      32
      34
      21
      27
      25
      27
      26
      18
      23
      31
      34
      28
      25
      35
      26
      29
      16
      35
      24
      17
      27
      30
      29
      32
      26
      20
      27
      35
      28
      29
      28
      45
      42
      32
      35
      25
      25
      27
      23
      33
      20
      38
      37
      26
      34
      29
      21
      18
      21
      26
      22
      31
      28
      39
      32
      33
      30
      18
      32
      29
      26
      34
      45
      31
      31
      32
      26
      36
      30
      25
      19
      27
      23
      35
      21
      43
      35
      39
      29
      36
      28
      34
      40
      26
      39
      37
      23
      30
      36
      26
      36
      26
      26
      35
      32
      31
      32
      28
      39
      38
      34
      29
      35
      35
      25
      30
      25
      27
      25
      23
      30
      36
      23
      22
      41
      40
      29
      44
      32
      30
      30
      30
      28
      33
      26
      38
      29
      30
      32
      30
      35
      22
      38
      33
      29
      36
      39
      27
      30
      40
      38
      43
      44
      42
      35
      31
      33
      29
      33
      33
      23
      26
      34
      37
      23
      26
      25
      37
      28
      34
      33
      31
      34
      31
      31
      35
      36
      22
      39
      34
      42
      30
      22
      35
      35
      43
      24
      39
      21
      42
      29
      28
      42
      29
      43
      26
      43
      32
      28
      38
      46
      32
      38
      27
      40
      31
      27
      32
      43
      38
      30
      36
      38
      35
      40
      38
      28
      49
      33
      32
      43
      34
      40
      40
      36
      42
      40
      28
      29
      36
      37
      34
      35
      40
      31
      32
      26
      33
      43
      20
      35
      37
      40
      35
      36
      40
      38
      28
      33
      39
      24
      28
      32
      39
      37
      30
      33
      36
      34
      48
      34
      43
      27
      35
      36
      40
      39
      32
      25
      35
      34
      25
      53
      42
      34
      31
      34
      31
      38
      35
      24
      42
      39
      29
      33
      42
      39
      27
      36
      41
      40
      44
      46
      37
      44
      37
      39
      41
      35
      41
      51
      47
      34
      41
      28
      42
      28
      34
      51
      34
      46
      48
      37
      31
      45
      44
      38
      48
      32
      54
      38
      40
      43
      47
      47
      43
      44
      35
      40
      57
      38
      44
      39
      42
      32
      49
      38
      45
      51
      39
      42
      42
      40
      45
      39
      37
      43
      35
      45
      39
      48
      48
      38
      43
      37
      48
      41
      62
      44
      55
      47
      49
      42
      41
      35
      52
      45
      47
      36
      39
      56
      53
      43
      55
      54
      57
      53
      39
      47
      53
      43
      56
      34
      38
      39
      53
      52
      43
      43
      43
      46
      56
      52
      65
      54
      49
      46
      50
      43
      55
      36
      49
      55
      50
      54
      47
      40
      43
      50
      56
      55
      51
      41
      37
      45
      55
      58
      57
      50
      45
      55
      40
      45
      53
      48
      56
      44
      54
      43
      46
      58
      54
      46
      44
      46
      58
      41
      56
      60
      56
      52
      43
      40
      66
      49
      51
      52
      44
      52
      37
      52
      51
      51
      53
      39
      48
      45
      54
      33
      44
      30
      38
      49
      35
      34
      41
      49
      38
      46
      36
      50
      46
      28
      32
      34
      33
      23
      36
      35
      41
      37
      38
      38
      35
      34
      26
      36
      34
      30
      43
      38
      47
      25
      28
      41
      30
      23
      43
      25
      28
      35
      29
      44
      39
      42
      39
      29
      30
      33
      32
      35
      33
      43
      23
      33
      35
      30
      30
      34
      37
      32
      35
      28
      35
      26
      25
      33
      35
      40
      29
      28
      28
      35
      44
      29
      22
      34
      32
      33
      25
      42
      33
      24
      31
      29
      27
      36
      37
      28
      37
      34
      34
      34
      24
      25
      37
      44
      39
      34
      29
      48
      36
      37
      26
      42
      35
      34
      44
      34
      31
      26
      38
      39
      36
      31
      33
      41
      27
      25
      32
      30
      36
      30
      33
      36
      37
      30
      40
      41
      24
      37
      34
      27
      35
      29
      34
      22
      29
      33
      27
      38
      18
      22
      32
      28
      34
      31
      34
      34
      32
      30
      47
      32
      23
      38
      30
      31
      33
      37
      34
      31
      30
      33
      39
      31
      40
      42
      32
      31
      37
      21
      39
      25
      27
      31
      20
      30
      27
      31
      27
      38
      34
      32
      35
      35
      29
      27
      23
      36
      26
      40
      33
      31
      24
      24
      31
      27
      27
      37
      25
      35
      25
      37
      32
      47
      39
      31
      32
      37
      41
      38
      36
      21
      37
      22
      30
      24
      26
      31
      39
      40
      33
      30
      31
      32
      20
      34
      20
      23
      28
      21
      23
      25
      23
      21
      36
      28
      39
      29
      32
      24
      22
      21
      30
      30
      26
      27
      40
      29
      39
      24
      31
      36
      28
      31
      37
      35
      24
      39
      39
      33
      26
      34
      31
      26
      28
      35
      26
      23
      25
      23
      41
      26
      26
      30
      38
      29
      21
      28
      25
      34
      25
      35
      27
      22
      32
      35
      31
      28
      37
      28
      31
      42
      35
      31
      24
      25
      34
      37
      35
      34
      27
      28
      29
      39
      31
      30
      28
      32
      22
      29
      24
      37
      21
      22
      21
      32
      46
      26
      28
      31
      29
      36
      34
      33
      32
      18
      39
      36
      24
      36
      25
      33
      44
      33
      42
      37
      38
      31
      25
      27
      33
      32
      31
      38
      33
      24
      36
      29
      36
      26
      41
      27
      42
      39
      32
      28
      33
      29
      28
      30
      33
      26
      27
      33
      30
      24
      29
      34
      28
      35
      34
      34
      25
      22
      29
      23
      35
      32
      41
      28
      23
      26
      20
      27
      24
      23
      32
      30
      31
      24
      31
      28
      22
      30
      14
      30
      19
      29
      27
      15
      18
      35
      34
      27
      23
      25
      19
      19
      21
      23
      20
      21
      16
      19
      18
      23
      20
      23
      26
      20
      16
      21
      14
      21
      24
      15
      18
      22
      20
      20
      16
      20
      19
      24
      17
      25
      25
      24
      19
      22
      25
      17
      19
      18
      17
      15
      25
      11
      16
      12
      20
      12
      21
      19
      21
      22
      14
      14
      17
      14
      19
      20
      18
      17
      24
      21
      19
      23
      21
      23
      22
      13
      17
      20
      14
      12
      16
      20
      15
      26
      13
      14
      19
      19
      19
      19
      13
      23
      17
      14
      19
      17
      14
      14
      19
      19
      12
      18
      18
      14
      15
      16
      11
      17
      16
      10
      18
      24
      21
      10
      26
      22
      22
      29
      42
      50
      57
      84
     112
     128
     169
     197
     283
     388
     484
     589
     701
     821
     809
     883
     901
     910
     907
     798
     707
     521
     370
     209
     126
      75
      84
      39
      24
      17
      12
      15
      14
      13
      10
      16
      16
      10
      10
       6
      18
      16
      11
       7
      10
      13
       9
      15
      12
       9
      13
       8
       4
      12
       8
       6
      13
      12
       4
      10
       8
      11
       4
       7
       7
       6
       7
      15
       8
      11
       7
       4
       4
      14
      12
       5
      11
       7
      12
       9
       8
      16
       5
       6
       3
       4
      13
       4
       7
       7
       7
       6
      15
       5
       7
      12
       6
       6
       7
       7
       8
       6
       3
       5
      10
       4
       4
       6
       6
       2
       8
       4
       8
       8
       7
      10
       5
       3
       5
       5
      10
       3
       6
       4
       7
       5
       6
       3
       3
       8
       1
       6
       3
       6
       5
       4
       4
       4
       4
       7
       6
       7
       2
       3
       4
       5
       0
       5
       4
       3
       6
       3
       4
       8
       6
       2
       2
       3
       5
       5
       3
       0
       2
       2
       4
       4
       2
       5
       3
       1
       4
       5
       4
       1
       5
       5
       2
       4
       2
       6
       3
       2
       4
       4
       4
       5
       2
       0
       3
       1
       4
       3
       8
       2
       2
       3
       3
       4
       2
       0
       4
       4
       4
       1
       2
       2
       3
       3
       2
       0
       2
       4
       3
       2
       0
       5
       0
       5
       2
       2
       2
       1
       0
       3
       1
       2
       6
       1
       3
       5
       6
       1
       1
       4
       3
       1
       3
       4
       4
       2
       2
       1
       1
       3
       2
       4
       2
       4
       1
       3
       3
       1
       4
       2
       2
       2
       1
       2
       1
       0
       2
       2
       2
       6
       2
       2
       0
       2
       2
       1
       3
       1
       1
       0
       2
       4
       3
       4
       2
       3
       2
       1
       2
       4
       2
       1
       1
       0
       1
       1
       0
       1
       1
       1
       1
       1
       1
       0
       2
       2
       1
       0
       4
       1
       2
       0
       1
       2
       1
       3
       0
       2
       2
       1
       4
       6
       1
       1
       2
       2
       1
       1
       0
       3
       1
       1
       3
       0
       1
       0
       3
       2
       1
       0
       4
       4
       0
       1
       4
       2
       2
       1
       2
       1
       0
       3
       3
       5
       1
       2
       1
       5
       4
       1
       0
       2
       1
       3
       2
       2
       2
       1
       2
       5
       0
       3
       2
       1
       3
       4
       4
       2
       3
       2
       1
       3
       4
       0
       2
       2
       1
       5
       2
       3
       3
       1
       4
       2
       2
       3
       3
       3
       4
       8
      11
       9
       9
      10
      19
      18
      29
      39
      52
      69
      97
     123
     141
     169
     205
     267
     372
     443
     542
     606
     656
     718
     705
     737
     751
     778
     690
     619
     492
     358
     219
     129
      85
      64
      50
      41
      18
       8
       4
       4
       0
       1
       2
       1
       1
       1
       1
       1
       1
       1
       0
       0
       0
       0
       0
       1
       0
       0
       0
       0
       0
       0
       1
       0
       0
       1
       0
       1
       0
       0
       0
       0
       0
       0
       0
       1
       2
       0
       0
       0
       0
       0
       0
       1
       0
       0
       0
       0
       0
       0
       0
       1
       1
       0
       0
       1
       1
       0
       0
       1
       0
       0
       0
       0
       0
       0
       0
       1
       0
       1
       0
       0
       1
       0
       1
       0
       2
       0
       0
       1
       0
       0
       0
       0
       1
       0
       1
       0
       1
       0
       0
       0
       0
       0
       0
       0
       1
       2
       1
       1
       0
       0
       1
       0
       0
       0
       2
       1
       0
       1
       0
       0
       0
       0
       1
       0
       0
       1
       1
       0
       1
       1
       0
       0
       0
       0
       0
       0
       0
       1
       1
       1
       0
       0
       0
       0
       0
       0
       0
       0
       0
       0
       2
       0
       0
       0
       0
       0
       0
       2
       1
       1
       0
       1
       0
       1
       2
       0
       0
       0
       0
       0
       0
       0
       0
       0
       0
       1
       0
       0
       0
       2
       1
       1
       0
       0
       0
       0
       0
       1
       0
       0
       0
       1
       0
       0
       0
       0
       0
       0
       0
       0
       0
       0
       0
       0
       0
       1
       0
       0
       0
       1
       1
       1
       0
       1
       0
       0
       0
       1
       0
       0
       3
       1
       1
       1
       0
       0
       1
       0
       0
       1
       1
       0
       0
       1
       0
       0
       0
       0
       0
       0
       1
       0
       0
       1
       1
       0
       0
       0
       0
       1
       1
       0
       1
       0
       0
       0
       1
       0
       0
       0
       0
       1
       0
       0
       1
       0
       0
       0
       0
       0
       0
       0
       0
       0
       0
       0
       0
       0
       1
       1
       0
       2
       0
       0
       0
       1
       0
       0
       1
       0
       2
       0
       0
       0
       0
       0
       1
       1
       3
       0
       0
       0
       0
       1
       1
       0
       0
       0
       0
       0
       0
       0
       1
       0
       0
       1
       0
       1
       0
       1
       0
       0
       1
       0
       0
       0
       1
       0
       0
       0
       0
       1
       0
       0
       0
       0
       1
       0
       0
       1
       2
       1
       1
       0
       0
       0
       0
       0
       0
       0
       0
       0
       0
       0
       0
       0
       0
       0
       1
       1
       0
       0
       0
       0
       0
       0
       0
       0
       0
       0
       1
       0
       1
       0
       0
       0
       0
       1
       0
       0
       0
       0
       0
       0
       0
       0
       0
       0
       0
       0
       0
       0
       0
       0
       1
       0
       0
       0
       0
       0
       0
       0
       0
       0
       0
       0
       0
       0
       0
       1
       0
       1
       0
       0
       0
       1
       0
       0
       0
       1
       0
       0
       0
       0
       1
       0
       0
       0
       0
       0
       0
       0
       0
       0
       0
       0
       0
       0
       0
       0
       0
       0
       0
       0
       0
       1
       0
       0
       0
       0
       0
       0
       1
       0
       1
       0
       1
       0
       1
       0
       0
       0
       0
       0
       0
       0
       1
       0
       0
       0
       0
       0
       0
       0
       0
       0
       0
       0
       0
       0
       0
       0
       0
       0
       1
       0
       0
       0
       0
       0
       1
       0
       0
       1
       0
       0
       0
       0
       1
       0
       1
       0
       0
       0
       1
       0
       0
       0
       0
       0
       0
       0
       0
       0
       0
       0
       0
       0
       0
       0
       1
       0
       0
       0
       0
       0
       0
       0
       0
       0
       2
       0
       0
       0
       0
       0
       0
       0
       0
       1
       0
       0
       0
       0
       0
       0
       0
       0
       0
       0
       0
       0
       0
       0
       0
       0
       1
       0
       0
       0
       0
       0
       0
       1
       0
       2
       0
       1
       0
       0
       1
       0
       0
       0
       0
       0
       1
       2
       0
       0
       0
       0
       0
       1
       0
       0
       0
       1
       0
       0
       0
       0
       0
       0
       0
       0
       0
       1
       1
       1
       1
       0
       0
       0
       0
       0
       0
       0
       0
       0
       0
       0
       0
       0
       2
       0
       1
       0
       0
       0
       0
       0
       0
       0
       0
       0
       0
       0
       0
       1
       0
       1
       0
       0
       0
       0
       0
       0
       0
       0
       0
       0
       0
       1
       0
       0
       0
       0
       0
       1
       0
       0
       0
       0
       0
       0
       0
       0
       0
       0
       0
       2
       0
       0
       0
       0
       0
       0
       0
       0
       0
       1
       1
       0
       0
       0
       0
       1
       0
       0
       0
       0
       0
       0
       0
       0
       0
       0
       0
       0
       0
       0
       0
       1
       0
       0
       0
       0
       1
       0
       0
       0
       0
       0
       0
       1
       0
       0
       0
       0
       0
       0
       0
       0
       0
       1
       0
       1
       0
       0
       0
       0
       0
       0
       0
       0
       0
       0
       1
       0
       1
       0
       0
       0
       1
       0
       0
       0
       0
       0
       0
       1
       0
       0
       0
       0
       1
       0
       0
       0
       0
       0
       0
       1
       1
       0
       1
       1
       1
       0
       0
       0
       0
       0
       0
       0
       1
       0
       0
       0
       0
       0
       1
       0
       0
       0
       1
       0
       0
       0
       0
       0
       0
       0
       1
       0
       1
       0
       0
       3
       1
       1
       1
       1
       0
       0
       0
       0
       0
       1
       0
       0
       0
       0
       0
       0
       1
       0
       1
       0
       0
       0
       1
       0
       2
       0
       0
       0
       1
       0
       0
       0
       0
       0
       1
       0
       0
       0
       0
       0
       0
       0
       0
       0
       0
       0
       0
       0
       0
       0
       1
       0
       0
       0
       0
       0
       1
       0
       0
       0
       0
       0
       0
       0
       0
       0
       0
       0
       0
       0
       0
       0
       0
       0
       0
       0
       0
       0
       0
       0
       0
       0
       0
       0
       1
       0
       0
       0
       0
       0
       0
       0
       0
       0
       0
       0
       0
       0
       0
       0
       0
       0
       0
       0
       0
       0
       0
       0
       0
       0
       1
       0
       0
       0
       0
       0
       0
       0
       1
       0
       0
       0
       0
       0
       0
       0
       0
       0
       0
       0
       0
       0
       1
       0
       0
       0
       0
       0
       0
       2
       0
       0
       1
       0
       0
       0
       0
       0
       0
       0
       0
       0
       0
       0
       0
       0
       0
       0
       0
       0
       0
       0
       0
       0
       0
       0
       0
       0
       0
       0
       0
       0
       0
       0
       0
       0
       0
       0
       0
       0
       0
       0
       0
       0
       0
       0
       0
       0
       0
       0
       0
       0
       1
       0
       0
       0
       0
       0
       0
       0
       0
       0
       0
       0
       0
       1
       0
       0
       1
       0
       0
       0
       0
       0
       0
       0
       1
       0
       0
       1
       0
       0
       0
       0
       0
       0
       0
       0
       0
       0
       0
       0
       0
       0
       0
       0
       0
       0
       0
       0
       0
       0
       0
       0
       0
       0
       0
       0
       0
       0
       0
       0
       0
       0
       0
       0
       1
       1
       0
       0
       0
       0
       0
       0
       0
       0
       0
       0
       0
       0
       0
       0
       0
       1
       0
       0
       0
       0
       0
       0
       0
       0
       1
       0
       0
       0
       0
       0
       0
       0
       0
       0
       1
       0
       0
       1
       0
       0
       0
       0
       0
       0
       0
       1
       0
       0
       1
       0
       0
       0
       0
       0
       0
       0
       1
       0
       0
       0
       0
       0
       0
       1
       0
       0
       0
       0
       0
       0
       0
       0
       0
       0
       0
       2
       0
       0
       0
       1
       0
       0
       0
       0
       0
       0
       0
       0
       0
       1
       0
       0
       0
       0
       0
       0
       0
       0
       0
       0
       0
       0
       0
       0
       0
       0
       0
       1
       0
       0
       0
       0
       0
       0
       2
       0
       0
       0
       0
       0
       0
       1
       0
       0
       0
       0
       0
       0
       0
       0
       0
       0
       0
       0
       0
       0
       0
       0
       1
       1
       0
       0
       1
       1
       0
       0
       0
       0
       0
       0
       0
       0
       0
       0
       2
       1
       0
       0
       0
       0
       1
       0
       0
       0
       0
       0
       0
       0
       1
       0
       1
       0
       0
       0
       0
       1
       0
       0
       0
       0
       0
       0
       0
       1
       0
       0
       0
       0
       0
       0
       0
       0
       0
       0
       0
       0
       1
       0
       1
       0
       0
       0
       0
       0
       0
       0
       0
       0
       0
       1
       1
       0
       0
       0
       0
       0
       0
       0
       1
       0
       0
       0
       0
       0
       0
       0
       0
       0
       0
       0
       0
       0
       0
       0
       0
       0
       2
       0
       0
       0
       0
       0
       0
       0
       0
       0
       0
       0
       0
       0
       2
       0
       0
       0
       0
       0
       0
       0
       0
       0
       0
       0
       0
       0
       0
       0
       0
       0
       0
       0
       1
       0
       1
       0
       1
       0
       0
       0
       0
       0
       0
       0
       1
       0
       1
       0
       0
       0
       0
       0
       0
       0
       0
       0
       0
       0
       0
       0
       0
       0
       0
       0
       0
       0
       0
       0
       0
       0
       0
       0
       0
       1
       0
       0
       0
       0
       0
       0
       0
       0
       0
       1
       0
       0
       0
       0
       0
       0
       0
       1
       1
       0
       0
       0
       0
       1
       0
       0
       0
       0
       0
       0
       0
       0
       0
       0
       0
       0
       0
       0
       0
       0
       0
       0
       0
       0
       0
       0
       1
       0
       0
       0
       0
       1
       0
       0
       0
       0
       0
       1
       1
       0
       0
       0
       0
       0
       0
       0
       0
       0
       0
       1
       0
       0
       1
       0
       0
       0
       0
       0
       0
       0
       1
       0
       0
       0
       0
       0
       0
       0
       0
       0
       0
       0
       0
       0
       0
       0
       0
       0
       0
       0
       0
       0
       1
       0
       0
       0
       0
       0
       0
       0
       0
       0
       0
       0
       0
       0
       1
       1
       0
       1
       0
       0
       0
       0
       0
       1
       0
       0
       0
       0
       0
       0
       0
       1
       0
       0
       0
       1
       0
       1
       1
       0
       0
       0
       0
       0
       0
       0
       0
       0
       0
       0
       1
       0
       0
       0
       0
       0
       0
       1
       1
       0
       0
       0
       0
       0
       0
       0
       0
       0
       0
       0
       0
       0
       0
       0
       0
       0
       0
       0
       0
       0
       0
       0
       0
       1
       0
       0
       0
       0
       0
       0
       0
       0
       1
       0
       0
       0
       0
       0
       0
       0
       0
       0
       1
       0
       0
       1
       0
       1
       0
       0
       0
       0
       0
       0
       0
       0
       0
       0
       0
       0
       0
       1
       1
       0
       0
       0
       0
       0
       0
       0
       0
       0
       0
       0
       0
       0
       0
       0
       0
       0
       0
       0
       0
       0
       0
       0
       0
       0
       1
       0
       1
       0
       0
       0
       1
       0
       0
       0
       0
       0
       0
       0
       0
       0
       0
       0
       0
       0
       0
       0
       0
       0
       0
       0
       0
       0
       0
       0
       0
       0
       0
       2
       0
       0
       0
       0
       0
       0
       0
       0
       0
       0
       0
       0
       0
       0
       2
       0
       0
       0
       0
       1
       0
       0
       1
       1
       0
       0
       2
       0
       0
       0
       0
       0
       0
       0
       0
       0
       0
       0
       0
       0
       1
       0
       0
       0
       0
       0
       0
       0
       0
       0
       0
       0
       1
       0
       0
       1
       0
       0
       0
       0
       0
       1
       0
       0
       0
       0
       0
       0
       1
       0
       0
       1
       1
       0
       0
       1
       0
       1
       0
       1
       0
       0
       0
       0
       0
       0
       0
       0
       0
       0
       0
       0
       0
       0
       0
       0
       0
       0
       0
       1
       0
       0
       0
       0
       0
       0
       0
       0
       0
       0
       0
       0
       0
       0
       0
       0
       1
       0
       1
       1
       0
       0
       1
       0
       0
       0
       0
       0
       0
       0
       1
       0
       1
       0
       0
       0
       0
       0
       1
       0
       0
       0
       0
       0
       0
       0
       0
       0
       0
       0
       0
       0
       0
       0
       0
       0
       0
       1
       0
       0
       0
       1
       0
       0
       0
       0
       0
       0
       0
       0
       0
       0
       0
       0
       0
       0
       0
       0
       0
       0
       0
       0
       0
       0
       0
       1
       0
       0
       0
       0
       1
       0
       0
       0
       0
       0
       0
       0
       1
       0
       0
       0
       0
       0
       0
       0
       0
       0
       1
       0
       0
       0
       0
       0
       0
       0
       0
       0
       0
       0
       0
       0
       0
       0
       0
       0
       0
       0
       0
       0
       0
       1
       0
       0
       0
       0
       0
       0
       0
       0
       0
       0
       1
       0
       0
       0
       1
       0
       0
       0
       0
       0
       0
       0
       0
       0
       0
       0
       0
       0
       0
       0
       0
       1
       0
       0
       0
       0
       0
       0
       0
       0
       0
       0
       1
       0
       0
       0
       0
       0
       0
       0
       0
       0
       0
       0
       0
       0
       0
       1
       0
       0
       0
       0
       0
       0
       0
       0
       0
       0
       0
       0
       0
       0
       0
       0
       0
       0
       0
       1
       0
       0
       0
       0
       0
       0
       0
       0
       0
       0
       1
       0
       0
       0
       0
       0
       0
       0
       0
       0
       0
       0
       0
       0
       0
       0
       0
       0
       0
       0
       0
       0
       0
       0
       0
       0
       0
       1
       0
       0
       0
       0
       1
       0
       0
       0
       0
       0
       0
       0
       0
       0
       0
       0
       0
       0
       0
       0
       0
       0
       0
       0
       1
       0
       0
       0
       0
       0
       0
       0
       0
       0
       0
       0
       0
       0
       0
       0
       0
       0
       0
       1
       0
       0
       0
       0
       0
       0
       0
       0
       0
       0
       0
       0
       0
       0
       0
       0
       0
       0
       0
       0
       0
       0
       0
       0
       1
       0
       0
       0
       0
       0
       0
       0
       0
       0
       0
       0
       0
       0
       0
       0
       0
       0
       2
       0
       0
       0
       0
       0
       0
       0
       0
       0
       0
       0
       0
       0
       0
       0
       0
       0
       0
       0
       0
       0
       0
       0
       0
       1
       0
       0
       0
       0
       0
       0
       0
       0
       0
       0
       0
       0
       0
       0
       0
       0
       0
       0
       0
       0
       0
       0
       0
       0
       0
       0
       0
       0
       0
       1
       1
       0
       1
       0
       0
       0
       0
       0
       0
       0
       0
       0
       0
       0
       0
       0
       0
       0
       0
       0
       0
       0
       0
       0
       0
       0
       0
       0
       0
       0
       0
       0
       0
       0
       0
       0
       0
       0
       0
       0
       0
       0
       0
       0
       0
       0
       0
       0
       0
       0
       0
       0
       0
       0
       0
       0
       0
       0
       0
       0
       0
       0
       0
       0
       0
       0
       0
       0
       0
       1
       0
       0
       0
       0
       1
       0
       0
       0
       0
       0
       0
       0
       0
       0
       0
       0
       0
       0
       1
       1
       0
       0
       0
       0
       0
       0
       2
       0
       0
       0
       0
       0
       0
       0
       0
       0
       0
       0
       0
       0
       0
       0
       0
       0
       0
       2
       0
       1
       0
       0
       0
       0
       0
       0
       0
       0
       0
       0
       0
       0
       0
       0
       1
       0
       0
       0
       0
       0
       0
       0
       0
       0
       0
       0
       0
       0
       0
       0
       0
       0
       0
       0
       0
       0
       0
       2
       0
       0
       1
       0
       0
       1
       0
       0
       0
       0
       0
       0
       0
       0
       0
       1
       0
       0
       0
       0
       0
       0
       0
       0
       0
       0
       0
       1
       0
       0
       0
       0
       0
       0
       0
       1
       0
       0
       0
       0
       0
       0
       0
       0
       0
       0
       0
       0
       0
       0
       0
       0
       0
       1
       0
       0
       0
       0
       0
       0
       0
       0
       0
       0
       0
       1
       0
       1
       0
       0
       0
       0
       0
       0
       0
       0
       0
       0
       0
       0
       0
       0
       0
       0
       1
       0
       0
       0
       0
       0
       0
       0
       0
       0
       0
       0
       0
       1
       0
       1
       0
       0
       0
       0
       0
       0
       0
       0
       1
       0
       0
       0
       0
       0
       0
       0
       0
       0
       0
       0
       0
       0
       0
       0
       0
       0
       0
       0
       0
       0
       0
       0
       0
       0
       0
       0
       0
       1
       1
       0
       0
       0
       0
       0
       0
       0
       0
       0
       0
       0
       0
       0
       0
       0
       0
       0
       0
       0
       0
       0
       0
       0
       0
       0
       0
       0
       0
       0
       0
       1
       0
       1
       0
       0
       1
       0
       0
       0
       0
       0
       0
       0
       0
       0
       0
       0
       0
       0
       0
       1
       0
       0
       0
       0
       0
       1
       0
       0
       0
       0
       0
       0
       0
       0
       0
       0
       0
       0
       0
       0
       0
       0
       0
       0
       1
       0
       0
       0
       0
       0
       0
       0
       0
       0
       0
       0
       0
       0
       0
       0
       0
       1
       0
       0
       0
       0
       0
       0
       0
       0
       0
       0
       0
       0
       0
       0
       0
       0
       1
       0
       0
       0
       0
       0
       0
       0
       0
       0
       0
       0
       0
       0
       0
       0
       0
       0
       0
       0
       0
       0
       0
       0
       0
       0
       0
       0
       0
       1
       0
       0
       0
       0
       0
       0
       1
       0
       0
       1
       0
       0
       0
       0
       1
       0
       0
       0
       0
       0
       0
       0
       0
       0
       0
       0
       0
       0
       0
       0
       0
       0
       1
       0
       0
       0
       0
       0
       0
       0
       0
       0
       0
       0
       0
       0
       0
       0
       0
       0
       0
       0
       0
       0
       0
       0
       0
       0
       0
       0
       0
       0
       0
       0
       0
       0
       0
       0
       0
       0
       0
       0
       0
       0
       0
       0
       0
       0
       1
       0
       0
       0
       1
       0
       0
       0
       0
       0
       0
       0
       0
       0
       0
       0
       0
       0
       0
       0
       0
       0
       0
       0
       0
       0
       0
       0
       0
       0
       0
       0
       0
       0
       0
       0
       0
       0
       0
       0
       0
       0
       0
       0
       0
       0
       0
       0
       0
       0
       0
       0
       0
       0
       0
       0
       0
       0
       0
       0
       0
       1
       0
       0
       0
       0
       0
       0
       0
       0
       0
       0
       0
       0
       0
       0
       0
       0
       0
       0
       0
       0
       0
       0
       0
       0
       0
       0
       0
       1
       0
       1
       0
       0
       0
       0
       1
       0
       0
       0
       0
       0
       0
       0
       0
       0
       0
       0
       0
       0
       0
       0
       0
       0
       0
       0
       0
       0
       0
       0
       0
       0
       0
       0
       0
       0
       0
       0
       0
       1
       0
       0
       0
       0
       0
       0
       0
       0
       0
       0
       0
       0
       0
       0
       0
       0
       0
       0
       0
       0
       0
       0
       0
       0
       0
       0
       0
       0
       0
       0
       0
       0
       0
       0
       0
       0
       0
       0
       0
       0
       0
       0
       0
       0
       0
       0
       0
       0
       0
       0
       0
       0
       1
       0
       0
       0
       0
       0
       0
       0
       0
       0
       0
       0
       0
       0
       0
       0
       0
       0
       0
       0
       0
       0
       0
       0
       0
       0
       0
       0
       0
       0
       0
       0
       0
       0
       0
       0
       0
       0
       0
       0
       0
       0
       0
       0
       0
       0
       0
       0
       0
       0
       0
       1
       0
       0
       0
       0
       0
       0
       0
       0
       0
       0
       0
       0
       0
       0
       0
       0
       0
       0
       0
       0
       0
       0
       0
       0
       0
       0
       0
       0
       0
       0
       0
       0
       0
       0
       0
       0
       0
       0
       0
       0
       0
       0
       0
       0
       0
       0
       0
       0
       0
       0
       0
       1
       1
       1
       2
       1
       0
       1
       0
       0
       0
       1
       2
       0
       1
       0
       0
       0
       0
       1
       0
       0
       0
       1
       0
       0
       0
       0
       1
       0
       0
       0
       0
       0
       0
       0
       0
       0
       1
       0
       0
       0
       0
       0
       0
       0
       0
       0
       0
       0
       0
       0
       0
       0
       0
       0
       0
       0
       0
       0
       0
       0
       0
       0
       0
       0
       1
       0
       0
       0
       0
       0
       0
       0
       0
       0
       0
       0
       1
       0
       0
       0
       0
       0
       0
       0
       0
       0
       0
       0
       0
       1
       0
       0
       0
       0
       0
       0
       0
       0
       0
       0
       0
       0
       0
       0
       0
       0
       0
       0
       0
       0
       0
       0
       0
       0
       0
       0
       0
       0
       0
       0
       0
       0
       0
       0
       0
       0
       0
       0
       0
       0
       0
       0
       0
       0
       0
       0
       0
       0
       0
       0
       0
       0
       1
       0
       0
       0
       0
       0
       0
       0
       0
       0
       0
       0
       0
       0
       0
       0
       0
       0
       0
       0
       0
       0
       0
       0
       0
       0
       0
       0
       0
       0
       0
       0
       0
       0
       0
       0
       0
       0
       0
       0
       0
       0
       0
       0
       0
       0
       0
       1
       0
       0
       0
       0
       0
       0
       0
       0
       0
       0
       0
       0
       1
       0
       0
       0
       0
       0
       0
       0
       0
       0
       0
       0
       0
       0
       0
       0
       0
       0
       0
       0
       0
       0
       0
       0
       0
       0
       0
       0
       0
       0
       0
       0
       0
       0
       0
       0
       0
       0
       0
       0
       0
       0
       0
       0
       0
       0
       0
       0
       0
       0
       0
       0
       0
       0
       0
       0
       0
       0
       0
       0
       0
       0
       0
       0
       0
       0
       0
       0
       0
       0
       0
       1
       0
       0
       0
       0
       0
       0
       0
       0
       0
       1
       0
       0
       0
       0
       0
       0
       0
       0
       0
       1
       0
       0
       1
       0
       0
       0
       0
       0
       0
       0
       0
       0
       0
       0
       0
       0
       0
       0
       0
       0
       0
       0
       0
       0
       0
       0
       0
       0
       0
       0
       0
       0
       0
       0
       0
       1
       0
       0
       0
       0
       0
       0
       0
       0
       1
       0
       0
       0
       0
       0
       0
       0
       0
       0
       0
       0
       0
       0
       0
       0
       0
       0
       0
       0
       0
       0
       0
       0
       0
       0
       0
       0
       0
       0
       0
       0
       0
       0
       0
       0
       0
       0
       0
       0
       0
       0
       0
       0
       0
       0
       0
       0
       0
       0
       0
       0
       0
       0
       0
       0
       0
       0
       0
       0
       0
       0
       0
       0
       0
       0
       0
       0
       0
       0
       0
       0
       0
       0
       0
       0
       0
       0
       0
       0
       0
       0
       0
       0
       0
       0
       0
       0
       0
       0
       0
       0
       0
       0
       0
       0
       0
       0
       1
       0
       0
       0
       0
       0
       0
       0
       1
       0
       0
       0
       0
       0
       0
       0
       0
       0
       0
       1
       0
       0
       0
       0
       0
       0
       0
       0
       0
       0
       0
       0
       0
       0
       0
       0
       0
       0
       0
       0
       0
       1
       0
       0
       0
       0
       0
       0
       0
       0
       0
       0
       0
       0
       0
       0
       0
       0
       0
       0
       0
       0
       0
       0
       0
       0
       0
       0
       0
       0
       0
       0
       0
       0
       0
       0
       0
       0
       0
       0
       0
       0
       0
       0
       0
       0
       0
       0
       0
       0
       0
       0
       0
       0
       1
       0
       0
       0
       0
       0
       0
       0
       0
       0
       0
       0
       0
       0
       0
       0
       0
       0
       0
       0
       0
       0
       0
       0
       0
       0
       0
       0
       0
       0
       0
       0
       0
       0
       0
       0
       0
       0
       0
       0
       0
       0
       0
       0
       0
       0
       0
       0
       0
       0
       0
       0
       0
       0
       0
       0
       0
       0
       0
       0
       0
       0
       0
       0
       0
       0
       0
       0
       0
       1
       0
       0
       0
       0
       0
       0
       0
       0
       0
       0
       0
       0
       0
       0
       0
       0
       0
       0
       0
       0
       0
       0
       0
       0
       0
       0
       0
       0
       0
       0
       0
       0
       0
       0
       0
       0
       0
       0
       0
       0
       0
       0
       0
       0
       0
       0
       0
       0
       0
       0
       0
       0
       0
       0
       0
       0
       0
       0
       0
       0
       0
       0
       0
       0
       0
       0
       0
       0
       0
       0
       0
       0
       0
       0
       0
       0
       0
       0
       0
       0
       0
       0
       0
       0
       0
       0
       0
       0
       0
       0
       0
       0
       0
       0
       0
       0
       0
       0
       0
       0
       0
       0
       0
       0
       0
       0
       0
       0
       0
       0
       0
       0
       0
       0
       0
       0
       0
       0
       0
       0
       0
       0
       0
       0
       0
       0
       0
       0
       0
       0
       0
       0
       0
       0
       0
       0
       0
       0
       0
       0
       0
       0
       0
       0
       0
       0
       0
       0
       0
       0
       0
       0
       0
       0
       0
       0
       0
       0
       0
       0
       0
       0
       0
       0
       0
       0
       0
       0
       0
       0
       1
       0
       0
       0
       0
       0
       0
       0
       0
       0
       0
       0
       0
       0
       0
       0
       0
       0
       0
       0
       0
       0
       0
       0
       0
       0
       0
       0
       0
       0
       0
       0
       0
       0
       0
       0
       0
       0
       0
       0
       0
       0
       0
       0
       0
       0
       0
       0
       0
       0
       0
       0
       0
       0
       0
       0
       0
       0
       0
       0
       0
       0
       0
       0
       0
       0
       0
       0
       0
       0
       0
       0
       1
       0
       0
       0
       0
       0
       0
       0
       0
       0
       0
       0
       0
       0
       0
       0
       0
       0
       0
       0
       0
       0
       0
       0
       0
       0
       0
       0
       0
       0
       0
       0
       0
       0
       0
       0
       0
       0
       0
       0
       0
       0
       0
       0
       0
       0
       0
       1
       0
       0
       0
       0
       0
       0
       0
       0
       0
       0
       0
       0
       0
       1
       0
       0
       0
       1
       0
       0
       0
       0
       0
       0
       0
       0
       0
       0
       0
       0
       1
       0
       0
       0
       0
       0
       0
       0
       0
       0
       0
       0
       0
       0
       0
       0
       0
       0
       0
       0
       0
       0
       0
       0
       0
       0
       0
       0
       0
       0
       0
       0
       0
       0
       0
       0
       0
       0
       0
       0
       0
       0
       0
       0
       0
       0
       0
       0
       0
       0
       0
       0
       0
       0
       0
       0
       0
       0
       0
       0
       0
       0
       0
       0
       0
       0
       0
       0
       0
       0
       0
       0
       0
       0
       0
       0
       0
       0
       1
       0
       0
       0
       0
       0
       0
       0
       0
       0
       0
       0
       0
       0
       0
       0
       0
       0
       0
       0
       0
       0
       0
       0
       0
       0
       0
       0
       1
       0
       0
       0
       0
       1
       0
       0
       0
       0
       0
       0
       0
       0
       0
       0
       0
       0
       0
       0
       0
       0
       0
       0
       0
       0
       0
       0
       1
       0
       0
       0
       0
       0
       0
       0
       0
       0
       0
       0
       0
       1
       0
       0
       0
       0
       0
       0
       0
       0
       0
       0
       0
       0
       0
       0
       0
       0
       0
       0
       0
       0
       0
       0
       0
       0
       0
       0
       0
       0
       0
       0
       0
       0
       0
       0
       0
       0
       0
       0
       0
       0
       0
       0
       0
       0
       0
       0
       0
       0
       0
       1
       0
       0
       0
       0
       0
       0
       0
       0
       0
       0
       0
       0
       0
       0
       0
       0
       1
       0
       0
       0
       0
       0
       0
       0
       0
       1
       0
       0
       0
       0
       0
       0
       0
       0
       0
       0
       0
       0
       0
       0
       0
       0
       0
       0
       0
       0
       0
       0
       0
       0
       0
       0
       0
       0
       0
       0
       0
       1
       0
       0
       0
       0
       0
       0
       0
       0
       0
       0
       0
       0
       0
       0
       1
       0
       0
       0
       0
       0
       0
       1
       0
       0
       0
       0
       0
       0
       0
       0
       0
       0
       0
       0
       0
       0
       0
       0
       0
       0
       0
       0
       0
       0
       0
       0
       0
       0
       0
       0
       0
       0
       0
       0
       0
       0
       1
       0
       0
       0
       0
       0
       0
       0
       0
       0
       1
       0
       0
       0
       0
       0
       0
       0
       0
       0
       0
       0
       0
       0
       0
       0
       0
       0
       0
       0
       0
       0
       0
       0
       0
       0
       0
       0
       0
       0
       0
       0
       0
       0
       0
       0
       0
       0
       0
       0
       0
       0
       0
       0
       0
       0
       0
       0
       0
       0
       0
       0
       0
       0
       0
       0
       0
       0
       0
       0
       0
       0
       0
       0
       0
       0
       0
       0
       0
       0
       0
       0
       0
       0
       0
       0
       0
       0
       0
       0
       0
       0
       0
       0
       0
       0
       1
       0
       0
       0
       0
       0
       0
       0
       0
       0
       0
       0
       0
       0
       0
       0
       0
       0
       0
       0
       0
       0
       0
       0
       0
       0
       0
       0
       0
       0
       0
       0
       0
       0
       0
       0
       0
       0
       0
       0
       0
       0
       0
       0
       0
       0
       0
       0
       0
       0
       0
       0
       0
       0
       0
       0
       0
       0
       0
       0
       0
       0
       0
       0
       0
       0
       0
       0
       0
       0
       0
       0
       0
       0
       0
       0
       0
       0
       0
       0
       0
       0
       0
       0
       0
       0
       0
       0
       0
       0
       0
       0
       0
       0
       0
       0
       0
       0
       0
       0
       0
       0
       0
       0
       0
       0
       0
       0
       0
       0
       0
       0
       0
       0
       0
       0
       0
       0
       0
       0
       0
       0
       0
       0
       0
       0
       0
       0
       0
       0
       0
       0
       0
       0
       0
       0
       0
       0
       0
       0
       0
       0
       0
       0
       0
       0
       1
       0
       0
       1
       0
       0
       0
       0
       0
       0
       0
       0
       0
       0
       0
       0
       0
       0
       0
       0
       0
       0
       0
       0
       0
       0
       0
       0
       0
       0
       0
       0
       0
       0
       0
       0
       0
       0
       0
       0
       0
       0
       0
       0
       0
       0
       0
       0
       0
       0
       0
       0
       0
       0
       0
       0
       0
       0
       0
       0
       0
       0
       0
       0
       0
       0
       0
       0
       0
       0
       0
       0
       0
       0
       0
       0
       0
       0
       0
       0
       0
       0
       0
       0
       0
       0
       0
       0
       0
       0
       0
       0
       0
       0
       0
       0
       0
       0
       0
       0
       0
       0
       0
       0
       1
       0
       0
       0
       0
       0
       0
       0
       0
       0
       0
       0
       0
       0
       0
       0
       0
       0
       0
       0
       0
       0
       0
       0
       0
       0
       0
       0
       0
       0
       0
       0
       0
       0
       0
       0
       0
       0
       0
       0
       0
       0
       0
       0
       0
       0
       0
       0
       0
       0
       0
       0
       0
       0
       1
       0
       0
       0
       0
       0
       0
       0
       0
       0
       0
       0
       0
       0
       0
       0
       0
       0
       0
       0
       0
       0
       0
       0
       0
       0
       0
       0
       0
       0
       0
       0
       0
       0
       0
       0
       0
       0
       0
       0
       0
       0
       0
       0
       0
       0
       0
       0
       0
       0
       0
       0
       0
       0
       0
       0
       0
       0
       0
       0
       0
       0
       0
       0
       0
       0
       0
       0
       0
       0
       0
       0
       0
       0
       0
       0
       0
       0
       0
       0
       0
       0
       0
       0
       0
       0
       0
       0
       0
       0
       0
       0
       0
       0
       0
       0
       0
       0
       0
       0
       0
       0
       0
       0
       0
       0
       0
       0
       0
       0
       0
       0
       0
       0
       0
       0
       0
       0
       0
       0
       0
       0
       0
       0
       0
       0
       0
       0
       0
       0
       0
       0
       0
       0
       0
       0
       0
       0
       0
       0
       0
       0
       0
       0
       0
       0
       0
       0
       0
       0
       0
       0
       0
       0
       0
       0
       0
       0
       0
       0
       0
       0
       0
       0
       0
       0
       0
       0
       0
       0
       0
       0
       0
       0
       0
       0
       0
       0
       0
       0
       0
       0
       0
       0
       0
       0
       0
       0
       0
       0
       0
       0
       0
       0
       0
       0
       0
       0
       0
       0
       0
       0
       0
       0
       0
       0
       0
       0
       0
       0
       0
       0
       0
       0
       0
       0
       0
       0
       0
       0
       0
       0
       0
       0
       0
       0
       0
       0
       0
       0
       0
       0
       0
       0
       0
       0
       0
       0
       0
       0
       0
       0
       0
       0
       0
       0
       0
       0
       0
       0
       0
       0
       0
       0
       0
       0
       0
       0
       0
       0
       0
       0
       0
       0
$ROI:
19
143 159
196 212
298 314
607 627
687 707
750 770
857 879
886 908
981 1003
1652 1680
1940 1984
2242 2276
2410 2444
2714 2752
2779 2817
2910 2975
3330 3374
3517 3563
4577 4648
$PRESETS:
None
0
0
$ENER_FIT:
-0.363743 0.397199
$MCA_CAL:
3
-3.637431E-001 3.971989E-001 2.286216E-008 keV
$SHAPE_CAL:
3
2.883115E+000 2.615659E-003 6.278758E-008
