$SPEC_ID:
Pulser
$SPEC_REM:
DET# 2
DETDESC# DETECTOR 2
AP# GammaVision Version 7.01.03
$DATE_MEA:
04/19/2017 11:10:41
$MEAS_TIM:
181 193
$DATA:
0 8191
       0
       0
       0
       0
       0
       0
       0
       0
       0
       0
       0
       0
       0
       0
       0
       0
       0
       0
       0
       0
       0
       0
       0
      24
     933
     953
     594
     543
     472
     428
     461
     445
     473
     471
     478
     489
     458
     464
     455
     455
     438
     461
     461
     469
     482
     488
     452
     495
     514
     509
     490
     499
     451
     463
     534
     540
     626
     556
     537
     573
     550
     537
     624
     625
     585
     635
     680
     701
     701
     653
     697
     803
    1014
    1327
    1828
    2456
    2668
    2291
    1939
    2023
    2772
    3375
    3140
    2433
    1772
    1777
    2172
    2778
    3311
    3765
    4071
    4104
    4130
    3854
    3720
    3539
    4205
    7400
   18429
   42085
   72807
   88752
   76395
   44280
   17731
    5847
    2620
    2449
    2480
    2530
    2037
    2025
    3771
    9483
   17138
   20824
   16982
   11780
    7946
    4980
    2644
    1146
     865
     784
     735
     630
     619
     557
     491
     444
     451
     448
     465
     444
     405
     445
     439
     425
     431
     437
     429
     450
     416
     460
     424
     434
     459
     411
     412
     451
     447
     469
     445
     433
     446
     463
     442
     474
     471
     483
     437
     501
     481
     448
     482
     468
     490
     474
     476
     478
     508
     501
     569
     546
     515
     589
     629
     631
     666
     621
     634
     707
     778
     968
     827
     769
     684
     762
     988
    1147
    1139
    1000
     782
     824
     767
     719
     728
     837
    1049
    1603
    2355
    2922
    3179
    2783
    1935
    1137
     858
     790
     772
     805
     842
     917
    1072
    1368
    1700
    2075
    2098
    1799
    1383
    1234
    1036
     869
     768
     719
     668
     631
     605
     674
     674
     745
     726
     717
     703
     677
     621
     605
     577
     561
     552
     549
     555
     573
     555
     567
     520
     559
     471
     490
     549
     564
     550
     502
     522
     539
     528
     474
     514
     512
     514
     517
     496
     529
     537
     550
     526
     574
     498
     527
     591
     527
     511
     511
     515
     501
     534
     502
     520
     542
     558
     508
     545
     549
     580
     561
     575
     559
     552
     544
     562
     560
     547
     516
     519
     476
     549
     527
     558
     565
     555
     557
     544
     555
     663
    1192
    3777
   10787
   23424
   35264
   38413
   28962
   15565
    6263
    2190
    1029
     631
     543
     533
     501
     490
     513
     487
     486
     488
     501
     497
     489
     494
     449
     499
     453
     430
     433
     460
     443
     443
     505
     449
     442
     463
     451
     452
     426
     434
     428
     465
     465
     397
     449
     442
     486
     422
     444
     464
     413
     435
     456
     435
     401
     412
     424
     458
     453
     390
     471
     446
     387
     441
     489
     424
     442
     492
     461
     536
     533
     551
     579
     525
     525
     511
     533
     561
     565
     594
     619
     629
     623
     626
     616
     655
     603
     649
     544
     583
     636
     656
     701
     684
     760
     682
     692
     648
     632
     721
     789
    1201
    2038
    3182
    4227
    4914
    4457
    3122
    1848
     992
     634
     500
     552
     518
     540
     661
     786
    1083
    1409
    1498
    1297
    1121
     917
     758
     581
     515
     491
     436
     432
     452
     476
     465
     423
     463
     444
     476
     428
     404
     437
     445
     466
     452
     459
     425
     436
     407
     468
     456
     449
     484
     423
     417
     446
     405
     447
     445
     457
     458
     435
     498
     481
     428
     484
     462
     456
     476
     435
     461
     456
     423
     465
     453
     474
     468
     518
     501
     471
     467
     486
     452
     442
     483
     480
     508
     491
     477
     496
     482
     465
     455
     439
     469
     470
     451
     466
     430
     425
     421
     418
     389
     407
     401
     433
     390
     392
     401
     432
     389
     400
     370
     390
     413
     352
     351
     381
     397
     381
     379
     380
     364
     378
     373
     357
     387
     380
     370
     355
     362
     340
     348
     404
     371
     346
     347
     375
     380
     324
     355
     343
     360
     335
     367
     324
     334
     333
     370
     354
     348
     326
     311
     333
     335
     336
     339
     327
     298
     339
     320
     296
     294
     281
     313
     297
     312
     302
     301
     298
     317
     316
     313
     274
     336
     299
     305
     316
     274
     325
     292
     279
     305
     287
     301
     293
     295
     269
     300
     289
     300
     275
     302
     288
     298
     290
     255
     269
     310
     283
     266
     296
     249
     310
     272
     288
     291
     268
     298
     289
     275
     318
     453
     855
    1690
    2704
    3966
    4645
    4318
    3257
    1948
     998
     483
     343
     312
     326
     285
     289
     285
     291
     273
     292
     284
     281
     295
     269
     303
     276
     266
     242
     253
     246
     250
     274
     256
     251
     261
     235
     278
     230
     261
     255
     250
     259
     261
     276
     242
     231
     244
     249
     242
     254
     251
     244
     257
     230
     247
     242
     258
     215
     226
     213
     244
     241
     250
     253
     263
     209
     235
     231
     257
     226
     275
     257
     284
     310
     258
     252
     244
     244
     243
     241
     267
     276
     238
     256
     264
     285
     279
     265
     266
     256
     251
     263
     246
     282
     289
     265
     280
     249
     258
     290
     307
     383
     508
     600
     896
     936
     983
     807
     653
     437
     310
     254
     259
     251
     244
     220
     271
     319
     322
     417
     355
     358
     321
     270
     262
     221
     229
     191
     228
     247
     253
     271
     318
     365
     394
     387
     333
     274
     247
     210
     215
     232
     194
     176
     195
     210
     203
     203
     189
     217
     216
     213
     214
     218
     210
     220
     226
     215
     209
     218
     206
     191
     216
     183
     198
     194
     200
     206
     174
     187
     199
     192
     210
     192
     188
     234
     224
     194
     196
     197
     228
     226
     236
     204
     229
     201
     205
     209
     195
     206
     181
     189
     191
     203
     196
     220
     219
     192
     228
     203
     183
     194
     223
     237
     227
     244
     264
     286
     298
     214
     205
     183
     220
     240
     214
     224
     212
     259
     279
     261
     256
     255
     203
     196
     199
     171
     194
     192
     218
     236
     186
     206
     224
     239
     219
     212
     214
     216
     192
     191
     235
     173
     180
     208
     223
     198
     243
     221
     271
     484
    1030
    2258
    4219
    7113
   10481
   13228
   14256
   12512
    9366
    5960
    2983
    1292
     529
     297
     241
     199
     214
     202
     196
     191
     208
     184
     200
     176
     175
     201
     190
     195
     202
     166
     187
     176
     189
     210
     191
     183
     203
     170
     181
     191
     181
     222
     166
     179
     205
     180
     181
     216
     181
     166
     179
     173
     184
     171
     198
     192
     219
     255
     324
     441
     521
     636
     659
     623
     647
     588
     532
     405
     366
     283
     219
     223
     201
     152
     185
     196
     177
     215
     182
     189
     189
     166
     171
     192
     172
     189
     194
     174
     161
     194
     158
     170
     183
     206
     167
     186
     188
     161
     160
     187
     157
     183
     180
     200
     207
     209
     196
     178
     146
     177
     187
     179
     165
     173
     177
     189
     174
     174
     162
     163
     171
     179
     190
     159
     159
     154
     180
     164
     172
     177
     158
     164
     151
     182
     169
     179
     156
     157
     150
     167
     181
     162
     180
     145
     174
     186
     145
     178
     157
     155
     196
     166
     154
     168
     169
     207
     141
     188
     173
     214
     196
     207
     221
     189
     211
     211
     218
     188
     242
     306
     410
     544
     688
     918
     926
     942
     768
     589
     384
     278
     221
     202
     174
     215
     189
     191
     192
     184
     215
     178
     190
     191
     186
     183
     166
     176
     165
     165
     164
     159
     170
     142
     164
     170
     164
     157
     157
     135
     177
     154
     172
     181
     170
     190
     159
     166
     143
     160
     155
     140
     169
     173
     184
     183
     168
     149
     180
     172
     169
     158
     160
     167
     141
     144
     167
     156
     175
     151
     159
     155
     165
     166
     159
     161
     189
     180
     157
     160
     167
     158
     236
     305
     366
     477
     656
     833
     961
     953
     924
     772
     574
     404
     286
     246
     165
     169
     157
     177
     161
     162
     156
     165
     156
     173
     180
     172
     183
     158
     180
     161
     147
     189
     174
     169
     171
     155
     169
     163
     171
     186
     195
     200
     181
     169
     161
     162
     172
     152
     166
     191
     179
     193
     171
     161
     176
     163
     195
     166
     157
     169
     155
     194
     184
     158
     168
     166
     155
     179
     170
     157
     178
     162
     180
     164
     168
     155
     166
     165
     161
     173
     144
     187
     201
     165
     156
     180
     171
     157
     157
     148
     172
     153
     166
     168
     170
     178
     173
     186
     164
     181
     194
     217
     204
     222
     244
     277
     278
     327
     298
     261
     237
     205
     215
     171
     201
     193
     226
     260
     277
     258
     304
     280
     252
     204
     182
     165
     197
     183
     181
     199
     162
     198
     170
     163
     177
     190
     165
     169
     164
     142
     167
     147
     159
     163
     170
     159
     183
     179
     158
     181
     182
     156
     194
     195
     198
     214
     197
     214
     204
     189
     185
     156
     162
     173
     183
     174
     149
     163
     161
     190
     169
     181
     166
     169
     202
     186
     190
     174
     182
     167
     162
     162
     162
     186
     159
     156
     189
     192
     169
     180
     163
     169
     160
     178
     157
     176
     165
     182
     191
     201
     196
     174
     158
     186
     190
     174
     174
     159
     176
     193
     184
     188
     163
     180
     165
     186
     185
     196
     169
     183
     172
     195
     190
     177
     171
     163
     170
     176
     184
     168
     178
     174
     163
     179
     210
     202
     187
     169
     158
     177
     170
     180
     160
     179
     166
     167
     190
     171
     204
     193
     183
     169
     143
     186
     168
     178
     196
     166
     176
     182
     162
     187
     182
     162
     187
     172
     144
     178
     184
     176
     145
     188
     173
     146
     186
     161
     175
     195
     169
     177
     186
     171
     186
     194
     181
     191
     143
     191
     175
     180
     176
     174
     173
     161
     190
     194
     178
     188
     198
     205
     179
     197
     188
     202
     216
     228
     226
     253
     288
     311
     329
     321
     270
     309
     260
     278
     222
     215
     222
     209
     184
     188
     197
     199
     181
     205
     187
     194
     184
     173
     172
     195
     190
     199
     190
     165
     200
     170
     192
     189
     161
     189
     196
     181
     183
     178
     193
     185
     191
     205
     176
     181
     201
     160
     206
     196
     176
     190
     199
     213
     201
     237
     212
     277
     294
     256
     241
     236
     222
     214
     190
     170
     177
     180
     195
     178
     163
     180
     185
     159
     147
     164
     186
     194
     179
     171
     201
     158
     174
     149
     173
     180
     147
     158
     161
     167
     131
     171
     176
     160
     170
     154
     152
     194
     158
     180
     172
     178
     188
     136
     178
     164
     188
     163
     168
     157
     168
     164
     181
     165
     165
     155
     167
     152
     165
     183
     180
     180
     160
     173
     160
     188
     163
     161
     146
     158
     161
     164
     166
     167
     157
     180
     191
     156
     143
     150
     147
     153
     142
     157
     156
     149
     151
     169
     174
     154
     151
     155
     154
     153
     168
     162
     146
     144
     157
     169
     155
     162
     156
     138
     144
     153
     172
     157
     156
     183
     162
     152
     157
     164
     172
     154
     157
     147
     178
     174
     144
     168
     176
     156
     144
     142
     148
     152
     126
     142
     169
     165
     156
     143
     155
     165
     146
     146
     181
     149
     142
     166
     139
     145
     147
     160
     142
     154
     140
     152
     152
     163
     164
     158
     170
     152
     156
     177
     146
     160
     146
     145
     162
     148
     130
     162
     158
     155
     150
     166
     159
     172
     165
     161
     166
     175
     170
     162
     184
     156
     154
     157
     136
     158
     166
     139
     137
     152
     147
     141
     139
     162
     157
     153
     161
     170
     141
     154
     140
     184
     154
     153
     143
     134
     153
     155
     143
     163
     131
     168
     146
     143
     175
     160
     170
     170
     141
     153
     152
     167
     174
     166
     139
     169
     199
     180
     181
     171
     176
     190
     232
     201
     222
     212
     202
     174
     173
     167
     170
     153
     148
     169
     132
     121
     162
     167
     142
     154
     176
     161
     168
     185
     201
     244
     232
     257
     261
     295
     267
     248
     222
     186
     180
     176
     165
     164
     127
     118
     176
     150
     155
     148
     145
     158
     161
     190
     163
     128
     157
     147
     150
     141
     158
     145
     165
     137
     156
     140
     151
     145
     152
     148
     137
     154
     166
     166
     160
     142
     148
     156
     141
     156
     153
     152
     158
     167
     164
     172
     153
     146
     169
     159
     174
     172
     170
     176
     185
     198
     171
     167
     172
     165
     173
     146
     158
     153
     183
     154
     164
     155
     166
     203
     180
     189
     220
     205
     191
     183
     183
     179
     166
     193
     186
     163
     171
     178
     162
     183
     175
     174
     179
     169
     168
     178
     187
     171
     172
     179
     177
     187
     163
     159
     179
     174
     160
     152
     157
     174
     163
     164
     179
     155
     159
     170
     161
     163
     158
     160
     168
     160
     156
     140
     162
     148
     159
     167
     153
     149
     167
     160
     157
     162
     168
     147
     151
     166
     147
     168
     154
     166
     164
     147
     178
     158
     175
     148
     146
     168
     153
     153
     173
     153
     179
     158
     160
     169
     164
     188
     191
     186
     209
     177
     204
     200
     227
     200
     214
     183
     194
     195
     183
     160
     184
     172
     193
     170
     155
     162
     159
     146
     150
     161
     179
     149
     169
     162
     171
     182
     192
     175
     179
     171
     192
     173
     170
     160
     163
     174
     164
     185
     145
     161
     168
     152
     166
     152
     162
     147
     160
     152
     178
     178
     192
     238
     310
     397
     519
     638
     829
    1024
    1332
    1540
    1845
    2060
    2113
    2055
    1730
    1486
    1103
     759
     595
     406
     287
     210
     188
     158
     129
     154
     179
     148
     161
     160
     169
     155
     155
     156
     152
     146
     146
     151
     150
     149
     154
     162
     139
     146
     146
     130
     149
     175
     151
     144
     142
     147
     152
     164
     147
     158
     126
     139
     155
     141
     135
     146
     140
     144
     143
     130
     137
     146
     163
     161
     143
     147
     150
     166
     147
     152
     150
     157
     146
     156
     145
     159
     165
     152
     153
     150
     181
     180
     185
     202
     197
     203
     210
     197
     159
     173
     170
     150
     153
     155
     149
     143
     134
     127
     148
     160
     145
     144
     139
     134
     139
     144
     144
     140
     131
     148
     143
     129
     148
     148
     143
     135
     156
     149
     142
     143
     131
     151
     147
     131
     128
     150
     136
     157
     145
     145
     143
     143
     139
     148
     148
     148
     132
     137
     151
     137
     146
     155
     133
     144
     150
     170
     140
     128
     140
     127
     130
     135
     139
     147
     155
     129
     159
     135
     160
     161
     151
     166
     154
     152
     159
     163
     168
     143
     146
     148
     152
     149
     138
     142
     149
     153
     147
     169
     134
     139
     138
     156
     141
     141
     136
     154
     163
     152
     147
     146
     145
     152
     139
     142
     151
     137
     164
     144
     140
     145
     164
     150
     143
     139
     123
     149
     143
     137
     125
     162
     125
     174
     151
     140
     153
     153
     143
     164
     180
     190
     215
     249
     274
     305
     353
     398
     427
     477
     518
     484
     474
     435
     387
     313
     262
     245
     207
     175
     173
     164
     146
     153
     139
     159
     155
     147
     140
     166
     132
     133
     141
     158
     129
     140
     123
     143
     164
     129
     155
     159
     153
     156
     152
     142
     142
     142
     159
     140
     140
     138
     142
     143
     152
     141
     146
     130
     136
     131
     131
     126
     142
     121
     134
     139
     129
     131
     139
     130
     145
     141
     152
     137
     158
     146
     146
     147
     139
     164
     157
     135
     146
     147
     136
     138
     135
     144
     131
     157
     141
     140
     146
     149
     150
     150
     135
     170
     155
     144
     149
     133
     160
     149
     146
     160
     152
     175
     189
     203
     206
     189
     183
     176
     181
     165
     144
     140
     132
     135
     138
     129
     120
     136
     133
     139
     124
     139
     142
     124
     143
     132
     125
     120
     128
     137
     122
     128
     125
     166
     143
     135
     141
     145
     122
     142
     111
     133
     144
     120
     127
     120
     136
     130
     133
     121
     129
     125
     142
     146
     132
     151
     118
     122
     131
     140
     105
     114
     127
     140
     147
      96
     116
     122
     115
     110
     114
     111
     101
      95
     100
     100
     111
      96
     115
     120
     119
      95
      94
      97
     120
     104
     108
     117
     103
     111
     106
     113
     116
     106
     112
     102
     126
     121
     111
     106
     105
     102
     116
     105
     113
     101
      99
     102
     111
      91
     111
     107
      89
     100
      77
      90
      80
      91
      95
     116
      78
      81
      83
      83
     106
      78
     105
     107
      89
     102
     107
     102
     116
     123
     136
     176
     203
     246
     311
     369
     461
     567
     647
     806
     994
    1092
    1241
    1226
    1370
    1349
    1271
    1100
     829
     620
     504
     408
     295
     203
     178
     134
     102
     114
      99
      92
      88
      76
      82
      88
      89
      69
      96
      86
      96
      95
      93
      91
      97
      69
      83
      74
      84
      73
      87
      79
      75
      88
      86
      86
      83
     101
      95
      81
      69
      74
      92
      75
      77
      75
      67
      76
      86
      78
      86
     101
     106
      90
     102
     102
     105
     130
     111
     109
     118
     119
      99
     111
      92
      91
     103
      97
      78
      85
      91
      75
      94
      86
      88
      96
     102
     102
      88
     107
      93
     110
     101
     121
     120
     126
     126
     130
     175
     184
     215
     240
     267
     257
     362
     317
     370
     368
     332
     311
     306
     256
     243
     185
     176
     154
     132
     142
     116
     146
     117
     120
     122
     114
     125
      94
     111
      93
      84
      69
      69
      79
      85
      72
      63
      67
      66
      72
      62
      67
      61
      66
      66
      55
      94
      79
      91
      61
      59
      71
      64
      73
      76
      68
      76
      59
      61
      70
      59
      73
      66
      62
      65
      76
      65
      62
      69
      64
      58
      79
      77
      72
      68
      72
      72
      67
      61
      67
      64
      73
      54
      52
      67
      55
      68
      60
      64
      60
      58
      61
      72
      70
      61
      68
      69
      66
      71
      73
      76
      88
      80
      88
      70
      90
      66
      74
      62
      81
      94
      85
      97
      82
      74
      87
      74
      77
      70
      84
      73
      60
      66
      79
      68
      74
      70
      68
      60
      67
      56
      59
      59
      53
      62
      60
      77
      55
      61
      62
      66
      76
      61
      68
      57
      61
      68
      73
      58
      52
      65
      72
      72
      77
      59
      63
      77
      69
      60
      61
      57
      62
      54
      59
      60
      62
      51
      65
      72
      69
      45
      66
      73
      63
      55
      56
      74
      57
      72
      56
      69
      57
      58
      61
      70
      61
      69
      64
      45
      55
      65
      64
      65
      70
      73
      67
      76
      78
      98
      90
     127
     133
     147
     199
     234
     249
     375
     381
     502
     656
     747
     879
     950
    1000
    1015
    1041
    1074
     986
     804
     694
     600
     461
     421
     379
     355
     273
     270
     215
     199
     152
     131
     124
      96
      92
      79
      69
      62
      77
      60
      56
      61
      72
      74
      56
      64
      62
      74
      57
      66
      60
      50
      65
      54
      37
      77
      66
      46
      62
      57
      65
      57
      73
      76
      73
      97
     115
     104
     136
     186
     219
     283
     310
     354
     428
     559
     653
     741
     913
     947
     965
    1010
    1128
     975
    1004
     794
     632
     491
     386
     355
     247
     189
     155
     158
      98
      78
      86
     110
     112
     115
     128
     136
     169
     170
     185
     214
     211
     221
     255
     255
     263
     266
     274
     240
     265
     250
     217
     236
     209
     189
     157
     126
     113
     128
     109
      93
      90
     101
      87
      87
      87
      87
      99
      84
     100
      92
      69
      66
      51
      55
      84
      69
      63
      65
      66
      70
      63
      62
      71
      72
      73
      74
      64
      71
      84
      57
      57
      80
      76
      77
      70
      64
      82
      67
      85
      95
      77
      94
     116
     102
      98
     113
     122
     151
     136
     167
     183
     227
     209
     232
     269
     264
     231
     268
     264
     222
     184
     174
     165
     135
     127
     122
     140
     121
     120
     113
     112
     119
     102
      98
     101
      99
      74
      89
      78
      69
      74
      62
      75
      67
      73
      63
      65
      74
      57
      56
      70
      70
      62
      82
      69
      68
      59
      89
      71
      65
      77
      78
      74
      67
      77
      56
      53
      89
      78
      93
      66
      72
      78
      73
      74
      58
      57
      80
      77
      78
      75
      83
      67
      74
      56
      71
      77
      61
      65
      73
      74
      66
      67
      80
      58
      87
      80
      78
      78
      68
      75
      72
      82
      72
      67
      57
      66
      75
      60
      71
      75
      54
      67
      79
      59
      75
      73
      68
      63
      80
      68
      62
      80
      82
      50
      67
      55
      67
      71
      77
      73
      52
      69
      54
      58
      54
      58
      52
      59
      47
      49
      66
      41
      54
      53
      45
      51
      50
      48
      54
      65
      55
      65
      58
      60
      55
      76
      63
      60
      76
      63
      68
      84
     102
      95
     106
     124
      91
     115
     121
     112
     138
     109
     108
     106
      78
      68
      83
      70
      61
      57
      60
      49
      47
      43
      54
      54
      44
      53
      40
      55
      56
      45
      46
      57
      40
      61
      53
      52
      50
      53
      62
      60
      48
      54
      54
      47
      47
      58
      55
      66
      76
      90
      89
      78
      92
     111
     103
     119
     130
     124
     130
     129
     122
     110
     117
      86
     102
      73
      66
      60
      54
      60
      58
      36
      51
      37
      45
      44
      40
      47
      37
      45
      43
      37
      35
      49
      31
      38
      44
      47
      43
      44
      57
      48
      52
      46
      63
      49
      33
      56
      63
      71
      66
      70
      58
      53
      61
      54
      70
      44
      58
      59
      40
      47
      34
      41
      30
      52
      32
      40
      41
      46
      46
      42
      38
      47
      41
      36
      59
      37
      41
      35
      37
      39
      38
      39
      40
      38
      37
      31
      28
      33
      36
      29
      37
      34
      41
      37
      48
      39
      49
      46
      40
      41
      51
      49
      58
      42
      52
      60
      49
      51
      52
      61
      60
      64
      39
      57
      48
      47
      32
      42
      33
      38
      35
      34
      40
      39
      35
      27
      34
      30
      31
      33
      43
      33
      33
      37
      21
      18
      33
      25
      27
      33
      30
      30
      39
      47
      27
      30
      22
      36
      32
      38
      35
      45
      40
      29
      53
      44
      52
      53
      40
      51
      49
      63
      57
      54
      79
      91
      86
     112
     100
     111
     123
     126
     138
     124
     134
     118
      86
      77
      54
      53
      45
      36
      39
      35
      27
      15
      34
      22
      19
      27
      21
      17
      17
      29
      14
      20
      20
      18
      17
      21
      22
      17
      15
      22
      16
      25
      30
      16
      21
      20
      22
      20
      22
      18
      21
      21
      24
      18
      19
      23
      14
      16
      24
      20
      20
      21
      16
      15
      22
      18
      12
      14
      16
      12
      16
      19
      19
      11
      18
      18
       9
      11
      16
      20
      18
      28
      20
      13
      13
      15
      21
      13
      18
      20
      20
      28
      25
      15
      19
      23
      28
      21
      21
      30
      10
      15
      16
      17
      24
      12
      12
      19
      12
      14
      13
      14
      12
      11
      13
       8
      20
      15
      19
      15
      22
      11
       7
      22
      12
      20
      16
      14
      16
      14
      12
       9
      13
      15
      11
      18
      16
      10
       6
       9
      19
      14
      12
      16
      11
      15
      17
       9
       7
       9
      12
       6
       7
      12
      12
      13
      16
      13
      10
      13
      12
      10
       8
       6
       8
      10
      12
      10
      15
      12
      14
       8
      15
      12
      13
      10
      11
       4
       8
      13
       9
      10
       9
      10
      10
      10
      12
      13
      12
      11
       8
      13
      17
       7
       5
       6
      15
       8
       8
      14
      11
      11
       9
       8
       9
       6
      13
       5
      14
       8
       9
      12
       4
      10
       8
      10
      11
       5
      10
      11
      12
       5
      12
      12
       7
       9
       8
      12
       6
      10
       7
       6
       8
       9
      10
       5
       7
       6
      12
      12
      12
      11
      13
       6
       9
      10
       6
      11
      15
      13
      11
      12
      10
      12
      11
      10
      12
      12
      23
      15
      24
      35
      47
      58
      81
     107
     122
     135
     178
     179
     195
     269
     344
     398
     511
     626
     702
     769
     845
     860
     907
     958
     962
    1025
     985
     867
     748
     641
     503
     339
     269
     205
     155
     142
     112
      83
      51
      27
      23
      19
      13
      13
      12
      11
       1
      19
      11
       7
       7
      14
       7
       6
      12
       3
       8
       8
      10
       4
       7
       6
      11
       8
       9
      11
       8
       7
      14
       6
       8
       7
       5
      11
      11
      12
      10
      14
      11
       9
      17
      15
      17
      16
      24
      14
      19
      25
      27
      31
      19
      25
      15
      14
      19
      23
      19
      20
      21
      21
      25
      30
      24
      29
      31
      28
      43
      44
      43
      55
      63
      59
      65
      71
      70
      98
     124
     133
     133
     183
     166
     214
     209
     192
     208
     205
     194
     176
     184
     145
     119
     111
     122
      82
      84
      95
      71
      69
      77
      74
      59
      56
      61
      51
      46
      36
      42
      51
      34
      45
      37
      43
      36
      29
      23
      15
      12
      16
       6
      10
       7
      11
       7
       4
       5
       7
       1
       6
       3
       2
       2
       3
       4
       4
       4
       3
       6
       5
       3
       0
       7
       4
       8
       3
       4
      12
       4
       4
       5
       7
       4
       8
       7
       5
       9
       7
       4
       7
      13
      10
       9
      11
       6
       7
      11
      10
       9
       4
       6
       4
       7
      17
      11
      13
      13
       6
      13
      11
       6
      11
      12
      13
      13
      13
      24
      20
      12
      19
      13
      12
      13
      13
      16
      19
      11
      15
      13
      14
      10
      17
      13
      10
      15
      17
      11
      10
      10
      11
      11
      18
      18
      15
      11
       8
      12
       8
       9
       2
       6
       4
       6
       3
       9
       6
       3
       7
       6
       6
       8
       3
       5
       5
       8
       9
       5
       5
       7
       2
       5
       8
       1
       8
       5
       4
       6
       4
       4
       3
       1
       9
       1
       3
       1
       4
       0
       2
       7
       0
       3
       5
       4
       5
       1
       8
       8
       7
       4
       6
       7
      13
      13
       8
      14
      21
      17
      26
      21
      30
      29
      37
      50
      58
      69
      82
      89
     102
      98
     120
     118
      89
     122
     113
      96
      95
      87
      71
      58
      35
      34
      23
      15
      20
      12
      11
       7
       6
       5
       1
       2
       3
       5
       2
       0
       4
       1
       4
       4
       2
       2
       5
       4
       2
       0
       1
       5
       3
       1
       2
       3
       2
       2
       3
       1
       1
       1
       3
       2
       3
       7
       1
       2
       4
       1
       3
       0
       1
       4
       1
       2
       3
       3
       3
       1
       4
       1
       0
       4
       2
       2
       2
       2
       4
       2
       4
       2
       7
       3
       8
       2
       5
       5
       7
       3
       5
       4
       5
       9
       6
      13
       3
       3
      12
      13
      19
      17
      23
      25
      15
      12
      14
      18
      21
      18
      20
      16
      10
      13
      11
       8
       4
       6
       3
       6
       6
       4
       4
       5
      12
      12
       7
       6
       5
       7
       7
       7
       2
       4
       6
       5
       2
       2
       3
       3
       0
       0
       2
       3
       2
       4
       0
       0
       3
       2
       1
       1
       3
       1
       2
       4
       1
       0
       1
       1
       0
       2
       1
       4
       1
       1
       1
       2
       0
       5
       5
       3
       1
       1
       7
       1
       4
       1
       1
       5
       1
       4
       2
       1
       2
       1
       3
       0
       1
       2
       1
       1
       2
       1
       2
       3
       3
       2
       1
       1
       1
       2
       3
       3
       1
       3
       1
       0
       1
       1
       0
       2
       0
       2
       5
       1
       2
       1
       1
       2
       2
       0
       2
       0
       3
       0
       1
       1
       2
       2
       1
       0
       1
       0
       0
       0
       0
       0
       1
       1
       3
       2
       0
       1
       0
       2
       2
       0
       1
       0
       0
       3
       1
       0
       2
       0
       0
       0
       0
       0
       1
       3
       1
       1
       1
       0
       2
       1
       0
       2
       1
       4
       1
       3
       3
       1
       1
       1
       2
       4
       2
       4
       1
       5
       4
       5
       7
       4
       8
       8
      14
      12
      15
      11
       9
      15
       9
       8
       7
       6
       4
       4
       4
       4
       3
       1
       4
       3
       2
       4
       3
       2
       1
       2
       1
       2
       2
       4
       1
       1
       2
       0
       1
       1
       1
       1
       1
       1
       0
       0
       0
       1
       2
       0
       0
       1
       0
       0
       1
       2
       0
       2
       3
       0
       1
       1
       0
       0
       0
       0
       0
       0
       1
       1
       3
       1
       1
       2
       0
       2
       0
       0
       0
       0
       1
       1
       1
       4
       2
       0
       0
       0
       3
       1
       1
       0
       0
       1
       0
       0
       0
       0
       1
       1
       1
       0
       0
       1
       1
       1
       1
       0
       0
       0
       2
       0
       0
       0
       3
       0
       1
       1
       0
       3
       0
       1
       0
       1
       2
       3
       1
       1
       1
       2
       0
       1
       2
       2
       0
       0
       0
       1
       0
       2
       1
       0
       1
       0
       2
       1
       1
       0
       1
       1
       0
       1
       2
       0
       1
       2
       1
       1
       0
       1
       2
       0
       0
       0
       1
       1
       0
       1
       0
       0
       1
       0
       0
       1
       1
       2
       0
       2
       1
       0
       0
       3
       0
       1
       2
       0
       0
       1
       0
       0
       0
       2
       1
       1
       1
       2
       2
       0
       2
       1
       0
       0
       2
       2
       1
       0
       0
       0
       0
       2
       2
       1
       0
       1
       1
       0
       1
       1
       0
       0
       2
       0
       1
       0
       2
       0
       1
       0
       1
       0
       0
       0
       1
       1
       3
       0
       1
       0
       0
       0
       1
       0
       0
       1
       0
       1
       0
       0
       0
       0
       0
       0
       1
       2
       0
       2
       0
       0
       2
       0
       3
       1
       0
       0
       1
       2
       2
       2
       0
       0
       0
       0
       0
       1
       0
       0
       0
       2
       2
       0
       0
       0
       1
       0
       1
       1
       0
       2
       0
       0
       1
       1
       1
       0
       0
       1
       0
       1
       0
       1
       0
       0
       2
       0
       0
       0
       1
       1
       0
       2
       0
       1
       0
       1
       0
       2
       1
       0
       0
       0
       1
       0
       0
       1
       2
       1
       0
       2
       1
       1
       1
       0
       1
       1
       2
       0
       0
       1
       0
       0
       0
       1
       1
       0
       1
       1
       0
       0
       0
       1
       1
       0
       0
       0
       2
       0
       0
       0
       0
       0
       0
       0
       1
       0
       0
       0
       1
       0
       1
       0
       1
       0
       0
       0
       0
       1
       0
       0
       0
       3
       2
       1
       0
       0
       2
       0
       3
       0
       0
       1
       0
       0
       1
       1
       1
       0
       2
       1
       0
       0
       0
       0
       1
       0
       0
       0
       0
       1
       0
       0
       0
       0
       0
       1
       0
       1
       0
       0
       0
       0
       0
       0
       2
       0
       0
       1
       0
       0
       0
       0
       1
       1
       2
       1
       0
       0
       0
       0
       0
       1
       0
       0
       0
       0
       1
       0
       0
       0
       0
       2
       0
       2
       1
       2
       0
       0
       1
       0
       1
       0
       0
       0
       0
       0
       0
       0
       0
       0
       1
       0
       0
       0
       0
       1
       0
       0
       0
       0
       1
       0
       0
       1
       1
       1
       0
       1
       0
       0
       1
       0
       0
       0
       0
       0
       1
       1
       0
       0
       0
       1
       0
       0
       0
       1
       0
       0
       0
       1
       0
       0
       1
       1
       0
       0
       0
       0
       3
       0
       1
       0
       0
       1
       0
       0
       0
       0
       0
       0
       0
       0
       0
       0
       0
       0
       0
       0
       0
       2
       0
       1
       0
       0
       0
       0
       2
       0
       0
       0
       0
       0
       0
       1
       0
       1
       0
       0
       0
       0
       0
       1
       0
       0
       0
       0
       0
       0
       0
       1
       1
       1
       1
       0
       2
       1
       0
       0
       0
       0
       0
       0
       0
       0
       0
       2
       0
       1
       2
       1
       0
       0
       0
       0
       0
       0
       0
       0
       0
       0
       0
       1
       1
       0
       1
       0
       0
       0
       0
       0
       0
       1
       0
       1
       0
       0
       0
       0
       1
       0
       0
       1
       0
       0
       0
       0
       0
       0
       0
       0
       0
       0
       0
       0
       1
       0
       0
       0
       0
       0
       0
       0
       0
       0
       1
       0
       0
       0
       1
       0
       1
       0
       1
       0
       0
       0
       1
       2
       1
       1
       0
       0
       0
       0
       0
       0
       0
       1
       0
       0
       0
       1
       1
       0
       1
       0
       3
       2
       0
       0
       1
       0
       0
       0
       0
       0
       0
       0
       0
       0
       0
       0
       0
       0
       1
       0
       1
       0
       0
       1
       0
       0
       1
       0
       2
       0
       0
       0
       0
       0
       0
       0
       1
       0
       0
       0
       0
       0
       0
       0
       0
       1
       1
       1
       0
       0
       0
       0
       0
       0
       0
       0
       0
       0
       0
       1
       0
       0
       0
       0
       0
       0
       0
       0
       1
       0
       0
       3
       0
       0
       2
       1
       1
       0
       0
       0
       0
       1
       2
       1
       0
       0
       1
       0
       0
       1
       0
       0
       1
       1
       0
       0
       1
       0
       0
       0
       0
       0
       0
       0
       0
       0
       0
       1
       0
       0
       0
       0
       1
       0
       0
       0
       0
       0
       1
       0
       2
       0
       0
       1
       1
       0
       0
       0
       0
       0
       0
       1
       1
       1
       0
       0
       0
       0
       0
       0
       0
       0
       1
       0
       0
       0
       2
       0
       1
       0
       0
       0
       0
       0
       0
       1
       0
       0
       0
       0
       2
       0
       0
       0
       0
       0
       0
       0
       0
       0
       0
       1
       1
       0
       0
       0
       0
       1
       0
       0
       0
       0
       1
       1
       1
       0
       0
       1
       0
       0
       0
       0
       1
       0
       0
       0
       0
       0
       0
       0
       0
       0
       1
       2
       1
       0
       0
       1
       1
       0
       0
       0
       0
       0
       0
       0
       0
       0
       2
       0
       0
       0
       0
       0
       0
       0
       0
       0
       1
       0
       0
       0
       0
       0
       0
       0
       0
       0
       0
       1
       0
       0
       0
       0
       0
       0
       1
       0
       0
       0
       0
       0
       0
       0
       0
       1
       0
       0
       0
       0
       1
       0
       0
       1
       1
       0
       0
       1
       0
       0
       0
       0
       0
       1
       0
       0
       0
       0
       0
       0
       0
       0
       0
       0
       0
       0
       0
       0
       0
       0
       0
       0
       0
       0
       0
       0
       0
       0
       0
       2
       0
       1
       0
       0
       0
       0
       0
       0
       0
       0
       0
       0
       0
       1
       0
       1
       0
       0
       0
       0
       1
       0
       0
       0
       0
       0
       0
       0
       0
       0
       0
       0
       0
       1
       1
       1
       0
       0
       0
       1
       0
       1
       1
       0
       0
       0
       1
       0
       0
       0
       0
       0
       1
       0
       1
       0
       0
       0
       0
       1
       1
       0
       0
       0
       0
       0
       0
       0
       0
       0
       0
       0
       0
       0
       0
       0
       1
       1
       0
       0
       0
       0
       0
       0
       0
       0
       0
       0
       0
       0
       0
       1
       0
       0
       0
       0
       0
       0
       1
       1
       0
       0
       1
       2
       0
       0
       0
       0
       0
       0
       0
       0
       0
       0
       1
       0
       0
       0
       1
       0
       0
       0
       0
       0
       0
       0
       0
       0
       0
       2
       1
       0
       0
       0
       1
       0
       0
       0
       0
       0
       1
       0
       0
       0
       0
       2
       0
       1
       0
       0
       0
       1
       0
       0
       0
       1
       0
       0
       0
       1
       0
       0
       0
       0
       0
       0
       0
       0
       0
       0
       0
       0
       0
       0
       0
       1
       0
       0
       1
       0
       0
       0
       0
       0
       2
       0
       0
       0
       0
       0
       0
       1
       0
       0
       0
       0
       0
       0
       1
       0
       1
       0
       0
       0
       0
       0
       0
       0
       0
       0
       0
       0
       0
       0
       0
       0
       1
       0
       0
       0
       0
       0
       0
       0
       0
       0
       0
       0
       0
       0
       0
       0
       0
       0
       1
       0
       0
       0
       0
       0
       0
       0
       0
       0
       0
       0
       0
       2
       0
       0
       0
       0
       0
       0
       0
       0
       0
       0
       0
       0
       0
       0
       0
       1
       0
       1
       1
       0
       0
       0
       0
       0
       0
       0
       0
       1
       0
       0
       0
       0
       1
       0
       1
       0
       0
       1
       0
       1
       0
       0
       0
       0
       0
       0
       0
       0
       0
       0
       1
       0
       0
       0
       0
       1
       0
       1
       1
       0
       0
       0
       0
       0
       0
       1
       0
       0
       0
       0
       0
       0
       0
       0
       1
       0
       0
       0
       0
       1
       0
       0
       0
       0
       0
       0
       0
       0
       1
       0
       0
       0
       0
       0
       0
       0
       0
       0
       0
       0
       0
       0
       0
       0
       0
       0
       0
       0
       0
       1
       0
       0
       0
       0
       0
       0
       0
       0
       0
       0
       0
       0
       0
       0
       1
       0
       0
       0
       0
       0
       0
       0
       0
       0
       0
       0
       0
       0
       2
       0
       0
       0
       0
       1
       0
       0
       0
       0
       0
       0
       0
       1
       0
       0
       0
       0
       0
       0
       1
       0
       0
       0
       0
       0
       0
       0
       0
       0
       0
       0
       0
       0
       0
       0
       0
       1
       0
       1
       0
       0
       1
       0
       0
       1
       0
       0
       0
       0
       0
       0
       0
       0
       0
       0
       0
       0
       0
       0
       0
       2
       1
       0
       0
       0
       0
       0
       0
       0
       0
       0
       0
       0
       0
       0
       0
       0
       0
       0
       0
       0
       0
       0
       0
       0
       0
       0
       0
       0
       0
       0
       0
       0
       0
       0
       0
       1
       1
       0
       0
       0
       0
       0
       0
       0
       1
       0
       0
       1
       0
       0
       0
       0
       0
       0
       0
       0
       0
       0
       0
       0
       0
       0
       0
       0
       0
       0
       1
       0
       0
       0
       0
       0
       1
       0
       0
       0
       0
       0
       0
       0
       0
       0
       0
       0
       1
       0
       0
       0
       0
       0
       1
       0
       0
       0
       0
       0
       0
       0
       0
       0
       0
       0
       1
       0
       0
       0
       0
       0
       0
       0
       0
       0
       1
       0
       0
       0
       0
       0
       0
       0
       0
       0
       0
       0
       0
       0
       0
       0
       1
       0
       0
       0
       0
       0
       0
       0
       0
       0
       1
       0
       0
       0
       0
       0
       1
       0
       1
       0
       0
       0
       0
       0
       0
       0
       0
       0
       0
       0
       0
       0
       0
       0
       0
       0
       0
       0
       0
       0
       0
       0
       0
       0
       0
       0
       0
       0
       0
       1
       0
       0
       0
       0
       1
       0
       0
       0
       1
       0
       0
       0
       0
       0
       0
       0
       0
       0
       0
       0
       0
       0
       1
       1
       0
       0
       1
       0
       0
       0
       0
       0
       0
       2
       0
       0
       0
       0
       0
       0
       0
       0
       0
       0
       0
       0
       0
       0
       0
       0
       0
       0
       0
       0
       0
       0
       0
       2
       0
       0
       0
       0
       0
       0
       0
       0
       0
       0
       0
       0
       0
       0
       0
       0
       0
       0
       0
       0
       0
       0
       0
       0
       0
       0
       0
       0
       0
       0
       0
       0
       0
       0
       0
       0
       0
       0
       0
       0
       0
       1
       0
       0
       0
       0
       0
       0
       0
       0
       0
       1
       0
       0
       0
       0
       0
       0
       0
       0
       0
       0
       0
       0
       0
       0
       0
       0
       0
       0
       0
       0
       0
       0
       0
       0
       0
       0
       0
       1
       0
       0
       0
       1
       0
       0
       0
       0
       0
       0
       0
       1
       0
       0
       0
       0
       0
       0
       0
       1
       0
       0
       0
       0
       0
       0
       0
       0
       0
       0
       1
       0
       0
       0
       0
       0
       1
       0
       0
       0
       0
       0
       0
       0
       0
       0
       0
       0
       1
       0
       0
       0
       0
       0
       0
       0
       0
       0
       0
       0
       0
       0
       0
       1
       0
       0
       0
       0
       0
       0
       0
       0
       0
       0
       0
       0
       0
       0
       0
       0
       0
       0
       0
       0
       0
       0
       0
       0
       0
       0
       0
       0
       0
       0
       0
       0
       0
       0
       0
       0
       0
       0
       0
       0
       0
       1
       0
       0
       0
       0
       0
       0
       0
       0
       0
       0
       0
       0
       0
       0
       1
       0
       0
       0
       0
       0
       0
       1
       0
       0
       0
       0
       0
       0
       0
       0
       0
       0
       0
       0
       0
       0
       0
       0
       0
       0
       0
       0
       0
       0
       1
       0
       0
       0
       0
       0
       0
       0
       0
       0
       0
       0
       0
       0
       0
       0
       0
       0
       0
       0
       0
       1
       0
       0
       0
       0
       0
       0
       0
       0
       0
       0
       0
       0
       0
       0
       0
       0
       0
       0
       0
       0
       0
       0
       0
       1
       0
       0
       0
       0
       0
       0
       0
       0
       0
       1
       0
       0
       0
       0
       0
       0
       0
       0
       0
       0
       0
       0
       0
       0
       0
       0
       0
       0
       0
       0
       0
       0
       0
       0
       0
       0
       0
       0
       0
       0
       0
       0
       0
       0
       0
       0
       0
       0
       0
       0
       0
       0
       0
       1
       0
       0
       0
       0
       0
       0
       0
       0
       0
       0
       0
       0
       0
       0
       0
       0
       0
       0
       0
       0
       0
       0
       0
       0
       0
       0
       0
       0
       0
       0
       0
       0
       0
       0
       0
       0
       0
       0
       0
       0
       0
       0
       0
       0
       1
       0
       1
       0
       0
       0
       0
       0
       0
       0
       0
       0
       1
       0
       0
       0
       0
       0
       0
       0
       0
       0
       0
       0
       0
       0
       0
       0
       0
       0
       0
       0
       0
       0
       0
       0
       0
       0
       0
       0
       0
       0
       0
       0
       0
       0
       0
       0
       0
       0
       0
       0
       0
       0
       0
       0
       0
       1
       0
       0
       0
       0
       0
       0
       0
       0
       0
       0
       0
       0
       0
       0
       0
       0
       0
       0
       0
       0
       0
       0
       0
       0
       0
       0
       0
       0
       0
       0
       0
       0
       0
       0
       0
       0
       0
       0
       0
       0
       0
       0
       0
       0
       0
       0
       0
       0
       0
       0
       0
       0
       0
       1
       0
       0
       0
       0
       0
       0
       0
       0
       0
       0
       0
       0
       0
       0
       0
       0
       0
       0
       0
       2
       0
       0
       0
       0
       0
       0
       0
       0
       0
       0
       0
       0
       0
       0
       0
       0
       0
       0
       0
       0
       0
       0
       0
       0
       0
       0
       0
       0
       1
       0
       0
       0
       0
       0
       0
       0
       0
       0
       0
       0
       0
       0
       0
       0
       0
       0
       0
       0
       0
       0
       0
       0
       0
       0
       1
       0
       0
       0
       0
       0
       0
       0
       0
       0
       0
       0
       0
       0
       0
       0
       0
       0
       0
       0
       0
       0
       0
       0
       1
       0
       0
       0
       0
       0
       0
       0
       0
       0
       0
       0
       0
       0
       0
       0
       0
       0
       0
       0
       0
       0
       0
       0
       0
       0
       0
       0
       0
       0
       0
       0
       1
       0
       0
       0
       0
       0
       0
       0
       0
       0
       1
       0
       0
       0
       0
       0
       0
       0
       0
       0
       0
       0
       0
       0
       0
       0
       0
       0
       0
       0
       0
       0
       0
       0
       0
       0
       0
       0
       0
       0
       0
       0
       0
       0
       0
       0
       0
       0
       0
       0
       0
       0
       0
       0
       0
       0
       0
       0
       0
       0
       0
       0
       0
       0
       0
       0
       0
       0
       0
       0
       0
       0
       0
       0
       0
       0
       0
       0
       0
       0
       0
       0
       0
       0
       0
       0
       0
       0
       0
       0
       0
       0
       0
       0
       0
       0
       0
       0
       0
       0
       0
       0
       0
       0
       0
       0
       0
       0
       0
       0
       0
       0
       0
       0
       0
       0
       0
       0
       0
       0
       0
       0
       0
       0
       0
       0
       0
       0
       0
       0
       0
       0
       0
       0
       0
       0
       0
       0
       0
       0
       0
       0
       0
       0
       0
       0
       0
       0
       0
       0
       0
       0
       0
       0
       0
       0
       0
       0
       0
       0
       0
       0
       0
       0
       0
       0
       0
       0
       0
       0
       0
       0
       0
       0
       0
       1
       0
       0
       0
       0
       0
       0
       0
       0
       0
       0
       0
       0
       0
       0
       0
       0
       0
       0
       0
       0
       0
       0
       0
       0
       0
       0
       0
       0
       0
       0
       0
       0
       0
       0
       0
       0
       0
       0
       0
       0
       0
       0
       0
       0
       0
       0
       0
       0
       0
       0
       0
       0
       0
       0
       0
       0
       0
       0
       0
       0
       0
       0
       0
       0
       1
       0
       0
       0
       0
       0
       0
       0
       0
       0
       0
       0
       0
       0
       0
       0
       0
       0
       0
       0
       0
       0
       0
       0
       0
       0
       0
       0
       0
       0
       0
       0
       0
       0
       0
       0
       0
       0
       0
       0
       0
       0
       0
       0
       0
       0
       0
       0
       0
       0
       0
       0
       0
       0
       0
       0
       1
       0
       0
       0
       0
       0
       0
       0
       0
       0
       0
       0
       0
       0
       0
       0
       0
       0
       0
       0
       0
       0
       0
       0
       0
       0
       0
       0
       0
       0
       0
       0
       0
       0
       0
       0
       0
       0
       0
       0
       0
       0
       0
       0
       0
       0
       0
       0
       0
       0
       0
       0
       0
       0
       0
       0
       0
       0
       0
       0
       0
       0
       1
       1
       0
       0
       0
       0
       0
       0
       0
       0
       0
       0
       0
       0
       0
       0
       0
       0
       0
       0
       0
       0
       0
       0
       1
       0
       0
       0
       0
       0
       0
       0
       1
       0
       0
       0
       0
       0
       0
       0
       0
       0
       0
       0
       0
       0
       0
       0
       0
       0
       0
       0
       0
       0
       0
       0
       0
       0
       0
       0
       0
       0
       0
       0
       0
       0
       0
       0
       0
       0
       0
       0
       0
       0
       0
       0
       0
       0
       0
       0
       0
       0
       0
       0
       0
       0
       0
       0
       0
       1
       0
       0
       0
       0
       0
       0
       0
       0
       0
       0
       0
       0
       0
       0
       0
       0
       0
       0
       0
       0
       0
       0
       0
       0
       0
       0
       0
       0
       0
       0
       0
       0
       0
       0
       0
       0
       0
       0
       0
       0
       0
       0
       0
       0
       0
       0
       0
       0
       0
       0
       0
       0
       0
       0
       0
       0
       0
       0
       0
       0
       0
       0
       0
       0
       0
       0
       0
       0
       0
       0
       0
       0
       0
       0
       0
       0
       0
       0
       0
       0
       0
       0
       0
       0
       0
       0
       0
       0
       0
       0
       0
       0
       0
       0
       0
       0
       0
       0
       0
       0
       0
       0
       0
       0
       0
       0
       0
       0
       0
       0
       0
       0
       0
       0
       0
       0
       0
       0
       0
       0
       0
       0
       0
       0
       0
       0
       0
       0
       0
       0
       0
       0
       0
       0
       0
       0
       0
       0
       0
       0
       0
       0
       1
       0
       0
       0
       0
       0
       0
       0
       0
       0
       0
       0
       0
       0
       0
       0
       0
       0
       0
       0
       0
       0
       0
       0
       0
       0
       0
       0
       0
       0
       0
       0
       0
       0
       0
       0
       0
       0
       0
       0
       0
       0
       0
       0
       0
       0
       0
       0
       0
       0
       0
       0
       0
       0
       0
       0
       0
       0
       0
       0
       0
       0
       0
       0
       0
       0
       0
       0
       0
       0
       0
       0
       0
       0
       0
       0
       0
       0
       0
       0
       0
       0
       0
       0
       0
       0
       0
       0
       0
       0
       0
       0
       0
       0
       0
       0
       0
       0
       0
       0
       0
       0
       0
       0
       0
       0
       0
       0
       0
       0
       0
       0
       0
       0
       0
       0
       0
       0
       0
       0
       0
       0
       0
       0
       0
       0
       0
       0
       0
       0
       0
       0
       0
       0
       0
       0
       0
       0
       0
       0
       0
       0
       0
       0
       0
       0
       0
       0
       0
       0
       0
       0
       0
       0
       0
       0
       0
       0
       0
       0
       0
       0
       0
       0
       0
       0
       0
       0
       0
       0
       0
       0
       0
       0
       0
       0
       0
       0
       0
       0
       0
       0
       0
       0
       0
       0
       0
       0
       0
       0
       0
       0
       0
       0
       0
       0
       0
       0
       0
       0
       0
       0
       0
       0
       0
       0
       0
       0
       0
       0
       0
       0
       1
       0
       0
       0
       0
       0
       0
       0
       0
       0
       0
       0
       0
       0
       0
       0
       0
       0
       0
       0
       0
       0
       0
       0
       0
       0
       0
       0
       0
       0
       0
       0
       0
       0
       0
       0
       0
       0
       0
       0
       0
       0
       0
       0
       0
       0
       0
       0
       0
       0
       0
       0
       0
       0
       0
       0
       0
       0
       0
       0
       0
       0
       0
       0
       0
       0
       0
       0
       1
       0
       0
       0
       0
       0
       0
       0
       0
       0
       0
       0
       0
       0
       0
       0
       0
       0
       0
       0
       0
       0
       0
       0
       0
       0
       0
       0
       0
       0
       0
       0
       0
       0
       0
       0
       0
       0
       0
       0
       0
       0
       0
       0
       0
       0
       0
       0
       0
       0
       0
       0
       0
       0
       0
       0
       0
       0
       0
       0
       0
       0
       0
       0
       0
       0
       0
       0
       0
       0
       0
       0
       0
       0
       0
       0
       0
       0
       0
       0
       0
       0
       0
       0
       0
       0
       0
       0
       0
       0
       0
       0
       0
       0
       0
       0
       0
       0
       0
       0
       0
       0
       0
       0
       0
       0
       0
       0
       0
       0
       0
       0
       0
       0
       0
       0
       0
       0
       0
       0
       0
       0
       0
       0
       0
       0
       0
       0
       0
       0
       0
       0
       0
       0
       0
       0
       0
       0
       0
       0
       0
       0
       0
       0
       0
       0
       0
       0
       0
       0
       0
       0
       0
       0
       0
       0
       0
       0
       1
       0
       0
       0
       0
       0
       0
       0
       0
       0
       0
       0
       0
       0
       0
       0
       0
       0
       0
       0
       0
       0
       0
       0
       0
       0
       0
       0
       0
       0
       0
       0
       0
       0
       0
       0
       0
       0
       0
       0
       0
       0
       0
       0
       0
       0
       0
       0
       0
       0
       0
       0
       0
       0
       0
       0
       0
       0
       0
       0
       0
       0
       0
       0
       0
       0
       0
       0
       0
       0
       0
       0
       0
       0
       0
       0
       0
       0
       0
       0
       0
       0
       0
       0
       0
       0
       0
       0
       0
       0
       0
       0
       0
       0
       0
       0
       0
       0
       0
       0
       0
       0
       0
       0
       0
       0
       0
       0
       0
       0
       0
       0
       0
       0
       0
       0
       0
       0
       0
       0
       0
       0
       0
       0
       0
       0
       0
       0
       0
       0
       0
       0
       0
       0
       0
       0
       0
       0
       0
       0
       0
       0
       0
       0
       0
       0
       0
       0
       0
       0
       0
       0
       0
       0
       0
       0
       0
       0
       0
       0
       0
       0
       0
       0
       0
       0
       0
       0
       0
       0
       0
       0
       0
       0
       0
       0
       0
       0
       0
       0
       0
       0
       0
       0
       0
       0
       0
       0
       0
       0
       0
       0
       0
       1
       0
       0
       0
       0
       0
       0
       0
       0
       0
       0
       0
       0
       0
       0
       0
       0
       0
       0
       0
       0
       0
       0
       0
       0
       0
       0
       0
       0
       0
       0
       0
       0
       0
       0
       0
       0
       0
       0
       0
       0
       0
       0
       0
       0
       0
       0
       0
       0
       0
       0
       0
       0
       0
       0
       0
       0
       0
       0
       0
       0
       0
       0
       0
       0
       0
       0
       0
       0
       0
       0
       0
       0
       0
       0
       0
       0
       0
       0
       0
       0
       0
       0
       0
       0
       0
       0
       0
       0
       0
       0
       0
       0
       0
       0
       0
       0
       0
       0
       0
       0
       0
       0
       0
       0
       0
       0
       0
       0
       0
       0
       0
       0
       0
       0
       0
       0
       0
       0
       0
       0
       0
       0
       0
       0
       0
       0
       0
       0
       0
       0
       0
       0
       0
       0
       0
       0
       0
       0
       0
       0
       0
       0
       0
       0
       0
       0
       0
       0
       0
       0
       0
       0
       0
       0
       0
       0
       0
       0
       0
       0
       0
       0
       0
       0
       0
       0
       0
       0
       0
       0
       0
       0
       0
       0
       0
       0
       0
       0
       0
       0
       0
       0
       0
       0
       0
       0
       0
       0
       0
       0
       0
       0
       0
       0
       0
       0
       0
       0
       0
       0
       0
       0
       0
       0
       0
       0
       0
       0
       0
       0
       0
       0
       0
       0
       0
       0
       0
       0
       0
       0
       0
       0
       0
       0
       0
       0
       0
       0
       0
       0
       0
       0
       0
       0
       0
       0
       0
       0
       0
       0
       0
       0
       0
       0
       0
       0
       0
       0
       0
       0
       0
       0
       0
       0
       0
       0
       0
       0
       0
       0
       0
       0
       0
       0
       0
       0
       0
       0
       0
       0
       0
       0
       0
       0
       0
       0
       0
       0
       0
       0
       0
       0
       0
       0
       0
       0
       0
       0
       0
       0
       0
       0
       0
       0
       0
       0
       0
       0
       0
       0
       0
       0
       0
       0
       0
       0
       0
       0
       0
       0
       0
       0
       0
       0
       0
       0
       0
       0
       0
       0
       0
       0
       0
       0
       0
       0
       0
       0
       0
       0
       0
       0
       0
       0
       0
       0
       0
       0
       0
       0
       0
       0
       0
       0
       0
       0
       0
       0
       0
       0
       0
       0
       0
       0
       0
       0
       0
       0
       0
       0
       0
       0
       0
       0
       0
       0
       0
       0
       0
       0
       0
       0
       0
       0
       0
       0
       0
       0
       0
       0
       0
       0
       0
       0
       0
       0
       0
       0
       0
       0
       0
       0
       0
       0
       0
       0
       0
       0
       0
       0
       0
       0
       0
       0
       0
       0
       0
       0
       0
       0
       0
       0
       0
       0
       0
       0
       0
       0
       0
       0
       0
       0
       0
       0
       0
       0
       0
       0
       0
       0
       0
       0
       0
       0
       0
       0
       0
       0
       0
       0
       0
       0
       0
       0
       0
       0
       0
       0
       0
       0
       0
       0
       0
       0
       0
       0
       0
       0
       0
       0
       0
       0
       0
       0
       0
       0
       0
       0
       0
       0
       0
       0
       0
       0
       0
       0
       0
       0
       0
       0
       0
       0
       0
       0
       0
       0
       0
       0
       0
       0
       0
       0
       0
       0
       0
       0
       0
       0
       0
       0
       0
       0
       0
       0
       0
       0
       0
       0
       0
       0
       0
       0
       0
       0
       0
       0
       0
       0
       0
       0
       0
       0
       0
       0
       0
       0
       0
       0
       0
       0
       0
       0
       0
       0
       0
       0
       0
       0
       0
       0
       0
       0
       0
       0
       0
       0
       0
       0
       0
       0
       0
       0
       0
       0
       0
       0
       0
       0
       0
       0
       0
       0
       0
       0
       0
       0
       0
$ROI:
19
135 163
196 212
298 314
607 627
687 707
750 770
857 879
886 908
981 1003
1652 1680
1940 1984
2242 2276
2410 2444
2714 2752
2779 2817
2910 2975
3330 3374
3517 3563
4577 4648
$PRESETS:
None
0
0
$ENER_FIT:
-0.422029 0.397262
$MCA_CAL:
3
-4.220292E-001 3.972623E-001 7.566720E-009 keV
$SHAPE_CAL:
3
3.081781E+000 2.714348E-003 5.927599E-008
