$SPEC_ID:
Pulser
$SPEC_REM:
DET# 2
DETDESC# DETECTOR 2
AP# GammaVision Version 7.01.03
$DATE_MEA:
04/19/2017 15:19:51
$MEAS_TIM:
2383 2390
$DATA:
0 8191
       0
       0
       0
       0
       0
       0
       0
       0
       0
       0
       0
       0
       0
       0
       0
       0
       0
       0
       0
       0
       0
       0
       0
      30
    1290
    1422
     649
     541
     500
     553
     559
     600
     794
    1277
    2298
    3912
    5375
    6213
    5919
    4733
    4466
    5410
    5433
    3963
    2145
    1275
    1284
    1503
    1174
     756
     585
     537
     461
     449
     464
     386
     512
     453
     484
     479
     484
     530
     571
     522
     528
     527
     494
     461
     485
     516
     471
     512
     482
     474
     476
     474
     468
     442
     498
     492
     492
     497
     481
     485
     447
     499
     432
     470
     424
     469
     520
     462
     499
     434
     484
     462
     450
     487
     465
     490
     438
     501
     443
     487
     498
     510
     457
     484
     493
     480
     433
     494
     480
     499
     512
     478
     479
     483
     522
     493
     534
     509
     510
     528
     548
     538
     527
     544
     496
     543
     533
     505
     530
     572
     542
     560
     546
     583
     550
     530
     553
     588
     566
     591
     576
     611
     607
     667
     652
     625
     666
     664
     645
     672
     671
     663
     704
     691
     657
     655
     743
     699
     691
     714
     744
     693
     712
     688
     741
     739
     733
     706
     758
     701
     725
     733
     803
     777
     823
     741
     839
    1056
    1514
    2353
    2661
    2212
    1632
    1724
    2863
    3992
    3770
    2503
    1311
     852
     669
     643
     621
     630
     658
     648
     635
     591
     619
     662
     687
     590
     630
     672
     661
     676
     714
     873
    1195
    1697
    2011
    1843
    1378
     953
     747
     855
     986
    1083
     906
     766
     678
     660
     651
     615
     668
     612
     666
     684
     653
     670
     620
     620
     632
     670
     648
     660
     674
     671
     662
     680
     616
     668
     654
     691
     624
     657
     666
     689
     649
     662
     717
     710
     665
     636
     723
     663
     704
     695
     710
     827
     862
     830
     754
     719
     754
     710
     694
     733
     721
     769
     717
     765
     735
     723
     699
     761
     720
     762
     738
     777
     778
     764
     743
     760
     814
     766
     756
     722
     697
     777
     735
     809
     756
     770
     835
     721
     817
     723
     849
     747
     768
     777
     786
     766
     787
     821
     812
     731
     764
     808
     810
     846
     756
     815
     764
     807
     842
     784
     825
     769
     797
     815
     807
     768
     802
     768
     800
     808
     779
     808
     770
     814
     807
     815
     801
     794
     836
     832
     794
     856
     815
     819
     825
     809
     806
     794
     785
     811
     832
     778
     807
     823
     874
     801
     775
     835
     801
     868
     814
     783
     755
     798
     822
     808
     752
     803
     811
     815
     812
     794
     791
     772
     877
     825
     785
     813
     843
     815
     831
     784
     814
     815
     862
     840
     839
     861
     868
     910
     879
     865
     900
     920
     978
     980
     975
     959
     972
     940
     927
     938
     954
     974
     967
     914
     984
     976
     997
    1006
     960
    1004
     994
     933
     986
     935
     949
     946
     965
     985
     995
     968
    1005
    1017
     974
    1023
     980
     929
     978
     961
    1006
    1015
     966
    1027
     990
    1053
     956
    1033
     970
    1035
    1061
    1008
    1040
     995
    1011
     986
    1047
    1019
    1006
     987
     967
    1061
     972
    1010
    1085
    1031
    1066
    1084
    1005
    1020
    1013
    1011
    1020
     958
     969
     985
     966
     976
     949
     977
     935
     938
     968
     931
     931
     917
     949
     946
     950
     981
     915
     876
     892
     916
     912
     925
     926
     899
     878
     889
     883
     808
     897
     887
     901
     853
     820
     882
     862
     884
     903
     885
     810
     858
     825
     859
     845
     921
     861
     865
     864
     870
     893
     807
     822
     817
     818
     799
     820
     779
     821
     876
     779
     794
     792
     805
     825
     820
     824
     779
     834
     788
     801
     818
     773
     838
     759
     764
     820
     837
     795
     793
     852
     803
     778
     858
     786
     781
     824
     783
     784
     776
     799
     768
     752
     764
     823
     724
     806
     765
     797
     757
     753
     806
     764
     755
     734
     697
     748
     769
     765
     794
     753
     806
     788
     777
     838
     750
     728
     737
     788
     748
     766
     771
     788
     724
     748
     757
     691
     729
     770
     774
     762
     705
     729
     738
     696
     727
     698
     664
     672
     676
     652
     671
     670
     630
     659
     638
     628
     637
     629
     644
     611
     619
     651
     606
     591
     589
     596
     649
     612
     574
     651
     581
     602
     602
     571
     558
     557
     581
     571
     591
     529
     561
     579
     613
     569
     527
     623
     555
     548
     546
     563
     533
     552
     519
     504
     522
     532
     544
     546
     514
     492
     503
     513
     545
     544
     471
     535
     502
     492
     474
     498
     485
     501
     463
     458
     517
     483
     431
     471
     454
     508
     508
     492
     470
     445
     449
     447
     441
     475
     482
     449
     456
     441
     405
     431
     438
     456
     440
     423
     414
     421
     393
     431
     399
     414
     417
     438
     419
     423
     387
     401
     399
     415
     409
     431
     376
     364
     392
     383
     356
     387
     410
     373
     379
     392
     397
     383
     384
     379
     371
     366
     354
     396
     367
     365
     385
     368
     353
     359
     338
     338
     356
     337
     356
     351
     319
     322
     373
     356
     362
     339
     333
     354
     312
     314
     365
     348
     331
     324
     336
     327
     342
     323
     330
     327
     331
     333
     307
     320
     304
     339
     299
     323
     311
     301
     287
     316
     324
     322
     281
     311
     285
     268
     283
     302
     285
     276
     266
     282
     300
     288
     264
     294
     268
     274
     262
     275
     257
     306
     288
     270
     279
     270
     285
     269
     278
     267
     253
     283
     273
     287
     261
     267
     254
     281
     267
     277
     282
     270
     250
     263
     235
     250
     272
     258
     261
     263
     244
     288
     244
     248
     261
     242
     252
     237
     252
     240
     236
     264
     225
     219
     229
     233
     245
     234
     227
     207
     260
     250
     240
     262
     259
     250
     222
     227
     227
     223
     202
     239
     218
     211
     214
     246
     220
     193
     228
     230
     213
     224
     206
     207
     241
     273
     221
     217
     231
     212
     211
     207
     185
     202
     192
     206
     209
     197
     191
     198
     182
     212
     213
     192
     194
     191
     171
     193
     174
     182
     184
     178
     170
     184
     199
     170
     190
     193
     175
     197
     146
     189
     168
     167
     190
     186
     162
     172
     177
     144
     148
     169
     175
     168
     180
     178
     161
     181
     151
     168
     157
     177
     153
     158
     194
     190
     160
     155
     157
     168
     151
     164
     138
     154
     149
     163
     137
     139
     150
     160
     136
     133
     154
     162
     184
     140
     165
     163
     146
     172
     148
     143
     168
     169
     161
     155
     166
     139
     146
     165
     151
     149
     146
     156
     161
     141
     139
     126
     147
     130
     148
     131
     157
     125
     169
     146
     147
     157
     146
     171
     154
     227
     470
     963
    2105
    4334
    7423
   11541
   14814
   16474
   14931
   10997
    6222
    3025
    1217
     490
     206
     127
     115
     119
      93
     105
     112
     108
      99
     122
     102
     115
      91
     116
     135
      97
     108
     109
     102
     113
      96
      87
      97
     118
     119
     110
     104
     123
     111
     106
     109
     102
     130
     121
     106
     117
      93
     113
      94
      91
      94
     102
      85
     104
     112
     100
     123
     104
      82
     107
     118
      91
      97
     109
     103
     102
     105
     110
      99
     129
     117
     106
      92
     114
      96
     100
      89
     113
      94
      97
      88
     107
     101
      93
     110
      84
      95
     118
     107
      99
      97
     100
     114
     110
     123
      95
      88
     112
      88
     110
     109
     120
      94
      97
     114
      93
      98
      81
     106
      88
      92
      85
      94
      81
     121
      96
      98
     108
     105
     107
      97
      92
      99
     110
      96
      87
      93
      92
      80
      99
     117
      89
      88
     106
      98
     108
      88
      84
      97
      87
     105
      95
      99
      93
      95
      81
      90
      91
      81
      92
     116
      89
      93
      98
      91
      94
      76
      93
      96
      96
      79
      99
      83
     109
      83
      73
     102
      79
      85
     104
      73
      98
      78
      78
      91
     105
      81
     101
      89
      99
     102
      92
     113
      75
      83
      83
      96
     114
      82
      85
      84
     103
      70
      99
      78
      86
     105
      88
      93
      94
      94
      80
      84
      90
      98
      97
     104
     100
     100
      97
     153
     234
     330
     496
     748
     910
    1084
    1101
     891
     652
     419
     256
     118
     113
      74
      78
      74
     103
      90
      97
      73
      94
      81
      74
      90
     103
      89
      80
      78
     100
      96
     105
      95
      73
      97
      80
      81
      88
      82
      98
      99
      86
      93
      98
      89
      98
      97
      98
      81
      78
      85
      82
      79
      80
      89
      87
      83
      82
      77
      83
      88
      89
      90
      76
      94
      82
      89
      88
     101
      87
      99
     106
      87
      89
      78
      84
      88
     105
      90
     111
     100
     137
     134
     177
     277
     309
     416
     504
     604
     667
     756
     802
     890
     987
    1180
    1434
    1799
    2203
    2296
    2105
    1653
    1080
     661
     353
     216
     125
      69
     109
     104
     146
     157
     187
     210
     262
     246
     253
     212
     168
     135
     101
     101
      78
      73
      84
      87
      69
      59
      78
      96
      96
      83
      94
      88
     125
     131
     155
     186
     195
     168
     192
     160
     130
     108
      95
      86
      65
      86
      84
      84
      97
      75
      75
      77
      85
      92
      78
      83
      72
      84
      82
      91
      89
      87
      90
      75
      91
      83
      82
      77
      64
      81
      66
      86
      76
      93
      91
      80
      82
      85
      71
      77
      83
      86
      85
      98
      86
      99
      74
      84
      79
      83
     123
     114
     133
     141
     125
     118
     132
     102
      98
      94
      95
      67
      79
      84
      96
      80
      79
      86
      89
      76
      88
      88
      84
      92
      87
      81
      78
      86
      70
      76
      85
      80
      76
      67
      85
      92
      83
      81
      81
      81
      82
      79
      91
      84
      85
      92
      88
      66
      85
      83
      79
      79
      89
      91
      81
      79
      74
      87
      89
      86
      76
      88
     100
      85
      90
      70
      79
      88
      84
      96
      82
      78
      72
      72
      94
      81
      87
      83
      82
      85
      80
      98
     100
      74
      85
      98
      85
      85
      78
      71
      84
      78
      79
      77
      87
      75
      93
      83
      78
      93
      77
      93
      89
      91
      83
      84
      90
      83
      79
      84
      84
      91
     103
      76
      81
      90
      81
      82
      84
      80
      88
      87
      85
     110
      92
      76
      91
     112
      75
      97
      90
      84
     106
      93
      72
      80
      73
     100
      85
      86
      97
      93
     101
     103
      84
      90
      91
      95
      91
      85
      99
     106
      81
      76
      95
      82
      82
     104
      93
      99
     102
      93
      95
     100
      83
     110
      84
      98
      92
      97
     105
      86
      97
     103
     105
      95
     112
      91
      83
      88
      71
     101
     102
      94
     124
     126
      93
     101
      82
     100
     120
      96
     103
     106
     109
      74
     102
     100
      95
      93
      81
     110
     109
     101
      99
     109
     103
      93
     110
     102
     102
      94
     115
      96
      90
     101
     104
     112
     113
      98
      89
      95
     106
      95
     121
     118
     121
     110
     114
      92
     102
     113
     105
     110
      86
      91
     117
      92
     106
      88
     123
     110
     111
     109
     115
     103
      97
     124
     108
     105
     114
      93
      92
     129
     103
     102
     119
     105
      90
     117
      98
     108
      97
     116
     102
     127
     114
     114
     110
     112
     107
     111
     103
     108
     104
     116
     102
     104
     104
     106
     112
     105
      98
     108
     127
     107
     115
     115
     115
     122
     126
     112
     116
     114
     122
     127
     119
     131
     123
     120
      90
     135
     115
     113
     102
     127
     120
     109
     128
     122
     101
     117
     105
     115
     119
     118
     115
     119
     112
     103
     129
     123
     120
     113
     117
     130
     114
     117
     111
     130
     114
     130
     110
     116
     145
     119
     132
     106
     126
     119
     130
     118
     128
     108
     121
     126
     114
     119
     110
     126
     116
     128
     120
     128
     107
     110
     115
     119
     127
      98
      93
     119
     142
     113
     115
     107
     105
     113
     105
     120
     106
     105
     115
     104
      94
      77
      98
     109
      82
      71
      99
      82
      77
      90
      72
      83
      66
     122
      78
      93
      83
      83
      77
      65
      84
      76
      79
      81
      83
      82
      68
      70
      96
      69
      62
      59
      70
      77
      88
      60
      77
      68
      56
      75
      67
      71
      70
      70
      64
      79
      76
      83
      66
      69
      64
      78
      74
      80
      81
      69
      74
      63
      78
      78
      80
      66
      71
      65
      76
      74
      67
      72
      58
      79
      71
      60
      60
      62
      77
      71
      72
      44
      65
      62
      68
      64
      74
      66
      52
      72
      52
      77
      76
      67
      74
      67
      60
      61
      80
      75
      48
      66
      63
      53
      61
      60
      62
      77
      55
      74
      65
      68
      63
      56
      64
      57
      56
      63
      65
      59
      57
      56
      45
      63
      66
      55
      42
      58
      61
      60
      58
      50
      54
      49
      54
      51
      46
      49
      43
      59
      64
      43
      49
      55
      55
      60
      47
      63
      49
      42
      55
      55
      41
      51
      44
      49
      54
      52
      51
      39
      49
      49
      54
      54
      40
      43
      37
      49
      46
      55
      44
      43
      37
      31
      42
      51
      42
      54
      39
      40
      44
      56
      35
      41
      47
      30
      53
      31
      41
      44
      33
      51
      50
      42
      50
      40
      37
      49
      49
      39
      46
      41
      33
      47
      48
      37
      35
      35
      36
      46
      38
      35
      31
      45
      44
      29
      44
      31
      31
      41
      26
      21
      42
      36
      32
      43
      33
      44
      53
      32
      34
      28
      35
      35
      32
      38
      35
      26
      30
      23
      33
      29
      31
      23
      27
      45
      33
      35
      28
      31
      29
      32
      33
      40
      35
      22
      31
      35
      15
      44
      25
      25
      34
      31
      31
      28
      37
      43
      29
      32
      37
      29
      28
      24
      22
      28
      26
      33
      25
      31
      31
      32
      31
      37
      44
      50
      44
      52
      66
      57
      64
      76
      50
      65
      41
      58
      38
      59
      26
      33
      24
      38
      26
      27
      25
      22
      30
      36
      19
      27
      25
      27
      27
      32
      29
      38
      28
      31
      27
      24
      28
      21
      33
      29
      34
      22
      29
      30
      27
      34
      33
      27
      27
      33
      26
      37
      29
      21
      17
      33
      29
      42
      31
      26
      25
      32
      33
      35
      27
      37
      23
      28
      27
      26
      27
      32
      31
      28
      33
      21
      22
      30
      30
      25
      27
      21
      21
      33
      26
      39
      41
      31
      21
      24
      28
      26
      16
      22
      31
      29
      27
      28
      28
      33
      27
      26
      24
      31
      29
      30
      33
      25
      34
      33
      21
      31
      21
      22
      25
      21
      22
      27
      28
      28
      26
      19
      25
      32
      29
      24
      28
      25
      29
      22
      30
      23
      29
      19
      26
      28
      21
      25
      33
      24
      27
      32
      27
      32
      31
      25
      20
      34
      15
      22
      21
      28
      26
      32
      32
      31
      25
      21
      30
      23
      26
      27
      23
      29
      35
      32
      23
      30
      24
      25
      32
      24
      33
      32
      25
      40
      40
      40
      50
      45
      40
      37
      29
      33
      29
      33
      29
      31
      27
      33
      32
      24
      26
      24
      26
      24
      32
      32
      28
      33
      38
      26
      28
      47
      44
      62
      84
     128
     170
     273
     394
     518
     727
    1011
    1418
    1851
    2477
    2889
    3304
    3480
    3510
    3399
    2935
    2294
    1559
     962
     576
     318
     159
     104
      60
      42
      37
      25
      30
      27
      18
      15
      11
      21
      16
      20
      28
      20
      25
      22
      24
      21
      14
      27
      20
      27
      18
      21
      26
      23
      28
      27
      20
      23
      19
      27
      19
      20
      24
      24
      21
      20
      20
      15
      20
      28
      20
      20
      19
      22
      16
      27
      25
      23
      23
      29
      19
      25
      25
      23
      26
      24
      27
      18
      31
      17
      18
      22
      19
      23
      19
      29
      22
      28
      16
      38
      26
      42
      64
      49
      87
      84
     143
     147
     135
     163
     179
     177
     148
     115
      92
      57
      49
      37
      45
      30
      26
      23
      33
      26
      16
      27
      12
      24
      17
      26
       9
      23
      23
      26
      15
      16
      17
      12
      29
      20
      23
      19
      20
      21
      20
      17
      29
      27
      26
      26
      17
      18
      21
      22
      21
      23
      23
      22
      28
      21
      21
      17
      23
      27
      25
      21
      22
      20
      26
      17
      19
      26
      16
      33
      13
      24
      19
      26
      21
      22
      21
      10
      17
      23
      29
      17
      22
      20
      12
      21
      22
      19
      21
      25
      20
      20
      19
      22
      18
      23
      22
      14
      21
      23
      15
      20
      18
      27
      21
      32
      25
      20
       7
      18
      22
      20
      15
      24
      22
      17
      12
      20
      23
      21
      25
      18
      33
      24
      21
      16
      22
      19
      24
      15
      29
      19
      22
      18
      14
      25
      25
      22
      27
      16
      24
      18
      13
      16
      18
      17
      23
      26
      20
      21
      15
      13
      21
      19
      30
      25
      22
      23
      16
      16
      19
      26
      16
      20
      25
      23
      28
      18
      21
      16
      20
      25
      20
      26
      25
      19
      16
      28
      34
      17
      25
      19
      16
      17
      23
      26
      18
      19
      16
      30
      18
      17
      22
      16
      20
      24
      21
      20
      21
      13
      22
      20
      24
      25
      29
      23
      20
      24
      19
      19
      29
      25
      19
       9
      22
      18
      25
      14
      17
      19
      25
      25
      25
      25
      25
      19
      19
      20
      22
      16
      24
      18
      23
      15
      13
      28
      18
      22
      19
      30
      16
      27
      28
      22
      23
      17
      27
      26
      24
      25
      20
      28
      29
      22
      16
      17
      30
      17
      16
      25
      21
      22
      25
      26
      25
      25
      22
      26
      21
      25
      23
      21
      26
      28
      22
      29
      27
      26
      28
      24
      24
      19
      27
      25
      18
      28
      22
      25
      17
      23
      19
      22
      28
      21
      25
      24
      18
      22
      22
      20
      26
      25
      21
      17
      20
      29
      27
      21
      28
      26
      18
      14
      17
      20
      22
      30
      22
      20
      23
      20
      22
      29
      22
      20
      17
      17
      19
      29
      23
      21
      28
      21
      21
      30
      21
      28
      31
      23
      26
      15
      20
      14
      19
      28
      25
      13
      25
      26
      25
      24
      22
      25
      22
      27
      32
      22
      27
      15
      28
      15
      24
      21
      15
      27
      20
      19
      24
      27
      20
      26
      26
      21
      26
      23
      36
      28
      28
      22
      21
      21
      20
      25
      23
      24
      24
      26
      19
      24
      20
      28
      23
      26
      25
      14
      25
      20
      24
      19
      22
      27
      19
      24
      20
      22
      23
      19
      20
      18
      20
      28
      23
      19
      27
      26
      18
      27
      13
      19
      18
      12
      22
      18
      24
      19
      16
       8
      27
      23
      18
      26
      27
      21
      17
      17
      18
      13
      17
      16
      27
      28
      31
      20
      14
      29
      29
      21
      21
      20
      22
      14
      21
      23
      26
      26
      19
      20
      15
      29
      22
      24
      23
      27
      23
      21
      21
      14
      18
      21
      17
      16
      29
      16
      22
      23
      23
      25
      24
      18
      21
      28
      20
      17
      31
      23
      32
      24
      25
      34
      24
      14
      30
      21
      23
      27
      27
      20
      26
      22
      22
      27
      23
      25
      29
      23
      26
      21
      28
      21
      26
      24
      22
      23
      31
      25
      25
      23
      16
      28
      19
      33
      24
      28
      18
      27
      26
      22
      28
      27
      18
      18
      23
      15
      28
      13
      25
      24
      21
      19
      21
      23
      27
      28
      18
      16
      26
      22
      26
      26
      21
      24
      20
      32
      28
      28
      24
      19
      21
      12
      22
      22
      29
      26
      15
      34
      19
      27
      19
      27
      23
      22
      24
      27
      28
      23
      27
      18
      20
      17
      26
      27
      17
      16
      22
      18
      22
      18
      22
      22
      21
      32
      25
      15
      18
      34
      18
      26
      23
      29
      18
      23
      18
      21
      12
      27
      31
      21
      26
      27
      26
      26
      22
      16
      25
      22
      22
      22
      28
      20
      21
      23
      25
      17
      34
      19
      26
      22
      19
      16
      28
      21
      27
      24
      25
      19
      11
      16
      19
      22
      21
      31
      24
      18
      21
      19
      20
      16
      17
      13
      13
      26
      24
      17
      29
      22
      21
      13
      15
      24
      22
      20
      20
      27
      26
      16
      28
      22
      25
      18
      31
      17
      31
      22
      28
      30
      22
      32
      27
      29
      25
      39
      41
      33
      60
      54
      45
      53
      59
      55
      38
      53
      54
      36
      26
      23
      23
      22
      33
      19
      27
      23
      30
      23
      21
      26
      22
      28
      20
      22
      27
      11
      24
      20
      26
      26
      30
      20
      17
      25
      29
      23
      27
      19
      22
      32
      24
      26
      16
      26
      23
      25
      17
      22
      25
      19
      19
      21
      25
      21
      18
      32
      23
      24
      17
      11
      22
      26
      19
      29
      22
      24
      21
      25
      27
      19
      26
      14
      14
      20
      24
      21
      29
      28
      17
      24
      20
      35
      23
      29
      18
      23
      13
      21
      25
      18
      24
      29
      21
      26
      25
      25
      15
      14
      19
      20
      24
      27
      22
      20
      29
      31
      35
      21
      27
      31
      22
      22
      27
      25
      28
      21
      26
      20
      19
      24
      27
      23
      26
      27
      26
      26
      28
      24
      24
      27
      28
      31
      21
      22
      23
      29
      25
      18
      26
      17
      27
      26
      23
      23
      24
      26
      31
      28
      23
      17
      19
      17
      28
      23
      31
      23
      26
      27
      25
      26
      22
      22
      30
      30
      26
      38
      34
      33
      38
      43
      45
      49
      61
      48
      73
      79
      85
      57
      69
      79
      77
      64
      48
      45
      40
      32
      37
      30
      29
      23
      39
      30
      30
      24
      22
      24
      25
      15
      33
      24
      18
      19
      16
      32
      31
      24
      26
      19
      23
      27
      25
      21
      20
      14
      29
      26
      25
      21
      25
      26
      29
      25
      34
      29
      18
      27
      22
      20
      24
      15
      31
      28
      27
      37
      31
      27
      26
      24
      22
      27
      19
      22
      29
      30
      22
      27
      28
      34
      34
      18
      28
      28
      27
      25
      32
      17
      24
      27
      25
      28
      28
      35
      25
      24
      30
      36
      30
      30
      36
      30
      18
      35
      27
      18
      28
      31
      24
      21
      26
      26
      24
      25
      23
      26
      27
      26
      34
      33
      29
      41
      32
      45
      41
      40
      41
      58
      58
      47
      51
      72
      66
      73
      52
      73
      75
      60
      84
      63
      65
      50
      48
      43
      34
      29
      29
      31
      31
      32
      22
      26
      23
      19
      29
      33
      24
      19
      28
      23
      24
      27
      40
      42
      28
      32
      32
      28
      31
      26
      28
      23
      16
      25
      25
      22
      20
      29
      27
      29
      19
      26
      25
      32
      35
      22
      28
      23
      27
      27
      29
      30
      37
      28
      37
      31
      28
      31
      23
      26
      33
      28
      30
      32
      25
      25
      18
      25
      35
      26
      20
      19
      33
      27
      32
      31
      29
      26
      32
      38
      27
      23
      28
      33
      25
      32
      26
      33
      29
      25
      23
      29
      35
      23
      30
      28
      26
      27
      24
      34
      25
      37
      22
      24
      32
      26
      28
      28
      27
      30
      38
      30
      23
      39
      27
      28
      32
      24
      25
      18
      35
      24
      26
      29
      37
      23
      22
      25
      34
      24
      24
      33
      28
      31
      26
      38
      31
      12
      23
      19
      35
      31
      33
      22
      25
      28
      32
      23
      35
      35
      23
      30
      28
      24
      42
      34
      22
      23
      35
      29
      23
      28
      29
      32
      26
      30
      29
      25
      26
      35
      28
      31
      27
      27
      37
      30
      21
      34
      41
      18
      31
      32
      32
      27
      20
      35
      28
      35
      35
      28
      23
      24
      35
      32
      32
      28
      43
      30
      34
      26
      32
      36
      36
      33
      31
      30
      34
      24
      40
      42
      37
      34
      39
      43
      31
      31
      32
      31
      42
      32
      28
      31
      28
      33
      37
      35
      29
      36
      49
      35
      36
      27
      27
      33
      31
      28
      37
      35
      38
      31
      33
      30
      41
      31
      35
      42
      25
      31
      36
      39
      38
      39
      29
      32
      41
      32
      38
      32
      34
      43
      42
      35
      30
      31
      39
      33
      35
      34
      37
      25
      26
      32
      31
      22
      24
      40
      36
      32
      33
      33
      36
      39
      34
      27
      33
      36
      37
      23
      41
      43
      28
      30
      41
      29
      31
      40
      37
      26
      48
      33
      31
      27
      29
      35
      35
      32
      36
      26
      32
      30
      34
      39
      34
      42
      32
      34
      34
      22
      26
      34
      25
      30
      41
      34
      33
      42
      39
      43
      29
      25
      32
      40
      34
      43
      30
      45
      27
      35
      32
      42
      38
      35
      41
      50
      33
      32
      35
      25
      29
      24
      37
      46
      30
      35
      32
      37
      32
      19
      38
      32
      40
      29
      29
      39
      34
      28
      28
      36
      32
      35
      50
      37
      37
      47
      32
      34
      33
      48
      44
      42
      37
      41
      39
      47
      40
      34
      35
      38
      42
      38
      41
      34
      30
      46
      30
      37
      35
      31
      36
      38
      43
      49
      38
      35
      44
      33
      29
      35
      44
      44
      41
      40
      35
      35
      35
      33
      43
      43
      39
      40
      36
      40
      36
      49
      41
      40
      51
      38
      40
      41
      41
      51
      51
      42
      28
      30
      53
      44
      45
      41
      40
      46
      33
      45
      36
      41
      51
      41
      42
      26
      31
      37
      54
      52
      33
      37
      49
      42
      43
      38
      51
      40
      46
      30
      45
      31
      37
      45
      46
      42
      47
      41
      46
      39
      42
      47
      39
      56
      33
      33
      29
      42
      41
      48
      42
      49
      39
      45
      53
      47
      53
      38
      47
      32
      58
      45
      45
      33
      42
      51
      51
      45
      49
      41
      42
      49
      45
      40
      43
      36
      49
      38
      43
      41
      44
      51
      38
      38
      41
      50
      46
      38
      38
      51
      52
      39
      37
      54
      55
      52
      51
      37
      41
      55
      43
      46
      35
      39
      43
      42
      30
      58
      37
      55
      43
      44
      50
      54
      46
      53
      48
      42
      49
      44
      60
      51
      53
      53
      58
      50
      50
      42
      39
      52
      57
      59
      43
      57
      42
      49
      45
      56
      46
      54
      48
      55
      36
      60
      47
      40
      52
      45
      49
      45
      53
      48
      51
      62
      45
      56
      48
      48
      44
      46
      51
      42
      71
      55
      47
      50
      67
      48
      43
      46
      43
      67
      54
      47
      55
      64
      58
      45
      53
      51
      52
      53
      44
      51
      50
      50
      62
      55
      38
      42
      51
      57
      65
      50
      58
      57
      56
      52
      61
      51
      62
      59
      54
      51
      54
      64
      45
      42
      47
      59
      66
      50
      68
      48
      57
      54
      60
      47
      53
      54
      50
      52
      44
      66
      56
      56
      68
      65
      72
      44
      54
      56
      49
      61
      70
      62
      57
      50
      49
      54
      65
      70
      58
      53
      62
      66
      47
      57
      53
      49
      55
      42
      70
      47
      59
      66
      59
      62
      56
      52
      50
      55
      54
      57
      54
      50
      42
      54
      46
      46
      46
      46
      49
      58
      52
      60
      44
      55
      45
      55
      47
      54
      58
      57
      49
      48
      59
      40
      39
      34
      40
      43
      39
      50
      43
      45
      45
      44
      35
      32
      48
      25
      44
      39
      38
      33
      43
      49
      39
      27
      38
      32
      38
      38
      36
      36
      32
      39
      37
      45
      28
      42
      36
      29
      44
      31
      42
      37
      29
      29
      29
      41
      42
      46
      22
      22
      29
      38
      26
      36
      34
      44
      20
      42
      21
      33
      40
      48
      38
      33
      19
      32
      47
      30
      29
      29
      39
      30
      31
      43
      27
      39
      28
      19
      34
      36
      24
      31
      28
      26
      30
      18
      32
      37
      30
      39
      36
      31
      32
      22
      28
      28
      26
      26
      30
      28
      39
      37
      31
      31
      33
      29
      32
      30
      35
      37
      31
      28
      15
      27
      24
      35
      32
      29
      33
      27
      23
      34
      34
      23
      28
      29
      25
      24
      32
      23
      31
      27
      33
      23
      26
      17
      27
      36
      20
      25
      28
      23
      29
      23
      22
      26
      30
      22
      24
      21
      26
      33
      30
      25
      25
      18
      20
      35
      26
      27
      19
      20
      23
      28
      26
      25
      34
      25
      27
      16
      16
      23
      33
      25
      17
      28
      20
      21
      23
      31
      30
      23
      24
      19
      30
      18
      22
      24
      21
      30
      22
      24
      18
      23
      18
      24
      12
      27
      17
      23
      18
      18
      19
      11
       8
      21
      21
      21
      17
      16
      13
      19
      19
      19
      24
      14
      12
      14
      17
      22
      18
      20
      24
      18
      18
      17
      25
      15
      14
      17
      17
      17
      16
      11
       9
       9
      16
       9
      10
      19
      14
      18
      18
      13
      23
      18
      17
      12
      10
      14
       8
      18
      16
      12
      11
      16
      14
       9
      17
      13
      12
      16
       9
      12
      15
      11
       8
      11
       6
      17
      10
      19
      16
       8
      12
      17
      10
       9
       9
      15
       7
       7
       7
       5
       8
      15
       9
       6
       5
       6
       8
       9
       7
      12
       5
       8
       8
       8
       8
       4
       4
       8
       8
       8
       2
       8
       6
       6
       7
       5
       7
       5
       9
       8
      11
       3
       5
      12
      10
       8
       6
       2
       3
       7
       6
       5
       5
       9
       9
       7
       9
       2
       0
       6
       6
       4
       7
       4
       7
       4
       3
       7
       7
       3
       3
       5
       6
       3
       5
       5
       9
       3
       4
       4
       7
       2
       7
       4
       7
       6
       3
       6
       5
       5
       3
       6
       5
       2
       7
       4
       5
       2
       5
       4
       4
       9
       2
       5
       5
       5
       4
       3
       3
       5
       7
       5
       5
       4
       3
       8
       4
       2
       2
       3
       4
       5
       4
       8
       4
       4
       2
       8
       4
       4
       4
       3
       4
       3
       4
       5
       6
       3
       6
       9
       5
       2
       1
       6
       4
       5
       5
       1
       6
       0
       6
       3
       4
       5
       4
       4
       2
       0
       1
       3
       6
       4
       2
       8
       4
       5
       7
       0
       4
       6
       3
       4
       4
       4
       3
       1
       1
       5
       2
       5
       6
       3
       5
       5
       2
       2
       4
       5
       3
       5
       0
       7
       2
       3
       3
       3
       4
       6
       7
       1
       3
       5
       4
       5
       2
       3
       3
       6
       6
       6
       5
       5
       3
       4
       6
       1
       1
       2
       5
       2
       5
       3
       5
       6
       3
       5
       3
       6
       3
       2
       6
       5
       5
       2
       3
       3
       6
       4
       5
       4
       5
       5
       6
       1
       6
       5
       6
       2
       2
       5
       4
       2
       4
       7
      14
       9
      12
      13
      14
       8
      14
      25
      17
      23
      42
      46
      62
      60
      66
      83
     104
     121
     137
     175
     181
     233
     270
     351
     438
     535
     596
     769
     864
     872
     999
     979
    1012
    1035
    1109
    1100
    1180
    1154
    1106
    1036
     857
     767
     579
     426
     267
     185
     144
      96
      94
      67
      56
      33
      25
      14
       5
       8
       2
       2
       1
       4
       1
       2
       2
       0
       4
       1
       2
       0
       1
       0
       1
       0
       0
       2
       1
       2
       1
       2
       1
       1
       0
       0
       2
       1
       2
       1
       1
       0
       0
       0
       0
       2
       1
       2
       1
       0
       2
       0
       0
       1
       0
       1
       3
       0
       0
       0
       0
       0
       0
       0
       2
       1
       2
       0
       1
       1
       0
       1
       0
       0
       0
       0
       0
       1
       0
       1
       0
       0
       2
       0
       1
       1
       0
       0
       0
       0
       1
       0
       0
       1
       1
       2
       2
       1
       0
       0
       1
       0
       1
       0
       1
       0
       1
       1
       0
       0
       0
       0
       0
       2
       1
       0
       2
       0
       1
       0
       0
       0
       0
       1
       0
       1
       0
       1
       0
       1
       1
       0
       1
       2
       0
       1
       1
       0
       0
       1
       1
       0
       1
       2
       0
       0
       0
       1
       0
       1
       0
       1
       0
       0
       2
       0
       0
       0
       0
       2
       1
       1
       0
       0
       4
       1
       1
       0
       0
       1
       0
       1
       1
       0
       1
       0
       1
       0
       2
       0
       1
       0
       0
       1
       3
       0
       0
       0
       0
       0
       0
       0
       1
       0
       0
       2
       1
       1
       1
       1
       2
       1
       0
       0
       1
       1
       0
       1
       1
       0
       1
       1
       1
       1
       0
       0
       1
       0
       0
       0
       2
       2
       0
       0
       2
       0
       0
       0
       0
       2
       1
       0
       0
       1
       0
       2
       0
       0
       1
       0
       0
       2
       0
       0
       1
       0
       0
       0
       1
       1
       1
       0
       0
       1
       0
       1
       1
       1
       0
       0
       0
       1
       1
       0
       0
       0
       0
       0
       0
       0
       0
       1
       0
       0
       0
       1
       1
       1
       0
       0
       0
       0
       0
       0
       3
       0
       3
       0
       0
       0
       1
       0
       1
       0
       1
       0
       0
       1
       0
       1
       0
       0
       0
       0
       0
       1
       0
       0
       1
       0
       1
       1
       0
       1
       1
       0
       2
       0
       0
       0
       0
       0
       0
       0
       0
       1
       2
       0
       0
       0
       0
       0
       2
       1
       0
       1
       0
       0
       0
       0
       0
       0
       0
       0
       0
       1
       0
       1
       1
       0
       0
       0
       1
       1
       0
       0
       0
       0
       0
       0
       0
       1
       1
       0
       0
       0
       0
       0
       1
       1
       0
       0
       1
       0
       0
       2
       1
       2
       2
       0
       1
       1
       1
       2
       0
       0
       2
       0
       0
       2
       0
       0
       0
       0
       1
       0
       1
       0
       0
       0
       1
       0
       0
       0
       1
       0
       0
       1
       2
       1
       0
       2
       0
       0
       0
       0
       0
       1
       0
       0
       1
       0
       1
       1
       1
       1
       0
       0
       0
       0
       0
       1
       1
       1
       3
       0
       0
       1
       1
       0
       1
       0
       0
       0
       0
       0
       0
       0
       0
       0
       1
       2
       1
       0
       1
       0
       0
       2
       0
       0
       0
       0
       2
       0
       1
       0
       1
       1
       0
       0
       1
       1
       0
       2
       0
       0
       0
       0
       0
       0
       1
       1
       1
       0
       0
       0
       1
       0
       0
       0
       1
       0
       1
       0
       1
       0
       0
       0
       2
       0
       0
       0
       0
       0
       0
       2
       1
       0
       0
       0
       1
       1
       0
       0
       0
       1
       0
       0
       0
       1
       1
       1
       0
       2
       1
       0
       1
       0
       0
       0
       0
       0
       0
       0
       0
       2
       2
       0
       0
       0
       0
       0
       0
       0
       0
       0
       0
       0
       2
       2
       0
       0
       0
       0
       0
       0
       0
       0
       1
       0
       1
       1
       2
       0
       0
       0
       0
       0
       0
       0
       2
       0
       1
       0
       0
       1
       1
       0
       0
       0
       1
       0
       0
       0
       0
       0
       1
       0
       0
       0
       0
       0
       0
       0
       1
       1
       2
       1
       2
       3
       0
       0
       0
       1
       1
       0
       0
       0
       0
       0
       0
       1
       1
       0
       1
       0
       1
       2
       0
       2
       1
       1
       1
       0
       1
       1
       0
       1
       0
       0
       1
       0
       0
       0
       0
       1
       1
       0
       0
       0
       1
       2
       0
       0
       0
       0
       1
       0
       0
       3
       0
       1
       0
       2
       0
       0
       1
       0
       0
       0
       0
       0
       0
       0
       1
       0
       0
       2
       0
       0
       1
       1
       0
       0
       1
       1
       1
       0
       1
       0
       0
       0
       0
       0
       0
       0
       0
       1
       0
       0
       0
       0
       3
       2
       1
       1
       1
       0
       0
       1
       0
       1
       0
       0
       0
       1
       2
       0
       0
       1
       0
       1
       0
       0
       1
       0
       2
       1
       0
       0
       1
       1
       1
       0
       0
       0
       0
       1
       0
       0
       0
       1
       1
       0
       0
       0
       0
       1
       0
       0
       0
       0
       0
       2
       0
       0
       0
       1
       0
       2
       1
       0
       0
       0
       0
       1
       2
       0
       0
       0
       0
       1
       0
       0
       0
       0
       0
       0
       0
       0
       2
       0
       0
       0
       1
       0
       1
       0
       0
       0
       0
       0
       0
       0
       0
       0
       0
       0
       0
       0
       0
       0
       1
       0
       0
       0
       0
       1
       0
       1
       0
       0
       0
       0
       1
       0
       0
       1
       0
       0
       1
       2
       0
       0
       1
       1
       0
       0
       0
       1
       0
       0
       0
       0
       2
       1
       0
       0
       1
       1
       1
       0
       0
       0
       1
       1
       0
       0
       0
       0
       0
       0
       0
       0
       0
       0
       0
       0
       0
       2
       0
       0
       0
       1
       1
       0
       0
       0
       0
       0
       0
       1
       1
       0
       1
       1
       1
       0
       0
       0
       0
       0
       0
       0
       2
       0
       0
       0
       2
       0
       0
       0
       0
       0
       1
       2
       0
       1
       0
       0
       0
       2
       1
       0
       1
       0
       1
       0
       0
       0
       0
       1
       0
       1
       0
       0
       0
       1
       0
       0
       1
       0
       0
       1
       0
       0
       0
       0
       0
       1
       0
       0
       0
       0
       1
       0
       0
       1
       0
       0
       1
       0
       0
       0
       0
       1
       0
       1
       1
       2
       2
       2
       0
       0
       0
       0
       2
       0
       0
       1
       1
       0
       1
       0
       2
       0
       2
       0
       1
       0
       1
       1
       2
       0
       0
       0
       3
       1
       1
       1
       0
       1
       3
       0
       1
       0
       0
       0
       0
       0
       1
       0
       0
       0
       0
       0
       1
       0
       1
       0
       0
       0
       1
       0
       0
       0
       0
       0
       2
       1
       0
       0
       1
       0
       1
       0
       1
       0
       0
       1
       0
       0
       0
       0
       0
       0
       2
       0
       1
       0
       3
       0
       1
       0
       0
       0
       0
       1
       1
       1
       1
       0
       1
       0
       0
       0
       1
       0
       0
       0
       0
       0
       0
       1
       0
       1
       0
       1
       1
       0
       0
       0
       0
       0
       0
       0
       0
       0
       0
       0
       3
       0
       2
       0
       1
       0
       0
       0
       1
       0
       0
       2
       0
       0
       0
       0
       0
       0
       0
       2
       0
       0
       2
       0
       0
       0
       0
       0
       0
       0
       0
       0
       1
       2
       0
       0
       0
       0
       1
       0
       0
       0
       0
       0
       0
       0
       2
       0
       1
       0
       2
       1
       0
       0
       0
       0
       0
       0
       0
       0
       2
       0
       1
       1
       0
       0
       0
       0
       0
       2
       0
       1
       0
       0
       1
       1
       1
       0
       0
       0
       0
       1
       0
       0
       0
       1
       0
       1
       0
       1
       0
       0
       0
       0
       1
       0
       1
       0
       1
       0
       0
       0
       0
       0
       0
       1
       0
       0
       0
       1
       0
       0
       0
       0
       0
       2
       0
       0
       0
       0
       1
       0
       1
       0
       0
       0
       0
       0
       1
       0
       1
       0
       0
       1
       0
       2
       1
       0
       0
       1
       0
       1
       1
       1
       0
       0
       0
       0
       0
       0
       0
       1
       1
       0
       0
       0
       0
       0
       0
       0
       1
       2
       0
       0
       0
       1
       0
       0
       0
       0
       1
       0
       1
       0
       0
       0
       0
       0
       0
       0
       0
       1
       0
       0
       1
       0
       0
       0
       0
       0
       0
       0
       1
       0
       0
       0
       1
       0
       0
       1
       0
       0
       0
       0
       0
       1
       0
       0
       1
       0
       0
       0
       0
       0
       0
       0
       1
       0
       0
       0
       0
       0
       0
       0
       0
       0
       2
       0
       0
       0
       0
       0
       0
       0
       0
       0
       0
       1
       0
       0
       0
       0
       1
       0
       0
       0
       1
       0
       1
       0
       0
       0
       0
       3
       0
       0
       1
       1
       0
       0
       1
       0
       2
       0
       0
       0
       0
       0
       1
       2
       0
       1
       0
       0
       0
       1
       0
       0
       1
       1
       0
       1
       0
       0
       0
       0
       0
       0
       2
       0
       0
       0
       0
       1
       1
       1
       2
       0
       0
       0
       1
       0
       1
       0
       0
       0
       0
       0
       0
       1
       1
       0
       0
       3
       0
       0
       0
       1
       0
       1
       0
       0
       1
       0
       0
       0
       0
       1
       0
       1
       0
       1
       1
       0
       3
       0
       0
       0
       0
       0
       0
       2
       0
       0
       0
       0
       2
       1
       0
       0
       0
       1
       0
       1
       0
       1
       0
       0
       0
       0
       0
       1
       0
       0
       0
       0
       0
       0
       1
       1
       1
       1
       0
       0
       2
       0
       0
       0
       0
       0
       1
       1
       0
       0
       0
       0
       0
       0
       0
       0
       0
       0
       0
       0
       0
       1
       0
       0
       0
       1
       0
       1
       0
       2
       0
       1
       0
       0
       1
       0
       0
       0
       0
       2
       0
       0
       0
       0
       0
       0
       1
       1
       0
       2
       1
       0
       0
       0
       0
       1
       0
       0
       0
       1
       0
       0
       1
       2
       0
       0
       0
       0
       0
       1
       1
       1
       0
       0
       0
       0
       0
       0
       0
       1
       1
       0
       0
       0
       1
       1
       0
       0
       1
       0
       0
       0
       2
       1
       0
       1
       0
       0
       0
       0
       0
       0
       1
       0
       0
       0
       0
       1
       0
       0
       0
       0
       0
       0
       0
       0
       0
       0
       0
       0
       0
       0
       1
       0
       0
       1
       0
       0
       0
       0
       2
       0
       0
       1
       0
       0
       0
       0
       2
       1
       0
       0
       0
       1
       0
       0
       1
       0
       0
       0
       1
       1
       0
       0
       1
       0
       0
       0
       0
       0
       0
       1
       1
       0
       2
       0
       0
       0
       2
       1
       0
       0
       0
       0
       0
       0
       1
       0
       0
       1
       1
       2
       0
       2
       1
       0
       0
       0
       1
       0
       0
       0
       0
       1
       0
       0
       0
       1
       2
       0
       0
       0
       0
       1
       0
       0
       0
       1
       0
       0
       1
       1
       0
       1
       1
       0
       0
       1
       0
       1
       0
       1
       0
       0
       0
       0
       1
       0
       0
       1
       1
       0
       0
       0
       0
       0
       1
       0
       0
       0
       0
       2
       1
       0
       0
       0
       0
       1
       1
       0
       1
       0
       0
       0
       0
       0
       0
       0
       0
       1
       0
       1
       0
       1
       0
       0
       0
       1
       0
       0
       0
       0
       0
       0
       0
       0
       0
       1
       1
       0
       0
       0
       0
       0
       1
       0
       0
       1
       0
       0
       1
       0
       0
       0
       0
       1
       0
       0
       1
       0
       0
       0
       0
       0
       0
       0
       0
       0
       1
       0
       0
       1
       0
       0
       0
       0
       0
       0
       1
       0
       0
       0
       0
       0
       1
       1
       0
       1
       0
       0
       0
       0
       1
       0
       0
       0
       0
       0
       0
       0
       1
       0
       0
       0
       0
       1
       0
       0
       0
       0
       0
       1
       0
       1
       0
       1
       0
       0
       0
       1
       1
       0
       0
       0
       0
       0
       0
       0
       0
       0
       0
       1
       0
       1
       0
       0
       0
       0
       0
       1
       0
       0
       2
       1
       0
       0
       0
       0
       0
       0
       1
       0
       0
       0
       1
       0
       0
       2
       0
       0
       0
       0
       0
       1
       1
       0
       0
       2
       0
       0
       0
       0
       1
       1
       0
       0
       0
       1
       0
       0
       1
       0
       0
       1
       0
       0
       0
       0
       0
       0
       0
       0
       1
       0
       1
       0
       0
       0
       0
       0
       0
       0
       1
       0
       0
       1
       0
       0
       0
       0
       0
       0
       0
       2
       1
       0
       0
       0
       1
       0
       0
       0
       0
       0
       0
       0
       0
       1
       0
       0
       0
       1
       0
       1
       0
       0
       0
       0
       1
       0
       0
       1
       1
       0
       0
       0
       0
       0
       0
       0
       0
       1
       0
       0
       0
       0
       0
       0
       0
       1
       1
       0
       0
       0
       0
       0
       2
       0
       0
       1
       0
       0
       0
       1
       0
       1
       0
       0
       0
       0
       0
       0
       0
       0
       0
       0
       0
       0
       1
       0
       0
       0
       0
       0
       0
       0
       0
       0
       0
       1
       0
       0
       0
       0
       1
       0
       0
       0
       0
       0
       0
       0
       0
       0
       0
       0
       0
       0
       1
       0
       0
       0
       0
       0
       0
       0
       1
       0
       0
       1
       0
       0
       1
       0
       0
       0
       0
       0
       1
       0
       0
       0
       0
       1
       0
       0
       0
       0
       0
       0
       1
       0
       0
       0
       0
       0
       0
       1
       0
       0
       0
       0
       0
       0
       0
       0
       0
       0
       0
       0
       0
       0
       1
       0
       0
       0
       0
       0
       0
       0
       0
       0
       1
       0
       0
       1
       0
       0
       0
       0
       0
       0
       0
       0
       0
       0
       0
       0
       0
       0
       0
       1
       0
       0
       0
       0
       0
       0
       0
       0
       0
       0
       0
       0
       0
       0
       0
       0
       1
       0
       0
       0
       0
       0
       0
       0
       0
       0
       0
       0
       0
       0
       0
       0
       0
       1
       0
       1
       0
       0
       0
       0
       0
       0
       0
       0
       0
       0
       0
       0
       1
       0
       0
       0
       0
       0
       0
       0
       0
       0
       0
       0
       0
       0
       0
       0
       0
       0
       0
       1
       0
       0
       0
       0
       0
       0
       0
       0
       1
       0
       0
       0
       0
       0
       0
       0
       0
       0
       0
       0
       0
       0
       0
       0
       0
       0
       0
       0
       0
       0
       0
       0
       0
       0
       0
       0
       0
       0
       0
       0
       0
       1
       0
       0
       0
       0
       0
       0
       0
       0
       0
       0
       0
       0
       0
       0
       0
       0
       0
       0
       0
       0
       0
       0
       0
       0
       0
       0
       1
       1
       0
       1
       0
       0
       1
       0
       0
       0
       1
       0
       0
       0
       1
       1
       0
       0
       1
       2
       1
       1
       1
       2
       2
       4
       1
       6
       3
       6
       2
       2
       3
       4
       4
       4
       2
       3
       9
       2
       3
       4
       5
       3
       3
       5
       1
       1
       2
       0
       2
       1
       0
       1
       0
       0
       0
       1
       0
       0
       0
       0
       0
       0
       0
       0
       0
       0
       0
       0
       0
       0
       0
       0
       0
       0
       0
       0
       0
       0
       1
       0
       0
       0
       0
       0
       0
       0
       1
       0
       0
       0
       0
       0
       0
       0
       0
       0
       0
       0
       0
       0
       0
       0
       0
       0
       0
       0
       0
       0
       0
       1
       0
       1
       0
       0
       0
       0
       0
       0
       0
       0
       0
       0
       0
       0
       0
       0
       0
       1
       0
       0
       0
       0
       0
       0
       1
       0
       0
       0
       0
       1
       0
       0
       0
       0
       0
       0
       0
       0
       0
       0
       0
       0
       0
       0
       0
       0
       0
       0
       0
       0
       0
       0
       0
       0
       0
       0
       0
       0
       0
       0
       0
       0
       0
       0
       0
       0
       0
       0
       0
       0
       0
       0
       0
       0
       0
       0
       0
       0
       0
       0
       0
       0
       0
       0
       0
       0
       0
       0
       0
       0
       0
       1
       0
       0
       0
       0
       0
       0
       0
       0
       0
       0
       0
       0
       0
       0
       0
       0
       0
       0
       0
       0
       0
       0
       0
       1
       0
       0
       0
       0
       0
       1
       0
       0
       0
       0
       0
       0
       0
       1
       0
       0
       0
       0
       0
       0
       0
       0
       0
       0
       0
       0
       0
       0
       0
       0
       0
       0
       0
       0
       0
       0
       0
       0
       0
       0
       0
       0
       0
       0
       0
       0
       0
       0
       0
       0
       0
       0
       0
       1
       0
       0
       0
       0
       0
       0
       0
       0
       0
       0
       0
       0
       0
       0
       0
       0
       0
       0
       0
       0
       0
       0
       0
       0
       0
       0
       0
       0
       0
       0
       0
       0
       0
       0
       0
       0
       0
       0
       0
       0
       0
       0
       0
       0
       0
       0
       0
       0
       0
       0
       1
       0
       0
       0
       0
       0
       0
       0
       0
       0
       0
       0
       0
       0
       0
       0
       0
       0
       0
       0
       0
       0
       0
       0
       0
       0
       0
       0
       0
       0
       0
       0
       0
       0
       0
       1
       0
       0
       0
       0
       0
       0
       0
       0
       0
       0
       0
       0
       0
       0
       0
       0
       0
       0
       0
       0
       0
       0
       0
       0
       0
       0
       0
       0
       0
       0
       0
       1
       0
       0
       0
       0
       0
       0
       0
       0
       0
       0
       0
       0
       0
       0
       0
       0
       0
       0
       0
       0
       0
       0
       0
       0
       0
       0
       0
       0
       0
       0
       0
       0
       1
       0
       0
       0
       0
       0
       1
       0
       0
       0
       0
       0
       0
       0
       0
       0
       0
       0
       0
       0
       0
       0
       0
       0
       0
       0
       0
       0
       0
       0
       0
       0
       0
       0
       0
       0
       0
       0
       0
       0
       0
       0
       0
       0
       0
       0
       0
       0
       0
       0
       0
       1
       0
       0
       0
       0
       0
       0
       0
       0
       0
       0
       0
       0
       0
       0
       0
       0
       0
       0
       0
       0
       1
       0
       0
       0
       0
       0
       0
       0
       1
       0
       0
       0
       0
       0
       0
       1
       0
       0
       0
       0
       0
       0
       0
       0
       0
       0
       0
       0
       0
       0
       0
       0
       0
       0
       0
       0
       0
       0
       0
       0
       0
       1
       0
       0
       0
       0
       0
       0
       0
       0
       1
       0
       0
       0
       0
       0
       0
       0
       0
       0
       1
       0
       1
       0
       0
       0
       0
       0
       0
       0
       0
       1
       0
       0
       0
       0
       0
       0
       0
       1
       0
       0
       0
       1
       0
       0
       0
       0
       0
       0
       0
       0
       0
       0
       0
       0
       0
       0
       0
       0
       0
       0
       0
       0
       0
       0
       0
       0
       0
       0
       0
       0
       0
       0
       0
       1
       1
       0
       0
       0
       0
       2
       0
       0
       0
       0
       0
       0
       0
       0
       0
       0
       0
       0
       0
       0
       0
       0
       0
       0
       0
       0
       1
       0
       0
       0
       0
       0
       0
       0
       0
       0
       0
       0
       0
       0
       0
       0
       0
       0
       0
       0
       0
       0
       0
       0
       0
       0
       0
       0
       0
       0
       0
       0
       0
       0
       0
       0
       0
       0
       1
       0
       0
       0
       0
       0
       0
       0
       0
       0
       0
       0
       0
       0
       0
       0
       1
       0
       0
       0
       1
       0
       0
       0
       0
       0
       1
       0
       0
       0
       0
       0
       0
       0
       0
       0
       0
       0
       0
       0
       0
       0
       0
       0
       0
       0
       0
       0
       0
       0
       0
       0
       0
       0
       0
       0
       0
       0
       0
       0
       0
       0
       0
       0
       0
       0
       0
       0
       0
       0
       0
       0
       0
       0
       0
       0
       0
       0
       0
       0
       0
       0
       0
       0
       0
       0
       0
       0
       0
       0
       0
       0
       0
       0
       0
       0
       0
       0
       0
       0
       0
       0
       0
       0
       0
       0
       0
       0
       1
       0
       0
       0
       0
       0
       0
       0
       0
       0
       0
       0
       0
       0
       0
       0
       0
       0
       0
       0
       0
       0
       0
       0
       0
       0
       0
       0
       0
       0
       0
       0
       0
       0
       0
       0
       0
       0
       0
       0
       0
       0
       0
       0
       0
       0
       0
       0
       0
       0
       0
       0
       0
       0
       0
       0
       0
       0
       0
       0
       0
       0
       0
       0
       0
       0
       1
       0
       0
       0
       0
       0
       0
       0
       0
       0
       0
       0
       0
       0
       0
       0
       0
       0
       0
       0
       0
       0
       0
       0
       0
       0
       0
       0
       0
       0
       0
       0
       0
       0
       0
       0
       0
       0
       0
       0
       0
       0
       0
       1
       0
       0
       0
       0
       0
       0
       0
       0
       1
       0
       0
       0
       0
       0
       0
       0
       0
       0
       0
       0
       0
       0
       0
       0
       0
       0
       0
       0
       0
       0
       0
       0
       0
       0
       0
       0
       0
       0
       0
       0
       0
       0
       0
       0
       0
       0
       0
       1
       0
       0
       0
       0
       0
       0
       0
       0
       0
       0
       0
       0
       0
       0
       0
       2
       0
       0
       0
       0
       0
       0
       0
       0
       0
       0
       0
       0
       0
       0
       0
       0
       0
       0
       0
       0
       1
       0
       0
       0
       0
       0
       0
       0
       0
       0
       0
       0
       1
       0
       0
       0
       0
       0
       0
       0
       0
       0
       0
       0
       0
       0
       0
       0
       0
       0
       0
       0
       0
       0
       0
       0
       0
       0
       0
       0
       0
       0
       0
       0
       1
       0
       0
       0
       0
       0
       0
       0
       0
       0
       0
       0
       0
       0
       0
       0
       0
       0
       0
       0
       0
       0
       0
       0
       0
       0
       0
       0
       0
       0
       0
       0
       0
       0
       0
       0
       0
       0
       0
       0
       0
       0
       0
       1
       0
       0
       0
       0
       0
       0
       0
       0
       0
       0
       0
       0
       0
       0
       0
       0
       0
       1
       0
       0
       0
       0
       0
       0
       0
       0
       0
       1
       0
       0
       0
       0
       1
       0
       1
       0
       0
       0
       0
       0
       0
       0
       0
       1
       0
       0
       0
       0
       0
       0
       1
       0
       0
       0
       0
       0
       0
       0
       0
       0
       0
       0
       0
       0
       0
       0
       0
       0
       0
       1
       0
       0
       0
       0
       0
       0
       0
       0
       0
       0
       0
       0
       0
       0
       0
       0
       0
       0
       0
       0
       0
       0
       0
       0
       0
       0
       0
       0
       0
       0
       0
       0
       0
       0
       0
       0
       0
       0
       0
       0
       0
       0
       0
       0
       0
       0
       0
       0
       0
       0
       0
       0
       0
       0
       0
       0
       0
       0
       0
       0
       0
       0
       0
       0
       0
       0
       0
       0
       0
       0
       0
       0
       0
       0
       0
       0
       0
       0
       0
       0
       0
       0
       0
       0
       0
       0
       0
       0
       0
       0
       0
       0
       0
       0
       0
       0
       0
       0
       0
       0
       0
       0
       0
       0
       0
       0
       0
       0
       0
       0
       0
       0
       0
       0
       0
       0
       0
       0
       0
       0
       0
       0
       0
       0
       0
       0
       0
       0
       0
       0
       0
       0
       0
       0
       0
       0
       0
       0
       0
       0
       0
       0
       0
       0
       0
       0
       0
       0
       0
       0
       0
       0
       0
       0
       0
       0
       0
       0
       0
       0
       0
       0
       0
       0
       0
       0
       0
       0
       0
       0
       0
       0
       0
       0
       0
       0
       0
       0
       0
       0
       0
       0
       0
       0
       0
       0
       0
       0
       0
       0
       0
       0
       0
       0
       0
       0
       0
       0
       0
       0
       0
       0
$ROI:
19
143 159
196 212
298 314
607 627
687 707
750 770
857 879
886 908
981 1003
1652 1680
1940 1984
2242 2276
2410 2444
2714 2752
2779 2817
2910 2975
3330 3374
3517 3563
4577 4648
$PRESETS:
None
0
0
$ENER_FIT:
-0.336778 0.397148
$MCA_CAL:
3
-3.367778E-001 3.971477E-001 3.078404E-008 keV
$SHAPE_CAL:
3
2.914253E+000 2.581393E-003 6.582116E-008
