$SPEC_ID:
Pulser
$SPEC_REM:
DET# 2
DETDESC# DETECTOR 2
AP# GammaVision Version 7.01.03
$DATE_MEA:
04/19/2017 11:06:38
$MEAS_TIM:
78 82
$DATA:
0 8191
       0
       0
       0
       0
       0
       0
       0
       0
       0
       0
       0
       0
       0
       0
       0
       0
       0
       0
       0
       0
       0
       0
       0
      12
     604
     670
     374
     307
     361
     388
     508
     843
    1567
    2543
    4117
    5897
    8075
    9940
    9095
    6779
    4665
    4428
    4353
    3278
    1808
    1006
     800
     727
     578
     406
     273
     225
     219
     215
     221
     187
     229
     205
     210
     225
     221
     233
     211
     179
     206
     215
     217
     225
     188
     215
     196
     195
     211
     243
     202
     218
     199
     168
     228
     201
     217
     213
     200
     189
     199
     207
     197
     205
     206
     187
     220
     205
     215
     210
     197
     202
     198
     202
     225
     196
     204
     205
     206
     210
     238
     205
     190
     205
     180
     185
     203
     192
     180
     198
     210
     172
     216
     181
     202
     186
     228
     195
     207
     198
     212
     202
     179
     208
     173
     205
     189
     191
     218
     220
     240
     217
     208
     209
     207
     212
     223
     228
     182
     197
     181
     199
     201
     208
     235
     215
     203
     210
     213
     229
     207
     198
     208
     212
     201
     198
     202
     200
     190
     191
     225
     214
     202
     199
     206
     218
     227
     199
     223
     202
     215
     205
     186
     201
     215
     204
     192
     233
     246
     285
     296
     260
     248
     246
     305
     339
     327
     308
     222
     228
     173
     216
     189
     224
     205
     200
     196
     182
     187
     178
     182
     186
     175
     200
     166
     186
     179
     184
     234
     239
     265
     232
     220
     199
     223
     226
     212
     231
     223
     200
     192
     221
     178
     198
     199
     179
     197
     180
     191
     213
     198
     195
     197
     226
     209
     195
     207
     194
     201
     187
     222
     201
     163
     177
     178
     216
     220
     170
     191
     188
     179
     203
     216
     175
     194
     178
     199
     230
     218
     283
     279
     292
     254
     245
     196
     207
     199
     205
     218
     219
     195
     209
     195
     210
     188
     177
     198
     208
     178
     187
     210
     216
     203
     183
     199
     174
     206
     206
     225
     193
     179
     196
     202
     211
     223
     218
     179
     213
     184
     213
     194
     185
     204
     227
     228
     218
     197
     224
     230
     168
     207
     212
     184
     231
     223
     218
     196
     198
     185
     205
     194
     191
     221
     218
     201
     228
     215
     182
     196
     226
     241
     221
     187
     178
     199
     215
     218
     199
     192
     160
     201
     214
     180
     184
     219
     213
     219
     208
     210
     214
     208
     225
     213
     218
     188
     206
     207
     209
     211
     201
     211
     184
     184
     220
     212
     219
     223
     215
     211
     189
     226
     225
     225
     195
     221
     232
     212
     212
     206
     208
     220
     233
     227
     232
     224
     249
     249
     268
     233
     257
     264
     281
     285
     277
     292
     304
     315
     294
     273
     295
     287
     318
     297
     272
     256
     291
     308
     303
     310
     266
     275
     293
     293
     279
     308
     272
     285
     275
     264
     290
     274
     266
     294
     316
     296
     284
     272
     289
     310
     274
     292
     279
     283
     317
     294
     289
     290
     251
     270
     294
     275
     259
     301
     283
     273
     277
     274
     279
     283
     287
     315
     261
     295
     286
     257
     268
     278
     260
     249
     271
     272
     303
     303
     258
     263
     242
     261
     295
     280
     274
     257
     279
     258
     268
     239
     251
     268
     254
     261
     265
     282
     236
     266
     253
     292
     257
     255
     261
     247
     286
     245
     249
     276
     277
     281
     255
     296
     275
     257
     276
     272
     294
     300
     249
     304
     270
     258
     286
     295
     269
     268
     290
     305
     267
     291
     270
     257
     289
     298
     280
     290
     293
     294
     312
     256
     281
     271
     291
     286
     326
     252
     320
     287
     327
     264
     298
     293
     286
     258
     321
     298
     295
     268
     271
     260
     287
     280
     281
     286
     296
     294
     304
     321
     311
     285
     287
     299
     306
     291
     317
     306
     289
     264
     313
     305
     352
     297
     270
     324
     297
     303
     286
     330
     283
     261
     305
     315
     315
     311
     328
     303
     299
     293
     317
     295
     302
     308
     302
     285
     315
     280
     258
     268
     260
     303
     237
     258
     263
     257
     216
     231
     232
     250
     224
     246
     219
     201
     187
     229
     199
     203
     222
     196
     182
     195
     180
     200
     197
     206
     184
     182
     196
     190
     185
     180
     178
     214
     172
     171
     170
     164
     182
     165
     159
     195
     173
     177
     193
     172
     156
     171
     164
     163
     185
     144
     153
     136
     159
     168
     161
     158
     146
     162
     139
     135
     168
     142
     150
     164
     166
     162
     125
     147
     158
     130
     138
     141
     157
     139
     166
     168
     153
     155
     141
     157
     167
     157
     151
     165
     133
     142
     146
     143
     142
     128
     146
     130
     123
     143
     135
     160
     152
     136
     152
     152
     132
     150
     140
     117
     130
     138
     140
     133
     121
     167
     133
     117
     113
     119
     123
     124
     145
     114
     111
     128
     123
     147
     121
     121
     108
     133
     113
     121
     131
     108
     128
     122
     130
     128
     111
     126
     134
     127
     127
     115
     132
     109
     123
     120
     110
     147
     114
     124
     114
     109
     122
     135
     108
     126
     114
     120
     127
     114
     103
     131
     120
     126
     143
     124
     105
     115
     121
     115
     129
     119
     117
     115
     123
     115
     112
     108
     122
     129
     125
     110
     134
     101
     123
     109
     122
     129
     109
     114
      93
     129
     123
     129
     108
     115
     101
     110
     104
     101
     108
     119
      96
     118
     100
     115
     117
     115
     115
     132
     109
     127
     110
     111
     111
     114
     121
     125
     103
      90
     109
      95
     116
     118
     123
     127
     123
     116
     132
     107
     129
     101
     120
     133
     111
     111
     137
     126
     112
     114
     119
     115
     110
     124
     116
      89
     117
     115
     111
     115
     128
      85
     114
     101
     113
     108
     133
      95
     121
      87
     105
     107
     102
     119
     124
     115
     100
     115
     113
     106
      90
     111
     104
      96
      75
      77
      83
      90
      96
      88
     103
      89
      99
      83
      96
      84
     100
      83
      96
      79
      97
      91
      89
      72
      86
      86
      95
      87
      92
      97
      82
      90
      97
      93
      79
      80
      77
      74
      77
      82
      79
      77
     106
      87
      78
      84
      95
      81
      77
      70
      87
      88
      72
      64
      81
      68
      73
     102
      65
      73
      94
      78
      74
      63
      68
      74
      79
      73
      72
      84
      69
      83
      77
      72
      86
      88
     106
      76
      77
      87
      86
      74
      79
      70
      88
      72
      71
      83
      79
      92
      89
      85
      69
      89
      66
      83
      66
      76
      72
      72
      74
      76
      62
      85
      81
      75
      67
      62
      82
      67
      70
      76
      61
      76
     128
     188
     475
    1030
    2149
    3795
    5920
    8401
   10569
   11268
   10195
    7997
    5004
    2763
    1287
     519
     219
     111
      79
      76
      81
      64
      70
      68
      68
      73
      78
      64
      66
      68
      58
      72
      67
      62
      53
      67
      67
      52
      52
      40
      47
      64
      72
      68
      55
      68
      67
      73
      51
      47
      54
      63
      47
      55
      34
      58
      41
      59
      45
      48
      58
      48
      57
      45
      51
      50
      61
      41
      64
      63
      47
      53
      58
      52
      49
      45
      50
      50
      48
      48
      68
      52
      55
      59
      46
      47
      59
      41
      45
      61
      56
      42
      59
      44
      44
      43
      53
      50
      41
      48
      61
      40
      46
      59
      60
      57
      59
      52
      51
      68
      49
      45
      59
      52
      59
      43
      36
      64
      51
      45
      45
      49
      41
      61
      54
      46
      44
      49
      65
      58
      41
      58
      55
      50
      46
      45
      49
      51
      56
      52
      36
      52
      56
      53
      38
      46
      32
      50
      38
      48
      32
      42
      61
      50
      44
      45
      47
      45
      42
      43
      49
      50
      46
      48
      58
      63
      44
      50
      40
      57
      54
      49
      49
      46
      53
      45
      57
      51
      63
      51
      51
      43
      52
      53
      52
      47
      49
      34
      53
      46
      43
      54
      50
      67
      49
      62
      46
      62
      49
      52
      43
      56
      43
      47
      47
      55
      59
      59
      52
      49
      52
      50
      48
      63
      80
      84
     126
     176
     255
     372
     556
     601
     669
     670
     537
     414
     310
     189
     114
      69
      71
      39
      50
      51
      41
      47
      37
      45
      47
      48
      44
      57
      52
      36
      44
      41
      47
      46
      49
      49
      42
      47
      51
      53
      57
      51
      62
      49
      51
      52
      49
      57
      47
      56
      39
      51
      48
      46
      57
      52
      41
      54
      40
      46
      51
      37
      48
      52
      59
      46
      54
      43
      46
      38
      52
      49
      51
      57
      37
      49
      47
      44
      49
      49
      66
      44
      50
      72
      74
      77
     112
     127
     174
     214
     222
     297
     327
     403
     490
     588
     810
    1033
    1294
    1428
    1603
    1486
    1174
     890
     598
     394
     203
     128
      85
      58
      76
      99
     115
     119
     177
     168
     197
     177
     154
     121
     113
      77
      78
      52
      65
      66
      52
      68
      63
      63
      55
      66
      75
      65
      86
      91
      98
     108
     130
     133
     146
     110
     123
      84
      67
      67
      64
      63
      60
      51
      62
      55
      57
      58
      47
      46
      56
      50
      52
      52
      56
      35
      44
      50
      45
      40
      44
      45
      48
      55
      52
      47
      55
      48
      65
      45
      45
      46
      39
      65
      52
      43
      62
      48
      43
      60
      51
      54
      46
      62
      50
      66
      67
      82
      74
      72
     102
      91
      64
      72
      62
      69
      61
      58
      43
      49
      47
      51
      45
      46
      53
      51
      53
      44
      45
      44
      46
      48
      45
      46
      57
      46
      56
      60
      43
      40
      55
      58
      54
      60
      44
      49
      57
      47
      50
      57
      59
      48
      51
      53
      66
      54
      64
      60
      42
      51
      61
      45
      45
      59
      51
      51
      49
      68
      58
      50
      56
      59
      45
      51
      58
      61
      67
      47
      60
      44
      51
      52
      58
      49
      39
      62
      48
      54
      56
      56
      60
      59
      61
      62
      59
      43
      55
      62
      62
      44
      48
      63
      60
      60
      44
      50
      48
      48
      62
      66
      54
      59
      57
      56
      49
      48
      54
      51
      62
      65
      59
      60
      53
      50
      43
      71
      59
      41
      46
      60
      58
      50
      43
      58
      48
      64
      48
      44
      73
      42
      46
      58
      62
      68
      64
      56
      53
      63
      50
      54
      64
      60
      49
      52
      41
      66
      60
      46
      56
      60
      54
      56
      71
      55
      58
      70
      71
      50
      61
      52
      59
      48
      60
      48
      60
      49
      60
      60
      57
      60
      62
      66
      54
      57
      73
      74
      57
      66
      54
      66
      57
      54
      57
      75
      49
      60
      73
      55
      67
      60
      56
      64
      54
      56
      63
      57
      54
      66
      46
      63
      67
      59
      67
      53
      68
      68
      65
      54
      57
      66
      67
      55
      72
      71
      58
      56
      59
      65
      66
      57
      59
      71
      52
      65
      64
      58
      64
      68
      76
      61
      70
      65
      67
      64
      56
      63
      55
      58
      66
      63
      65
      68
      82
      59
      67
      78
      76
      75
      68
      65
      68
      69
      65
      72
      68
      68
      73
      58
      75
      69
      69
      75
      67
      70
      88
      76
      86
      81
      62
      74
      67
      75
      91
      90
      73
      69
      62
      71
      80
      80
      76
      72
      63
      81
      69
      81
      69
      75
      67
      87
      61
      83
      84
      80
      73
      71
      75
      73
      75
      69
      77
      74
      83
      81
      71
      81
      75
      95
      78
      65
      83
      74
      81
      63
      93
      81
      85
      87
      75
      85
      82
      86
      84
      71
      85
      77
      78
      73
      66
      77
      72
      76
      76
      80
      73
      83
      75
      75
      82
      89
      85
      85
      76
      87
      85
      88
      79
      81
      71
      77
      79
      83
      97
     101
      72
      76
      66
      82
      71
      70
      77
     101
      68
      86
      87
      74
      69
      79
      71
      58
      65
      74
      70
      60
      77
      47
      64
      42
      58
      58
      58
      71
      59
      59
      61
      48
      51
      74
      58
      61
      49
      55
      59
      46
      46
      49
      52
      33
      57
      56
      60
      58
      50
      36
      50
      44
      48
      50
      45
      63
      44
      50
      40
      44
      35
      51
      58
      40
      48
      48
      49
      64
      47
      37
      55
      48
      47
      37
      43
      58
      42
      54
      41
      44
      57
      55
      51
      37
      45
      39
      52
      39
      50
      39
      41
      51
      46
      46
      46
      53
      38
      56
      50
      43
      53
      41
      35
      43
      37
      35
      39
      36
      46
      55
      42
      34
      48
      39
      30
      35
      45
      56
      31
      35
      39
      40
      39
      37
      40
      43
      45
      46
      50
      41
      40
      35
      39
      36
      28
      42
      43
      39
      46
      42
      39
      30
      47
      33
      45
      29
      29
      36
      35
      29
      38
      44
      40
      36
      43
      43
      34
      31
      31
      37
      40
      22
      38
      35
      28
      25
      27
      31
      31
      35
      30
      25
      29
      26
      31
      33
      41
      37
      33
      44
      33
      28
      37
      33
      33
      29
      32
      26
      33
      26
      29
      36
      31
      31
      34
      37
      29
      26
      28
      25
      35
      32
      37
      35
      30
      19
      33
      35
      30
      28
      26
      21
      32
      26
      24
      25
      31
      31
      26
      29
      36
      34
      28
      25
      28
      33
      25
      26
      21
      29
      28
      25
      31
      31
      32
      27
      24
      30
      22
       8
      16
      25
      27
      28
      19
      28
      26
      32
      22
      15
      15
      20
      12
      28
      19
      23
      24
      34
      23
      29
      23
      19
      15
      23
      18
      21
      27
      26
      18
      26
      27
      15
      21
      22
      18
      23
      17
      17
      17
      29
      15
      16
      17
      27
      18
      14
      21
      25
      23
      22
      17
      21
      15
      23
      21
      29
      26
      32
      37
      35
      48
      37
      40
      35
      49
      38
      36
      30
      43
      32
      30
      25
      35
      27
      20
      14
      18
      19
      25
      18
      13
      17
      17
      19
      26
      19
      15
      18
      27
      32
      13
      10
      16
      24
      27
      15
      24
      23
      18
      24
      32
      25
      17
      22
      19
      25
      19
      20
      26
      17
      16
      24
      13
      16
      24
      27
      22
      17
      16
      12
      10
      29
      15
      21
      12
      18
      15
      16
      20
      18
      26
      24
      19
      19
      15
      18
      17
      20
      23
      18
      17
      18
      15
      20
      19
      18
      18
      17
      21
      15
      18
      23
      24
      11
      23
      27
      15
      19
      20
      22
      21
      32
      18
      21
      14
      14
      15
      15
      13
      13
      14
      23
      21
      16
      19
      16
      20
      15
      19
      17
      14
      18
      18
      24
      18
      14
      14
      24
      13
      24
      18
      21
      19
      15
      17
      15
      16
      19
      13
      19
      19
      16
      15
      12
      13
      22
      14
      18
      23
      22
      16
      14
      18
      17
       9
      25
      19
      14
      20
      16
      21
      15
       2
      28
      20
      19
      14
      20
      22
      24
      23
      24
      25
      20
      27
      20
      27
      28
      19
      19
      18
      18
      28
      18
      18
      27
      21
      26
      17
      21
      20
      11
      16
      25
      25
      24
      17
      20
      24
      20
      40
      42
      61
      79
     119
     144
     217
     302
     412
     537
     691
     957
    1222
    1450
    1698
    1893
    2025
    2026
    1988
    1691
    1493
    1033
     739
     533
     329
     217
     173
      76
      59
      40
      26
      28
      13
      26
      25
      32
      12
      21
      19
      25
      23
      26
      33
      22
      29
      32
      27
      37
      69
      65
      49
      50
      47
      64
      63
      71
      40
      33
      42
      38
      18
      27
      17
      26
      16
      17
      28
      13
      16
      13
      18
      11
      23
      15
      17
      24
      14
      16
      18
      14
      15
      19
      12
       8
      17
      16
      12
      15
      22
      11
      22
      24
      11
      14
      18
      22
      22
      25
      29
      33
      35
      43
      51
      61
      54
      89
      89
      88
      94
      94
      87
     110
      82
      53
      46
      44
      35
      18
      18
      24
      19
      15
      22
      12
      20
      11
      15
      21
      15
      17
      16
      16
      18
      14
      15
      26
      15
      11
      18
      21
      15
      17
      15
      18
      13
      16
      12
      19
      16
      15
      15
      17
      15
      25
      15
      14
      21
      18
      12
      18
      25
      19
      13
      17
      11
      18
      17
      17
      18
      19
      25
      16
      19
      12
      15
      24
      17
      17
      12
      14
      15
      16
      14
      18
      23
      17
      17
      16
      17
      16
      19
      13
      19
      17
      17
      17
      25
      15
      18
      19
      17
      10
      10
      12
      13
      14
      12
      14
      17
      10
      13
      19
      15
      10
      18
      15
      12
       7
      13
      15
      11
      16
      19
      17
      16
      12
      15
      13
      18
      22
      20
      14
       9
      19
      12
      21
      12
      21
      16
      17
      20
      14
      16
      15
      20
      16
      12
      15
      22
      22
      14
      11
      14
      13
      12
      16
      12
       5
      15
      14
      21
      20
      12
      12
       9
      14
      21
      20
      26
      16
      19
      14
      17
      19
      25
      10
      16
      18
      14
      20
      24
      15
      11
      16
       7
      13
      23
      15
      12
      15
      20
      16
      15
      14
      17
      16
      19
      14
      12
      12
       7
      11
      19
      11
       9
      19
      18
      17
      14
      20
      20
      18
      18
      13
      21
      19
      16
      14
      14
      17
      18
      17
      15
      17
      16
      12
      19
      13
      21
       9
      14
      14
      13
       7
       9
      19
      15
      14
      14
      19
      23
      17
      12
      19
      17
      18
      29
      15
      16
      15
      15
      16
      19
      17
      15
      18
      17
      15
      17
      12
      19
      18
      14
      18
      18
      15
      15
      17
      18
      21
      15
      12
      21
      16
      21
      19
       6
      12
      24
      16
      19
      20
      13
      20
      14
      13
       8
      22
      20
      22
      16
      14
      17
      12
      17
      16
      14
      13
      15
      18
      17
      13
      16
      17
       7
      18
      13
      11
      15
      14
      20
      20
      13
      21
      12
      10
      15
      13
      27
      15
      11
      15
      18
      12
      21
      16
      13
      27
      16
      16
      20
      18
      16
      19
      16
      14
      23
      12
      20
      17
      10
      11
      12
      11
      19
      18
      10
      16
      19
      10
      16
      18
      17
      17
      17
      23
      17
      13
      24
      12
       9
      12
      13
      13
      17
      13
      14
      14
      21
      13
      13
      17
      14
      18
      13
      18
      16
      20
      16
      18
      19
      20
      10
      19
      17
      18
      11
      19
      11
      19
      17
      18
      23
      26
      16
      24
      16
      22
      18
      17
      18
      24
      15
      16
      22
      11
      19
      17
      13
      11
      20
      21
      19
      16
      21
      20
      12
      17
      18
      17
      18
      15
      13
      14
      17
      19
      14
      17
      16
      18
      17
      17
      22
      15
      14
      14
      11
      17
      18
      18
      18
      10
      14
      17
      18
      14
      19
      15
      14
      17
      12
      15
      22
      15
      19
      15
      16
      13
      17
      12
      18
      16
      19
      14
      14
      17
      16
      22
      16
      12
      21
      20
      19
      14
      23
      16
      21
      17
      13
      16
      16
      12
      17
      25
      20
      22
      19
      17
      18
      16
      19
      15
      16
      13
      16
      22
      25
      18
      21
      25
      14
      14
      16
      17
      27
      21
      15
      18
      14
      13
      16
      18
      21
      16
      13
      20
      20
      19
      17
      10
      24
      15
      19
      17
      19
      15
      20
      12
      16
      15
      18
      22
      27
       9
      22
      18
      12
      15
      16
      19
      18
      16
      21
      15
      22
      14
      14
      15
      15
      23
      21
      18
      13
      15
      12
      10
      18
      22
      17
      13
       6
      22
      16
      16
      11
      13
      15
      17
      15
      17
      13
      19
      15
      15
      23
      19
      19
      23
      16
      19
      20
      12
      11
      16
      16
      15
      19
      16
      19
      17
      15
      21
      18
      17
      14
      19
      17
      15
      19
      19
      16
      17
      12
      13
      18
      15
      16
      18
      28
      23
      12
      14
      19
      22
      16
      12
      14
      19
      14
      15
      15
      12
       8
      24
       9
      18
      18
      18
      14
      15
      24
      10
      11
      15
      17
      11
      18
      16
      16
      14
      16
      17
      17
      16
      17
      18
      14
      13
      14
      12
      25
      25
      20
      13
      19
      14
      14
      17
      18
      13
      13
      15
      12
      15
      18
      13
      17
      17
       9
      17
      21
      19
      22
      25
      21
      18
      24
      27
      20
      14
      18
      16
      20
      23
      23
      27
      26
      32
      36
      26
      34
      33
      24
      24
      22
      24
      19
      14
      19
      19
      26
      21
      15
      12
      13
      15
      13
      13
      22
      13
      17
      13
      20
      13
      11
      11
      20
      19
      12
      20
      14
      10
      15
      19
      13
      20
      19
      15
      25
      16
      16
      15
      15
      17
      15
      16
      19
      10
      21
      11
      19
      22
      10
      12
      20
      13
      13
      18
       7
      20
      14
      14
      12
      25
      17
      12
      12
      18
      14
      10
      16
       9
      17
      15
      19
      18
      17
      15
      15
      14
      23
      14
      12
       7
      15
      15
      13
      18
      20
       9
      14
      11
      21
      21
      15
      23
      14
       8
      16
      13
      15
      18
      17
      19
      12
      13
      20
      17
      22
      19
      18
      11
      17
      11
      16
      15
      23
      13
      16
      18
       8
      14
      14
      12
      19
      20
      15
      13
      16
      21
      21
      13
      20
      23
      21
      19
      13
      12
      22
      22
      20
      17
      14
      15
      13
      16
      19
      16
      12
      16
      15
      24
      14
      10
      15
      17
      11
      13
      20
      19
      15
      27
      22
      24
      16
      19
      17
      23
      35
      27
      38
      32
      44
      34
      40
      45
      47
      35
      36
      43
      31
      30
      22
      24
      21
      28
      20
      20
      17
      15
      17
      15
      21
      16
      22
      15
      21
       8
       8
      24
      17
      14
      24
      13
      16
      16
      12
      13
      19
      19
      21
      17
      11
      17
      26
      13
      25
      25
      15
      19
      22
      22
      19
      16
      15
      15
      22
      13
      17
      29
      22
      16
      13
      18
      16
      21
      14
      21
      12
      19
      16
      21
      17
      19
      13
      23
      10
      11
      15
      24
      11
      21
      27
      17
      13
      24
      15
      12
      14
      22
      12
      13
      19
      13
      20
      19
      16
      15
      10
      13
      14
      25
      19
      25
      12
      20
      24
      13
      24
      20
      12
      21
      15
      25
      20
      22
      18
      31
      28
      24
      23
      19
      37
      39
      31
      38
      51
      32
      33
      48
      44
      53
      59
      37
      39
      30
      33
      34
      28
      39
      29
      21
      25
      30
      16
      19
      18
      19
      18
      15
      16
      21
      16
      17
      16
      18
      15
      16
      22
      14
      16
      16
      18
      15
      21
      25
      21
      17
      15
      18
      20
      18
      16
      14
      25
      20
      20
      19
      10
      20
      23
      19
      20
      19
      22
      30
      25
      17
      18
      24
      18
      22
      14
      15
      18
      17
      25
      22
      16
      16
      23
      17
      16
      14
      24
      21
      23
      19
      17
      19
      21
      16
      23
      21
      18
      18
      25
      17
      23
      18
      18
      25
      16
      17
      22
      25
      17
      20
      15
      24
      12
      21
      15
      22
      11
      19
      21
      21
      21
      14
      16
      21
      20
      22
      22
      26
      15
      25
      19
      14
      15
      14
      20
      25
      23
      20
      23
      20
      28
      20
      19
      21
      18
      16
       8
      21
      16
      15
      13
      17
      25
      18
      10
      22
      25
      20
      15
      19
      15
      16
      21
      12
      13
      19
      29
      18
      22
      17
      18
      21
      19
      20
      24
      33
      21
      21
      22
      27
      16
      14
      22
      24
      24
      20
      15
      17
      17
      19
      22
      23
      27
      20
      18
      27
      25
      16
      20
      22
      17
      23
      16
      22
      24
      28
      18
      11
      21
      21
      21
      21
      26
      20
      26
      26
      23
      25
      18
      23
      14
      12
      18
      19
      21
      20
      18
      30
      20
      14
      27
      19
      24
      25
      19
      33
      18
      23
      18
      28
      20
      26
      28
      16
      30
      26
      22
      20
      25
      26
      23
      25
      29
      14
      20
      17
      26
      21
      22
      27
      31
      17
      21
      22
      14
      19
      23
      17
      19
      26
      34
      35
      21
      29
      23
      21
      23
      16
      16
      27
      23
      18
      21
      20
      26
      28
      14
      17
      22
      18
      21
      16
      25
      28
      29
      24
      26
      25
      22
      28
      26
      37
      19
      24
      21
      25
      26
      29
      19
      36
      17
      21
      21
      22
      24
      29
      24
      23
      24
      25
      19
      18
      25
      25
      21
      26
      28
      22
      25
      22
      23
      22
      23
      16
      23
      21
      18
      20
      26
      40
      26
      22
      12
      20
      25
      22
      27
      36
      23
      30
      31
      16
      21
      17
      23
      24
      26
      22
      26
      26
      20
      16
      29
      23
      17
      17
      26
      18
      24
      19
      32
      26
      25
      21
      15
      27
      18
      25
      18
      17
      20
      23
      12
      16
      27
      17
      23
      23
      29
      27
      17
      25
      23
      19
      19
      17
      29
      17
      20
      28
      22
      17
      17
      22
      22
      23
      27
      21
      17
      21
      11
      31
      25
      24
      31
      17
      25
      32
      26
      24
      11
      24
      19
      16
      16
      29
      29
      21
      34
      29
      21
      23
      23
      30
      27
      32
      23
      24
      20
      36
      32
      31
      28
      29
      25
      23
      30
      29
      26
      21
      17
      23
      27
      25
      23
      31
      21
      29
      26
      25
      35
      25
      24
      27
      28
      27
      28
      29
      19
      24
      26
      39
      25
      32
      19
      23
      34
      25
      24
      41
      27
      22
      26
      31
      28
      20
      25
      40
      23
      23
      30
      14
      32
      28
      26
      37
      26
      25
      29
      24
      28
      24
      27
      32
      26
      42
      23
      34
      22
      31
      25
      34
      30
      21
      28
      28
      27
      29
      25
      30
      30
      20
      32
      30
      30
      32
      32
      29
      34
      34
      27
      44
      26
      25
      25
      20
      27
      23
      28
      25
      37
      39
      36
      30
      32
      25
      35
      32
      28
      23
      26
      31
      28
      31
      23
      26
      22
      22
      27
      29
      25
      39
      25
      25
      28
      33
      37
      28
      28
      38
      33
      36
      26
      27
      33
      36
      35
      22
      25
      27
      19
      39
      32
      29
      36
      34
      35
      28
      36
      37
      29
      24
      31
      42
      26
      34
      27
      26
      34
      38
      22
      35
      31
      26
      53
      43
      36
      35
      24
      41
      31
      31
      28
      36
      31
      33
      35
      31
      45
      44
      42
      32
      30
      44
      32
      41
      35
      33
      35
      27
      36
      36
      41
      32
      34
      40
      24
      38
      48
      37
      32
      39
      39
      44
      32
      37
      30
      36
      31
      31
      27
      39
      41
      42
      47
      39
      24
      33
      31
      26
      30
      33
      39
      39
      38
      25
      46
      35
      33
      29
      30
      46
      46
      38
      38
      34
      45
      32
      32
      43
      43
      44
      50
      45
      35
      45
      53
      32
      44
      41
      40
      45
      34
      30
      40
      46
      38
      41
      42
      43
      37
      39
      37
      38
      37
      39
      41
      47
      39
      31
      30
      35
      21
      41
      50
      38
      44
      49
      35
      41
      35
      33
      43
      32
      29
      33
      28
      35
      35
      42
      36
      30
      39
      39
      37
      34
      42
      38
      28
      28
      27
      28
      32
      38
      27
      23
      28
      24
      28
      32
      37
      22
      31
      19
      31
      22
      22
      30
      16
      25
      29
      35
      23
      22
      26
      24
      21
      23
      25
      35
      18
      24
      17
      23
      13
      29
      19
      25
      16
      33
      19
      21
      19
      28
      21
      20
      25
      18
      15
      28
      31
      19
      22
      29
      21
      22
      19
      23
      22
      28
      19
      27
      18
      24
      26
      25
      16
      23
      20
      24
      22
      18
      22
      17
      16
      24
      22
      24
      24
      27
      22
      29
      21
      12
      31
      25
      10
      28
      19
      15
      22
      18
      23
      15
      29
      20
      24
      25
      25
      21
      20
      16
      25
      15
      28
      23
      23
      17
      19
      26
      18
      20
      16
      13
      25
      26
      19
      15
      20
      21
      20
      16
      16
      18
      18
      17
      24
      26
      22
      21
      15
      26
      14
      17
      26
      17
      14
      29
      21
      14
      18
      18
      15
      19
      22
      16
      18
      11
      16
      11
      24
      27
      16
      15
      16
      19
      14
      19
      12
      25
      13
      20
       9
      15
      27
      16
      19
      10
      16
      18
      22
       9
      16
      20
      19
      12
       8
      15
      16
      23
      11
      12
      19
      17
      20
      15
      12
      13
      17
      20
       9
      18
      16
      18
      10
      13
       9
      19
      11
      16
      14
      11
      15
      15
      19
      18
      13
      10
      17
      13
       4
      12
       6
      16
      15
      11
      13
      18
      17
       8
      18
      19
      17
      18
       8
      14
       9
      15
      10
       8
      14
       8
      12
      16
      15
      17
      14
      13
       8
      14
       8
      10
       9
      12
      10
       8
      12
      15
      11
       8
       9
       9
       7
       6
      17
      10
      13
      12
      12
       7
       9
      16
      14
       5
       9
      13
       7
      10
       6
      15
       7
      11
      12
       9
       6
       7
       7
      10
       8
       4
      12
       7
       8
       8
       9
       7
      10
       5
       8
      15
      12
      10
       8
       7
       8
       7
       7
       7
       8
      12
       6
       7
       7
       6
       8
      11
       2
       6
       7
       1
       4
       7
       6
      10
       5
       2
       3
       2
       4
      11
       5
       5
       7
       4
       7
       0
       6
       5
       4
       2
       4
       3
       9
       3
       4
       5
       7
       3
       5
       3
       4
       2
       8
       5
       5
       7
       4
       4
       5
       1
      10
       3
       4
       4
       7
       6
       2
       5
       2
       3
       8
       8
       6
       9
       4
       8
       2
       9
       5
       4
       8
       3
       5
       9
       6
       5
       7
       3
       5
       4
       5
       5
       5
       4
       5
       6
       3
       7
       4
       5
       4
       5
       5
       4
       4
       6
       5
       5
       4
       2
       4
       3
       6
       9
       4
       4
       4
       9
       6
       4
       6
       6
       7
       3
       6
       5
       9
       4
       3
       5
       6
       4
       2
       3
       6
       7
       5
       2
       2
       4
       6
       4
       8
       5
       7
       5
      10
       4
       6
       3
       2
       6
       8
       3
       6
       3
       5
       3
       4
       4
       5
       5
       7
       4
       4
       3
       7
       3
       3
       3
       2
       4
       6
       5
       2
       3
       7
       5
       1
       3
       2
       6
       2
       3
       6
       6
       6
       5
       6
       8
       6
       5
       3
       5
       2
       7
       5
       2
       2
       7
       4
       6
       6
       3
       7
       5
       3
       6
       5
       5
       3
       4
       5
      10
       1
       2
       4
       8
       8
       6
       5
       3
       6
       4
       7
       7
       5
       3
       7
       4
       9
       6
       6
       6
       5
       5
       8
       6
       9
       9
      14
      14
      18
      22
      25
      36
      52
      40
      58
      58
      81
      97
     108
     102
     119
     126
     167
     191
     198
     271
     340
     359
     429
     421
     488
     524
     557
     575
     569
     583
     638
     667
     676
     677
     613
     560
     481
     381
     280
     229
     180
     160
     109
     109
      95
      79
      65
      46
      31
      14
       6
       8
      10
      10
      15
      15
      15
       8
      21
      10
      13
      15
      22
      15
      20
      24
      18
      27
      16
      20
      25
      27
      12
      15
      10
      11
      10
       7
       8
       1
      11
       4
       5
       4
       6
       8
       5
       5
       4
       4
       4
       3
       0
       1
       4
       5
       2
       2
       4
       2
       0
       9
       4
       1
       3
       2
       2
       4
       3
       1
       4
       4
       2
       0
       3
       1
       3
       4
       5
       2
       2
       5
       5
       3
       3
       1
       1
       4
       5
       1
       1
       4
       5
       3
       0
       4
       3
       5
       2
       1
       5
       0
       1
       2
       0
       6
       5
       3
       0
       3
       2
       1
       4
       5
       2
       0
       4
       3
       0
       3
       2
       6
       6
       4
       1
       5
       2
       2
       4
       4
       2
       1
       4
       2
       2
       5
       2
       5
       1
       5
       3
       4
       1
       1
       2
       3
       5
       1
       4
       3
       0
       0
       2
       5
       0
       4
       3
       1
       5
       3
       4
       3
       3
       3
       3
       4
       0
       1
       1
       2
       6
       1
       2
       2
       3
       3
       3
       3
       2
       0
       1
       3
       1
       4
       6
       3
       3
       3
       1
       0
       1
       2
       4
       1
       1
       2
       1
       0
       1
       2
       6
       1
       2
       3
       4
       1
       1
       6
       2
       0
       0
       5
       3
       2
       5
       4
       3
       2
       3
       9
       1
       1
       0
       2
       3
       2
       4
       5
       4
       3
       0
       3
       3
       1
       1
       7
       3
       1
       5
       1
       4
       7
       2
       1
       6
       3
       2
       3
       2
       4
       3
       2
       0
       3
       0
       2
       5
       2
       2
       3
       3
       3
       2
       4
       5
       3
       0
       3
       0
       0
       2
       5
       2
       3
       3
       5
       2
       3
       3
       3
       1
       2
       3
       1
       4
       4
       2
       3
       2
       2
       1
       1
       3
       2
       3
       2
       3
       3
       3
       0
       5
       3
       2
       1
       2
       5
       1
       1
       3
       4
       2
       3
       2
       4
       3
       4
       3
       2
       4
       2
       4
       3
       3
       4
       3
       4
       0
       3
       3
       2
       2
       2
       1
       2
       3
       4
       4
       1
       2
       3
       5
       1
       1
       2
       4
       3
       6
       2
       3
       3
       6
       2
       1
       0
       1
       0
       3
       2
       2
       5
       3
       2
       3
       1
       3
       3
       2
       4
       0
       1
       7
       1
       3
       5
       2
       2
       4
       2
       1
       1
       3
       2
       2
       5
       2
       3
       3
       0
       5
       1
       4
       3
       2
       2
       1
       0
       3
       3
       1
       5
       1
       4
       1
       2
       1
       4
       3
       2
       3
       4
       2
       1
       2
       2
       5
       2
       3
       2
       2
       2
       1
       4
       2
       1
       5
       1
       2
       6
       1
       4
       1
       1
       4
       1
       3
       1
       1
       1
       2
       2
       0
       2
       2
       6
       2
       5
       1
       6
       1
       0
       5
       2
       2
       5
       1
       2
       1
       1
       0
       0
       1
       2
       3
       3
       3
       2
       2
       6
       5
       4
       3
       0
       3
       3
       3
       2
       2
       2
       1
       1
       1
       4
       2
       0
       2
       3
       7
       2
       1
       4
       2
       2
       1
       3
       3
       4
       2
       3
       1
       4
       1
       1
       1
       2
       3
       0
       4
       3
       4
       2
       1
       2
       1
       5
       2
       3
       2
       3
       4
       4
       2
       1
       3
       2
       5
       4
       7
       4
       4
       2
       1
       5
       1
       3
       5
       2
       1
       4
       5
       6
       4
       3
       1
       2
       2
       2
       2
       2
       2
       5
       5
       4
       2
       3
       2
       3
       0
       4
       3
       3
       1
       0
       5
       2
       2
       5
       1
       2
       2
       1
       1
       2
       2
       2
       2
       2
       2
       4
       3
       0
       1
       5
       3
       3
       4
       2
       1
       4
       3
       4
       1
       2
       2
       2
       4
       2
       2
       0
       6
       0
       1
       2
       2
       3
       1
       3
       4
       1
       1
       3
       6
       2
       1
       2
       2
       2
       1
       1
       2
       4
       5
       5
       4
       2
       2
       3
       4
       1
       4
       4
       2
       5
       1
       4
       1
       3
       2
       2
       3
       0
       1
       1
       1
       1
       3
       3
       3
       5
       2
       2
       1
       4
       1
       1
       0
       2
       6
       2
       3
       1
       3
       2
       1
       4
       1
       1
       5
       4
       2
       0
       1
       0
       3
       0
       1
       1
       5
       3
       4
       1
       1
       1
       0
       4
       2
       2
       1
       5
       1
       0
       4
       4
       4
       0
       3
       1
       3
       1
       4
       3
       0
       2
       4
       2
       3
       0
       1
       1
       1
       2
       0
       3
       2
       1
       2
       2
       3
       0
       3
       1
       2
       3
       3
       3
       2
       4
       2
       2
       2
       1
       5
       2
       2
       2
       1
       1
       2
       0
       1
       2
       1
       1
       2
       2
       1
       3
       3
       4
       5
       3
       4
       2
       0
       1
       3
       3
       0
       1
       2
       3
       1
       1
       5
       1
       0
       2
       1
       2
       1
       2
       4
       3
       0
       3
       1
       4
       5
       1
       4
       2
       3
       1
       1
       6
       3
       2
       0
       4
       5
       2
       1
       2
       2
       0
       1
       0
       2
       2
       4
       1
       4
       1
       1
       4
       1
       3
       0
       0
       4
       0
       5
       2
       5
       1
       2
       1
       2
       0
       2
       3
       1
       0
       2
       2
       3
       0
       3
       2
       0
       3
       5
       1
       1
       2
       3
       2
       6
       5
       3
       3
       1
       2
       3
       1
       1
       1
       2
       4
       2
       0
       1
       2
       7
       4
       5
       3
       2
       2
       0
       2
       3
       0
       5
       0
       2
       2
       4
       5
       4
       3
       5
       4
       2
       1
       3
       3
       2
       3
       2
       2
       1
       3
       1
       1
       4
       2
       3
       3
       0
       0
       3
       1
       3
       1
       1
       2
       1
       0
       1
       1
       2
       2
       1
       0
       2
       3
       3
       2
       1
       1
       2
       2
       1
       1
       2
       1
       1
       4
       2
       1
       4
       6
       0
       3
       3
       2
       3
       1
       2
       3
       1
       0
       7
       2
       0
       2
       4
       3
       1
       1
       3
       1
       4
       0
       5
       7
       3
       3
       4
       2
       4
       3
       1
       0
       3
       3
       4
       2
       4
       4
       3
       5
       7
       7
       3
       5
       3
       0
       3
       1
       3
       2
       6
       1
       3
       1
       0
       2
       1
       3
       4
       5
       1
       2
       0
       3
       2
       3
       2
       1
       3
       2
       2
       2
       2
       3
       1
       2
       4
       0
       3
       2
       1
       3
       5
       2
       0
       4
       4
       3
       3
       1
       1
       3
       1
       2
       0
       1
       2
       1
       3
       5
       1
       1
       2
       3
       0
       2
       1
       2
       1
       1
       0
       0
       1
       3
       1
       2
       0
       2
       1
       1
       0
       0
       1
       3
       1
       3
       1
       2
       1
       3
       2
       2
       6
       1
       4
       3
       2
       1
       2
       1
       3
       1
       4
       2
       1
       2
       2
       3
       1
       1
       1
       1
       1
       2
       3
       3
       1
       0
       4
       1
       1
       2
       2
       2
       1
       2
       1
       1
       3
       2
       0
       2
       1
       1
       1
       2
       4
       3
       0
       1
       2
       1
       4
       4
       2
       2
       4
       3
       3
       1
       2
       2
       0
       4
       1
       2
       1
       1
       3
       2
       2
       4
       2
       1
       5
       2
       2
       1
       0
       1
       2
       1
       1
       0
       0
       0
       2
       2
       1
       3
       1
       1
       3
       4
       4
       0
       3
       1
       0
       3
       2
       1
       4
       1
       7
       2
       1
       1
       2
       1
       1
       3
       2
       2
       1
       0
       1
       4
       2
       1
       2
       1
       3
       1
       1
       4
       0
       2
       1
       2
       3
       2
       2
       4
       1
       3
       2
       2
       3
       5
       1
       0
       1
       4
       0
       1
       2
       0
       2
       1
       0
       0
       4
       0
       2
       5
       2
       5
       0
       2
       1
       1
       1
       0
       0
       1
       3
       1
       0
       1
       4
       0
       1
       3
       1
       1
       1
       1
       1
       4
       0
       1
       1
       0
       0
       0
       2
       1
       1
       2
       1
       4
       3
       4
       1
       1
       1
       1
       1
       3
       2
       1
       0
       1
       1
       5
       1
       2
       2
       1
       2
       0
       1
       3
       2
       2
       1
       2
       3
       2
       4
       3
       2
       0
       1
       5
       3
       1
       0
       2
       2
       2
       3
       4
       3
       4
       0
       1
       0
       1
       2
       1
       3
       1
       2
       0
       1
       2
       1
       3
       4
       0
       4
       1
       1
       1
       1
       3
       4
       1
       3
       3
       1
       2
       0
       0
       2
       1
       0
       3
       1
       4
       0
       0
       2
       0
       4
       0
       2
       2
       3
       4
       1
       4
       2
       0
       0
       0
       3
       1
       3
       4
       1
       2
       0
       4
       1
       3
       1
       0
       3
       2
       1
       0
       3
       2
       1
       1
       0
       0
       0
       0
       2
       1
       4
       2
       2
       0
       2
       2
       0
       1
       0
       0
       1
       1
       4
       3
       1
       0
       2
       2
       0
       1
       3
       4
       0
       2
       1
       1
       1
       2
       5
       2
       2
       0
       2
       4
       4
       0
       0
       0
       1
       4
       1
       2
       1
       2
       0
       0
       3
       4
       1
       1
       1
       1
       3
       1
       0
       1
       3
       2
       0
       4
       0
       1
       2
       2
       2
       4
       2
       3
       1
       2
       3
       2
       2
       3
       2
       1
       0
       4
       1
       1
       3
       3
       1
       1
       3
       4
       1
       2
       2
       3
       0
       4
       2
       2
       1
       1
       1
       0
       4
       1
       2
       3
       3
       5
       2
       3
       1
       1
       1
       3
       4
       4
       2
       2
       2
       0
       3
       0
       1
       4
       1
       1
       2
       0
       3
       2
       0
       4
       2
       1
       5
       1
       1
       1
       1
       2
       1
       0
       2
       0
       1
       1
       3
       1
       2
       1
       2
       0
       3
       4
       2
       0
       1
       0
       1
       1
       2
       2
       3
       1
       3
       2
       2
       3
       2
       2
       0
       2
       1
       1
       2
       3
       3
       2
       2
       0
       1
       1
       1
       4
       2
       1
       2
       1
       2
       1
       2
       0
       4
       3
       1
       0
       4
       0
       4
       1
       1
       1
       1
       3
       3
       2
       3
       0
       1
       0
       0
       1
       3
       1
       1
       4
       4
       3
       0
       1
       1
       1
       2
       2
       2
       4
       4
       1
       1
       1
       4
       1
       2
       0
       0
       0
       2
       0
       4
       2
       4
       0
       1
       2
       0
       2
       2
       0
       3
       1
       1
       0
       4
       0
       0
       0
       1
       1
       2
       1
       2
       0
       3
       3
       3
       3
       7
       3
       0
       2
       4
       1
       0
       2
       1
       0
       3
       4
       0
       2
       5
       3
       1
       3
       3
       4
       1
       3
       5
       2
       2
       5
       1
       4
       1
       2
       0
       2
       6
       1
       5
       2
       1
       0
       0
       2
       4
       3
       1
       2
       2
       1
       4
       1
       3
       5
       0
       2
       2
       1
       4
       1
       2
       3
       2
       1
       2
       1
       2
       1
       4
       2
       2
       3
       1
       1
       1
       1
       0
       3
       3
       2
       1
       1
       1
       1
       3
       2
       0
       5
       2
       3
       3
       1
       1
       1
       2
       1
       2
       1
       2
       2
       3
       2
       4
       0
       1
       5
       4
       2
       2
       0
       1
       3
       3
       1
       0
       1
       4
       0
       0
       1
       0
       1
       3
       1
       1
       1
       2
       2
       2
       1
       1
       1
       4
       0
       0
       1
       1
       1
       0
       2
       0
       2
       1
       1
       1
       2
       3
       3
       1
       2
       1
       3
       2
       1
       1
       0
       2
       2
       1
       0
       1
       1
       0
       0
       2
       0
       3
       5
       1
       0
       0
       2
       1
       0
       0
       1
       1
       0
       1
       2
       0
       1
       4
       3
       1
       0
       1
       1
       1
       3
       2
       2
       1
       4
       0
       1
       2
       1
       0
       2
       3
       2
       1
       2
       0
       1
       1
       1
       1
       2
       0
       0
       1
       1
       1
       1
       1
       0
       3
       0
       2
       1
       1
       3
       0
       0
       1
       0
       2
       1
       0
       3
       1
       1
       0
       0
       1
       0
       0
       1
       2
       0
       2
       0
       0
       2
       0
       1
       0
       1
       0
       1
       0
       2
       0
       0
       1
       1
       1
       3
       1
       0
       0
       2
       0
       1
       0
       0
       1
       1
       0
       0
       1
       1
       1
       1
       1
       1
       1
       1
       1
       0
       0
       1
       1
       3
       0
       0
       4
       0
       1
       0
       1
       1
       1
       1
       0
       4
       0
       0
       1
       0
       1
       1
       0
       0
       3
       0
       1
       1
       0
       0
       0
       2
       0
       1
       0
       1
       0
       0
       0
       1
       0
       0
       0
       2
       2
       1
       0
       2
       1
       1
       1
       0
       0
       0
       0
       0
       1
       1
       1
       1
       0
       1
       1
       0
       0
       1
       1
       1
       0
       0
       1
       0
       0
       0
       0
       0
       0
       0
       0
       1
       1
       1
       0
       0
       0
       1
       0
       0
       1
       0
       1
       1
       0
       0
       0
       0
       0
       0
       1
       0
       0
       1
       1
       0
       0
       0
       0
       0
       1
       0
       0
       1
       0
       0
       0
       0
       1
       1
       0
       0
       0
       1
       1
       0
       0
       1
       0
       0
       0
       0
       0
       0
       1
       1
       0
       0
       0
       1
       0
       0
       1
       0
       0
       0
       0
       0
       0
       0
       1
       0
       0
       1
       0
       0
       0
       2
       0
       0
       0
       0
       0
       0
       1
       0
       0
       0
       1
       0
       0
       1
       0
       0
       0
       0
       0
       0
       1
       0
       1
       1
       1
       0
       0
       0
       1
       0
       0
       0
       0
       0
       0
       0
       0
       0
       0
       0
       0
       0
       0
       0
       0
       1
       1
       1
       0
       0
       0
       0
       0
       0
       0
       0
       0
       0
       0
       1
       1
       0
       0
       1
       0
       0
       0
       0
       0
       0
       0
       0
       0
       0
       1
       0
       0
       0
       0
       0
       0
       0
       0
       0
       0
       0
       1
       0
       1
       0
       0
       0
       0
       0
       0
       0
       0
       0
       0
       0
       0
       0
       1
       0
       1
       0
       0
       0
       0
       0
       0
       0
       0
       0
       1
       0
       0
       0
       0
       1
       0
       0
       0
       0
       1
       0
       1
       1
       0
       0
       1
       0
       0
       0
       0
       1
       2
       0
       0
       0
       2
       0
       2
       0
       1
       1
       0
       2
       0
       1
       1
       0
       1
       2
       2
       3
       2
       3
       1
       1
       2
       2
       3
       1
       4
       6
       5
       4
       3
       1
       7
       5
       5
       7
      13
      12
      10
      13
      11
      10
      20
      13
      15
      15
      19
      18
      15
      19
      20
      24
      20
      18
      16
      21
      10
      10
       8
       3
       4
      10
       7
       2
       4
       2
       1
       1
       0
       1
       1
       1
       2
       1
       1
       0
       0
       0
       0
       2
       0
       1
       0
       0
       0
       1
       0
       0
       0
       1
       0
       0
       0
       0
       0
       0
       0
       0
       0
       0
       0
       0
       0
       0
       1
       0
       0
       0
       1
       0
       0
       0
       1
       1
       0
       0
       0
       0
       0
       0
       0
       0
       0
       0
       0
       0
       0
       0
       0
       0
       0
       0
       0
       0
       0
       0
       0
       1
       0
       0
       0
       0
       0
       0
       0
       0
       0
       0
       0
       0
       0
       0
       0
       0
       1
       0
       0
       0
       0
       0
       1
       0
       0
       0
       0
       0
       0
       0
       0
       0
       0
       0
       0
       0
       0
       1
       0
       0
       0
       0
       0
       0
       0
       0
       0
       0
       0
       0
       0
       0
       0
       0
       0
       0
       0
       0
       0
       0
       0
       0
       0
       0
       0
       0
       0
       0
       0
       0
       0
       0
       0
       0
       0
       0
       0
       0
       0
       0
       0
       0
       0
       0
       0
       0
       0
       0
       0
       0
       0
       0
       0
       0
       0
       0
       0
       0
       0
       0
       0
       0
       0
       0
       0
       0
       1
       0
       0
       0
       0
       0
       0
       0
       0
       0
       0
       0
       0
       0
       0
       0
       0
       0
       0
       0
       0
       0
       0
       0
       0
       0
       0
       0
       0
       0
       0
       0
       0
       0
       0
       0
       0
       0
       0
       0
       0
       0
       0
       0
       0
       0
       0
       0
       1
       0
       0
       0
       0
       0
       0
       0
       0
       0
       0
       0
       0
       0
       0
       1
       1
       0
       0
       0
       0
       0
       0
       0
       0
       0
       0
       1
       0
       0
       0
       0
       0
       0
       0
       0
       0
       0
       0
       0
       0
       0
       0
       0
       0
       0
       0
       0
       0
       0
       0
       0
       0
       0
       0
       0
       1
       0
       0
       0
       1
       0
       1
       0
       0
       0
       0
       0
       0
       0
       0
       0
       0
       0
       0
       0
       0
       1
       0
       0
       0
       0
       0
       0
       0
       0
       0
       0
       0
       0
       0
       0
       0
       0
       0
       0
       1
       0
       0
       0
       0
       0
       0
       0
       0
       0
       0
       0
       0
       0
       0
       0
       0
       0
       0
       0
       0
       0
       0
       0
       0
       0
       0
       0
       0
       0
       0
       0
       0
       0
       0
       0
       1
       0
       0
       0
       0
       0
       0
       0
       0
       0
       0
       0
       0
       0
       0
       0
       0
       0
       0
       1
       0
       0
       0
       0
       0
       0
       0
       0
       0
       0
       0
       0
       1
       0
       0
       0
       0
       0
       0
       0
       0
       0
       0
       0
       1
       0
       0
       0
       0
       0
       0
       0
       0
       0
       0
       0
       0
       1
       0
       0
       0
       1
       0
       0
       0
       0
       0
       0
       0
       0
       0
       0
       0
       0
       0
       0
       0
       0
       0
       0
       0
       0
       0
       0
       1
       0
       0
       0
       1
       0
       0
       0
       0
       0
       0
       0
       0
       0
       0
       0
       0
       0
       0
       0
       0
       0
       0
       0
       1
       0
       0
       1
       0
       0
       0
       0
       0
       0
       0
       1
       0
       0
       0
       0
       0
       0
       0
       0
       0
       0
       0
       0
       0
       0
       0
       0
       0
       0
       0
       0
       0
       0
       0
       0
       0
       1
       1
       0
       0
       0
       0
       0
       0
       0
       0
       0
       0
       0
       0
       0
       0
       0
       0
       0
       0
       0
       0
       1
       0
       0
       0
       0
       0
       0
       0
       0
       0
       0
       0
       0
       1
       0
       0
       0
       0
       0
       0
       1
       0
       0
       0
       0
       0
       0
       0
       0
       1
       0
       0
       0
       0
       0
       0
       0
       0
       0
       0
       0
       0
       0
       0
       0
       0
       2
       0
       0
       0
       1
       0
       0
       0
       0
       0
       0
       0
       0
       1
       0
       0
       0
       0
       1
       0
       0
       0
       0
       0
       0
       0
       0
       0
       0
       0
       0
       0
       0
       0
       0
       0
       0
       0
       0
       0
       0
       0
       0
       0
       0
       0
       0
       0
       0
       0
       0
       0
       0
       0
       0
       0
       0
       0
       0
       0
       0
       0
       0
       0
       0
       0
       0
       0
       1
       0
       0
       0
       0
       0
       0
       0
       1
       0
       0
       0
       0
       0
       0
       0
       0
       0
       0
       0
       0
       0
       0
       0
       0
       0
       0
       0
       0
       0
       0
       0
       0
       0
       0
       0
       0
       0
       0
       0
       0
       0
       0
       0
       0
       0
       0
       0
       0
       0
       0
       0
       0
       0
       0
       0
       0
       0
       0
       0
       0
       0
       0
       0
       0
       0
       0
       0
       0
       0
       0
       0
       0
       0
       0
       0
       0
       0
       0
       0
       0
       0
       0
       1
       0
       0
       0
       0
       0
       0
       0
       0
       0
       0
       0
       0
       0
       0
       0
       0
       0
       0
       0
       0
       0
       0
       0
       0
       0
       0
       0
       0
       0
       0
       0
       0
       0
       1
       0
       0
       0
       0
       0
       0
       0
       0
       0
       0
       0
       0
       0
       0
       0
       0
       0
       0
       0
       0
       0
       0
       0
       0
       0
       0
       0
       0
       0
       0
       0
       0
       0
       0
       0
       0
       0
       0
       0
       0
       0
       0
       0
       0
       0
       0
       0
       0
       0
       2
       0
       0
       0
       0
       0
       0
       0
       0
       0
       0
       0
       0
       0
       0
       0
       0
       0
       0
       0
       0
       1
       0
       0
       0
       0
       0
       0
       0
       0
       0
       0
       0
       0
       0
       0
       0
       0
       0
       0
       0
       0
       0
       0
       0
       0
       0
       0
       0
       0
       0
       0
       0
       0
       0
       0
       0
       0
       0
       0
       0
       0
       0
       1
       0
       0
       0
       0
       0
       0
       0
       0
       0
       0
       0
       0
       0
       0
       0
       0
       0
       0
       0
       0
       0
       0
       0
       0
       0
       0
       0
       0
       0
       0
       0
       0
       0
       0
       0
       0
       0
       0
       0
       0
       0
       0
       0
       0
       0
       0
       0
       0
       0
       0
       0
       0
       0
       0
       0
       0
       0
       0
       0
       0
       0
       0
       0
       0
       0
       0
       0
       0
       0
       0
       0
       0
       0
       0
       0
       0
       0
       0
       0
       0
       0
       0
       0
       0
       0
       0
       0
       0
       0
       0
       0
       0
       0
       0
       0
       0
       0
       0
       0
       0
       0
       0
       0
       0
       0
       0
       0
       0
       0
       0
       0
       0
       0
       0
       0
       0
       0
       0
       1
       0
       0
       0
       0
       0
       0
       0
       0
       0
       0
       0
       0
       0
       0
       0
       0
       0
       0
       0
       0
       0
       0
       0
       0
       0
       0
       0
       0
       0
       0
       0
       0
       0
       0
       0
       0
       0
       0
       0
       0
       0
       0
       0
       0
       0
       0
       0
       0
       0
       0
       0
       0
       0
       0
       0
       0
       0
       0
       0
       0
       0
       0
       0
       0
       0
       0
       0
       0
       0
       0
       1
       0
       0
       0
       0
       0
       0
       0
       0
       0
       0
       0
       0
       0
       0
       0
       0
       0
       0
       0
       0
       0
       0
       0
       0
       0
       0
       0
       0
       0
       0
       0
       0
       0
       0
       0
       0
       0
       0
       0
       0
       0
       0
       0
       0
       0
       0
       0
       0
       0
       0
       0
       0
       0
       0
       0
       0
       0
       0
       0
       1
       0
       0
       0
       0
       0
       0
       0
       0
       1
       1
       0
       0
       0
       0
       0
       0
       0
       0
       0
       0
       0
       0
       0
       0
       0
       0
       0
       0
       0
       0
       0
       0
       0
       0
       0
       0
       0
       0
       0
       0
       0
       0
       0
       0
       0
       0
       0
       0
       0
       0
       0
       0
       0
       0
       0
       0
       0
       0
       0
       0
       0
       0
       0
       0
       0
       0
       0
       0
       0
       0
       0
       0
       0
       0
       0
       0
       0
       0
       0
       0
       0
       0
       0
       0
       0
       0
       0
       0
       0
       0
       0
       0
       0
       0
       0
       0
       0
       0
       0
       0
       0
       0
       0
       0
       0
       0
       0
       0
       0
       0
       0
       0
       0
       0
       0
       0
       0
       0
       0
       0
       0
       0
       0
       0
       0
       0
       0
       0
       0
       0
       0
       0
       0
       0
       0
       0
       0
       0
       0
       0
       0
       0
       0
       0
       0
       0
       0
       0
       0
       0
       0
       0
       0
       0
       0
       0
       0
       0
       0
       0
       0
       0
       0
       0
       0
       0
       0
       0
       0
       0
       0
       0
       0
$ROI:
11
135 163
196 212
687 707
750 770
886 908
981 1003
1652 1680
2242 2276
2910 2975
3330 3374
4577 4648
$PRESETS:
None
0
0
$ENER_FIT:
-0.387910 0.397223
$MCA_CAL:
3
-3.879104E-001 3.972232E-001 1.451498E-008 keV
$SHAPE_CAL:
3
3.067255E+000 2.715425E-003 5.471001E-008
