$SPEC_ID:
Pulser
$SPEC_REM:
DET# 2
DETDESC# DETECTOR 2
AP# GammaVision Version 7.01.03
$DATE_MEA:
04/19/2017 11:50:15
$MEAS_TIM:
204 206
$DATA:
0 8191
       0
       0
       0
       0
       0
       0
       0
       0
       0
       0
       0
       0
       0
       0
       0
       0
       0
       0
       0
       0
       0
       0
       0
      11
     458
     426
     227
     211
     194
     188
     188
     221
     365
     647
    1160
    2152
    2994
    3442
    3334
    2724
    2564
    3082
    3297
    2285
    1235
     670
     654
     684
     577
     403
     223
     174
     168
     168
     161
     147
     143
     150
     159
     147
     170
     170
     143
     169
     150
     164
     146
     147
     150
     157
     165
     169
     174
     154
     147
     172
     154
     157
     127
     154
     144
     138
     151
     142
     128
     150
     154
     135
     170
     156
     152
     153
     134
     146
     155
     171
     167
     162
     162
     156
     147
     158
     163
     158
     143
     144
     175
     160
     136
     142
     160
     166
     165
     164
     163
     155
     148
     163
     163
     163
     163
     172
     165
     171
     158
     158
     171
     162
     140
     162
     162
     173
     156
     183
     186
     188
     182
     171
     173
     164
     182
     186
     180
     182
     170
     169
     184
     185
     156
     160
     159
     151
     197
     184
     184
     202
     182
     152
     169
     169
     168
     179
     172
     171
     177
     181
     161
     184
     177
     188
     184
     179
     175
     173
     184
     172
     213
     177
     181
     189
     204
     222
     251
     341
     372
     309
     299
     323
     391
     473
     477
     358
     257
     175
     188
     178
     195
     156
     162
     173
     157
     161
     169
     150
     186
     181
     180
     166
     150
     178
     166
     176
     223
     260
     319
     288
     269
     201
     180
     194
     184
     211
     198
     170
     149
     158
     151
     167
     168
     181
     158
     161
     163
     130
     157
     178
     156
     169
     159
     177
     142
     156
     164
     172
     155
     170
     156
     146
     158
     167
     161
     159
     174
     164
     169
     155
     198
     165
     176
     169
     182
     178
     191
     231
     230
     226
     221
     192
     192
     167
     163
     183
     154
     170
     171
     153
     182
     181
     142
     170
     201
     161
     186
     159
     144
     152
     170
     159
     148
     187
     171
     200
     185
     143
     179
     178
     173
     169
     175
     159
     186
     163
     175
     166
     177
     206
     177
     174
     198
     181
     189
     172
     172
     182
     185
     181
     186
     176
     183
     172
     178
     166
     179
     161
     198
     183
     159
     162
     179
     201
     189
     168
     178
     172
     202
     183
     211
     174
     161
     183
     165
     177
     162
     199
     194
     174
     179
     184
     178
     156
     173
     201
     192
     175
     176
     188
     200
     194
     184
     177
     183
     180
     182
     182
     177
     172
     187
     187
     172
     203
     189
     187
     193
     207
     181
     200
     183
     200
     197
     181
     179
     178
     199
     209
     204
     196
     216
     205
     214
     229
     202
     215
     234
     231
     274
     241
     241
     265
     232
     249
     242
     241
     259
     236
     239
     254
     219
     239
     255
     233
     266
     227
     235
     240
     236
     230
     210
     250
     227
     257
     254
     238
     247
     220
     217
     243
     227
     215
     257
     278
     264
     250
     257
     262
     212
     259
     244
     269
     268
     240
     246
     249
     264
     268
     251
     270
     242
     274
     276
     219
     235
     238
     251
     254
     264
     238
     274
     238
     260
     247
     280
     241
     229
     264
     237
     257
     245
     267
     227
     259
     250
     247
     252
     242
     266
     237
     250
     233
     241
     224
     251
     229
     212
     248
     231
     256
     257
     248
     235
     245
     254
     204
     239
     227
     249
     254
     249
     253
     263
     233
     269
     236
     244
     261
     241
     261
     257
     257
     274
     253
     239
     238
     256
     260
     242
     249
     259
     242
     241
     235
     258
     251
     261
     223
     233
     240
     253
     250
     218
     238
     245
     264
     238
     216
     223
     272
     246
     256
     226
     251
     254
     242
     217
     229
     247
     247
     251
     215
     258
     256
     240
     256
     256
     263
     251
     259
     267
     240
     247
     262
     226
     256
     228
     282
     285
     255
     265
     238
     273
     275
     233
     274
     255
     241
     249
     261
     248
     265
     255
     229
     254
     249
     246
     251
     226
     251
     274
     253
     256
     226
     207
     269
     251
     226
     229
     238
     246
     226
     206
     240
     209
     231
     218
     179
     197
     210
     192
     179
     160
     183
     181
     175
     193
     172
     167
     152
     201
     171
     148
     165
     159
     174
     164
     180
     152
     153
     155
     152
     143
     181
     167
     139
     143
     130
     154
     148
     151
     150
     148
     117
     134
     157
     146
     144
     160
     106
     142
     164
     115
     135
     123
     122
     135
     124
     140
     132
     138
     135
     141
     143
     149
     130
     126
     142
     124
     142
     123
     129
     117
     119
     117
     125
     138
     135
     121
     115
     132
     142
     117
     118
     137
     100
     116
     125
     124
     127
     111
     117
     131
     100
     109
     133
     121
     143
     143
     117
     108
     115
     119
      97
     131
     129
     107
     123
     105
     107
     106
     106
     111
     105
     107
     125
     119
     118
      87
      99
     107
      97
     107
     120
     109
     104
     100
     102
     107
     113
     110
     110
     110
     110
     102
     100
     100
     122
     103
      92
     113
      90
      92
      87
      91
     119
     111
     100
     112
     124
      86
     107
     100
     101
      97
     103
      93
      98
      80
      90
     101
      81
      90
     101
      92
     107
     105
      97
      96
      90
     106
     108
     105
     121
     120
      86
     124
      91
      87
     108
     128
     102
      86
      94
      95
     106
      98
      83
     107
      95
     104
      96
      86
     103
      80
      72
     100
     111
      87
      99
     107
      83
      84
      82
     107
      87
      80
      95
      82
      84
      89
      74
      82
      93
      90
      85
      85
      78
      91
      85
      74
      96
      90
      94
      81
      84
      78
      96
      81
      93
      82
      99
      91
      86
      93
      92
      99
      79
      81
      95
      98
      98
      88
      77
      98
      92
      89
      82
     103
      75
      87
      86
      90
      77
      93
      83
      88
     102
      75
      88
      81
      98
      81
      83
      93
      86
      75
      80
      77
      84
      95
      91
      73
      79
      89
      59
      67
      66
      80
      64
      68
      77
      66
      72
      65
      58
      73
      66
      58
      68
      78
      88
      55
      68
      64
      76
      59
      59
      71
      54
      62
      73
      67
      77
      61
      64
      63
      61
      67
      67
      70
      55
      59
      74
      59
      78
      66
      65
      60
      54
      71
      58
      55
      72
      58
      59
      71
      55
      67
      71
      55
      58
      59
      57
      64
      59
      56
      61
      53
      39
      54
      60
      62
      51
      52
      53
      64
      60
      57
      51
      61
      68
      55
      54
      57
      52
      52
      56
      63
      54
      44
      51
      63
      55
      66
      69
      67
      46
      60
      61
      54
      49
      63
      72
      64
      61
      55
      53
      55
      58
      71
      62
      60
      45
      52
      88
     145
     295
     613
    1336
    2526
    4117
    5898
    7758
    8400
    7572
    5828
    3510
    1865
     825
     322
     115
      78
      67
      39
      40
      42
      34
      42
      48
      44
      48
      61
      44
      53
      38
      44
      26
      38
      46
      44
      39
      39
      54
      48
      34
      47
      47
      46
      38
      49
      43
      38
      32
      46
      41
      41
      46
      51
      57
      39
      46
      37
      42
      45
      44
      34
      37
      42
      48
      40
      34
      39
      35
      34
      43
      36
      28
      42
      49
      47
      34
      31
      37
      25
      30
      34
      42
      37
      36
      40
      43
      29
      34
      30
      38
      39
      38
      43
      32
      43
      37
      45
      49
      36
      47
      46
      43
      41
      32
      41
      31
      54
      40
      42
      33
      39
      35
      45
      43
      37
      45
      37
      31
      34
      33
      27
      53
      42
      37
      39
      39
      44
      28
      37
      36
      46
      36
      46
      29
      42
      46
      41
      35
      44
      38
      33
      42
      46
      34
      38
      35
      39
      37
      42
      30
      43
      41
      43
      24
      36
      34
      36
      31
      41
      37
      30
      29
      35
      46
      34
      34
      34
      35
      29
      39
      41
      36
      41
      36
      43
      40
      46
      44
      45
      33
      39
      45
      42
      48
      31
      41
      45
      35
      37
      33
      40
      40
      33
      42
      49
      34
      26
      29
      42
      38
      43
      40
      34
      41
      40
      37
      32
      45
      36
      33
      38
      48
      31
      49
      57
      78
     122
     193
     253
     385
     477
     529
     635
     479
     316
     199
     158
      71
      50
      41
      51
      39
      39
      42
      43
      27
      41
      35
      38
      43
      45
      38
      42
      41
      39
      33
      30
      45
      40
      37
      44
      43
      40
      41
      48
      32
      40
      32
      36
      51
      42
      42
      38
      31
      35
      52
      38
      37
      26
      43
      31
      39
      47
      36
      34
      34
      36
      45
      25
      45
      41
      39
      37
      32
      35
      27
      22
      54
      43
      51
      50
      41
      38
      42
      51
      43
      45
      64
      69
      69
     132
     178
     160
     197
     261
     275
     302
     318
     412
     530
     687
     844
    1003
    1084
    1076
     846
     581
     330
     204
     116
      71
      67
      45
      46
      58
      63
      79
      84
     119
     128
     112
     120
      81
      65
      57
      39
      43
      36
      54
      41
      34
      33
      34
      44
      33
      42
      49
      47
      54
      65
      72
      89
     100
     103
      87
      77
      50
      52
      43
      25
      30
      44
      34
      24
      35
      28
      30
      37
      29
      37
      42
      35
      29
      45
      48
      44
      38
      32
      50
      35
      33
      34
      39
      49
      40
      40
      33
      40
      45
      36
      39
      45
      31
      37
      38
      34
      34
      38
      37
      36
      39
      49
      42
      32
      37
      50
      31
      51
      63
      69
      65
      86
      64
      56
      67
      65
      30
      46
      33
      61
      40
      46
      46
      47
      40
      39
      45
      36
      37
      42
      46
      36
      34
      27
      29
      28
      28
      42
      44
      43
      46
      49
      48
      42
      51
      45
      44
      37
      48
      30
      44
      49
      46
      42
      32
      36
      41
      34
      31
      55
      46
      33
      36
      37
      36
      45
      48
      40
      48
      51
      39
      43
      40
      44
      49
      32
      36
      39
      44
      38
      38
      42
      41
      49
      37
      41
      48
      52
      46
      34
      38
      52
      45
      37
      45
      50
      35
      36
      36
      39
      50
      33
      48
      40
      37
      35
      49
      44
      37
      45
      34
      46
      33
      57
      55
      49
      45
      41
      45
      37
      41
      31
      42
      47
      43
      48
      42
      43
      41
      48
      35
      40
      36
      36
      51
      37
      47
      35
      32
      47
      62
      53
      41
      52
      37
      51
      44
      50
      53
      34
      52
      37
      42
      45
      47
      35
      52
      39
      36
      53
      50
      46
      44
      37
      40
      32
      54
      44
      53
      48
      47
      44
      39
      43
      50
      43
      40
      52
      37
      49
      51
      46
      55
      55
      42
      44
      54
      53
      46
      39
      41
      52
      52
      51
      53
      43
      39
      36
      56
      37
      60
      33
      43
      54
      61
      44
      41
      28
      56
      58
      55
      51
      53
      45
      47
      48
      48
      38
      42
      51
      47
      51
      56
      51
      49
      47
      46
      52
      66
      52
      53
      47
      42
      54
      52
      57
      51
      39
      57
      50
      56
      46
      49
      48
      53
      47
      52
      56
      43
      57
      61
      42
      47
      64
      51
      44
      51
      53
      59
      52
      62
      57
      51
      54
      58
      49
      58
      55
      50
      55
      61
      48
      56
      43
      46
      52
      62
      54
      53
      55
      49
      66
      72
      44
      52
      48
      70
      68
      53
      49
      61
      61
      67
      58
      53
      68
      54
      49
      57
      56
      64
      72
      59
      60
      58
      62
      51
      56
      59
      63
      58
      64
      66
      62
      66
      62
      55
      62
      49
      62
      75
      51
      68
      55
      64
      78
      61
      77
      71
      57
      66
      60
      64
      74
      65
      59
      70
      55
      62
      64
      60
      66
      62
      49
      67
      59
      63
      70
      55
      66
      58
      58
      66
      65
      52
      69
      72
      55
      77
      84
      62
      64
      52
      61
      70
      64
      65
      50
      60
      70
      48
      66
      52
      50
      46
      53
      52
      53
      48
      48
      55
      52
      46
      53
      51
      50
      39
      42
      40
      41
      44
      40
      41
      46
      43
      42
      35
      47
      40
      54
      42
      37
      51
      40
      45
      40
      43
      42
      31
      50
      39
      34
      43
      37
      36
      37
      30
      41
      40
      41
      44
      30
      32
      34
      33
      38
      44
      33
      41
      38
      37
      35
      44
      38
      34
      42
      29
      51
      48
      41
      29
      42
      27
      36
      36
      28
      40
      38
      23
      35
      29
      26
      39
      42
      30
      34
      42
      32
      40
      29
      39
      42
      32
      42
      38
      26
      35
      33
      33
      33
      21
      20
      36
      35
      26
      34
      36
      40
      33
      30
      39
      27
      28
      24
      24
      33
      29
      25
      41
      41
      26
      27
      28
      31
      34
      17
      35
      29
      29
      28
      22
      26
      32
      27
      23
      24
      29
      21
      27
      29
      23
      26
      36
      24
      29
      29
      26
      29
      24
      23
      23
      22
      35
      34
      34
      23
      31
      20
      26
      29
      24
      15
      17
      42
      37
      31
      29
      17
      17
      27
      25
      35
      30
      22
      19
      28
      22
      18
      24
      21
      24
      24
      19
      21
      18
      25
      18
      19
      26
      17
      22
      15
      16
      33
      18
      20
      18
      14
      23
      23
      27
      20
      23
      30
      12
      18
      22
      19
      23
      15
      21
      28
      20
      26
      19
      18
      20
      22
      27
      26
      19
      14
      17
      25
      15
      18
      22
      19
      24
      23
      20
      16
      14
      16
      22
      21
      17
      22
      13
      17
      15
      13
      19
      18
      22
      16
      17
      19
      22
      12
      12
      22
      15
      24
      16
      16
      16
      11
      17
      16
      19
      16
      16
      25
      13
      21
      16
      22
      10
      12
      14
      15
      16
      18
      11
      14
      15
      12
      13
      14
      20
      12
      15
      17
      18
      20
      24
       9
      29
      21
      20
      21
      29
      24
      37
      28
      41
      27
      23
      27
      30
      28
      22
      14
      24
      14
      14
       7
      16
      16
      10
      14
      12
       8
      16
      12
      13
      17
      24
      13
       9
      19
      15
      14
      18
      13
       9
      16
      13
       9
       8
      12
      14
       9
      10
      17
      13
      12
      12
      10
      12
      20
      11
      16
      16
      11
      14
      14
      18
      17
      11
      11
      13
      14
      14
      12
      12
      15
      11
      19
      23
      13
      13
      11
      10
      13
      22
      14
       9
      11
      11
       4
      12
      15
      16
       9
      10
      14
      15
      19
      12
      17
      11
      16
      10
       5
      16
      11
      18
      10
      18
      15
      13
      15
      20
      10
      15
      11
      10
      12
      11
      15
      16
      12
      14
      19
      12
      15
      16
      15
      13
      17
      14
      12
      14
      22
      17
      19
      11
       7
      15
      19
      10
      13
      11
       9
      19
      24
      13
       9
      12
      13
      13
      10
       9
      18
      12
      12
      13
      18
      21
      13
       8
      15
      13
      10
      12
       8
      18
       9
      15
      10
      12
      12
       9
       9
      12
      10
      11
      14
      16
      16
      19
      16
      13
      18
      18
      21
      16
      24
      22
      23
      20
      13
      19
      13
      16
       9
      10
       5
      17
      18
      19
      12
      16
      11
      16
      19
      15
      19
      21
      20
      17
      19
      24
      41
      61
      67
     104
     162
     201
     285
     383
     512
     741
     936
    1196
    1406
    1587
    1657
    1731
    1632
    1553
    1239
     878
     588
     390
     236
     135
     107
      63
      20
      22
      13
       7
      15
      10
       7
      19
       9
      13
      12
       6
       6
      14
      11
      11
      17
      15
      10
      15
      20
      14
      18
      16
      19
      17
      19
      14
      15
      23
       8
       9
      15
      12
      10
      10
       6
      11
      14
       9
      11
      10
       9
       8
       8
      13
       6
      15
      15
      14
      13
       9
      11
      14
      13
      11
      10
       5
      14
      11
       6
      10
       7
      10
       8
      11
      14
      11
      11
      11
      10
      18
      29
      37
      39
      46
      56
      56
      88
      77
      88
      81
      80
      78
      56
      43
      44
      27
      19
      28
      17
      14
      12
      17
      14
       8
       9
      12
      13
       9
      15
      10
      10
      10
      10
      12
      13
      15
      16
      13
      10
      13
      13
      13
      14
      12
      14
       8
      12
      12
       7
       8
      11
       9
      18
      11
       8
      13
      14
       8
       9
      15
       7
       6
      17
      17
      14
       9
      15
      19
      11
      12
      14
      11
       5
      10
      11
      15
      11
      10
      16
      14
       8
      10
       8
      13
       9
       8
       8
      12
      10
      11
      13
      10
      12
      11
       8
      16
      10
       6
       8
      14
      12
      11
      10
       8
       8
      12
       8
      11
       8
      13
       6
       7
       8
      13
      11
       4
       8
      14
      18
      13
      14
      16
       9
      13
      13
      20
       8
      10
      12
      10
       6
      16
      12
      15
      12
      17
       9
      12
      11
      13
      12
      12
       9
      14
      12
       7
      11
       9
      11
      12
      10
      12
       9
       9
      13
       8
      11
      11
      15
      15
      12
       7
      13
      16
       8
       8
       9
      11
      13
      16
       8
       7
      17
      16
      10
      10
       9
      14
      17
      11
      15
       8
      14
      11
      12
       9
      12
      12
      11
      15
      13
      16
       7
      11
      20
      11
      13
       5
      12
      10
       7
      13
       7
      12
      12
       5
       9
      10
       7
       7
       7
      12
      13
      11
       9
      10
      11
      14
       9
       9
       8
      14
      10
      20
      14
       8
      13
      11
       6
      11
      10
      17
      12
       8
       7
       8
      18
       6
       9
       6
      14
      10
       9
       9
      11
      11
      12
      17
       8
      14
      10
      20
      11
      11
      13
       9
       9
       8
      19
      14
      10
      13
       7
      12
      12
      15
       9
      13
      11
       8
      16
      15
      18
       8
      23
       7
       5
      13
       7
      11
      16
      14
      10
      14
      11
       9
      11
      16
      11
      12
      17
      14
       7
       8
      12
       9
      11
      14
       7
      10
      13
      18
       6
      12
      10
      12
      12
      15
      12
      12
      16
      11
      13
       9
      15
      21
      14
      16
      19
      14
       4
      12
       9
      10
      12
      13
       9
      13
      15
      10
       9
      11
      10
      12
       9
       7
      10
      14
      13
       6
      12
      10
      13
      10
       8
      10
       9
      12
      12
       8
       9
       6
      14
       9
      13
      17
      10
      11
      12
      12
      11
      12
      11
      12
      15
      10
      10
      14
      12
      12
       9
       9
      11
      12
      19
      12
       9
       9
       9
      21
      11
      15
      16
      15
       9
       9
      11
      10
      13
      10
       6
      11
      10
      11
      13
       8
      14
       2
       9
       9
       9
      18
      14
      15
       6
      12
      15
      14
      16
       8
      11
      11
      15
      18
       7
      17
      14
      17
      13
       9
      12
      13
      13
      12
       8
       7
      13
       5
      11
       9
       9
      12
      12
       8
      16
      17
       9
      17
      13
      13
      10
      10
      12
       8
      13
       7
      10
       7
      11
      12
       7
      13
      13
      14
       7
      12
      12
       7
      10
      14
      18
      11
      13
      12
      10
      15
      10
      12
      17
      10
      10
      18
       8
      10
      12
      15
      15
      11
      19
       9
      17
      15
      19
      11
      10
      10
      10
      13
       9
       9
      10
      13
       6
       6
      14
      11
      17
      15
       9
      12
      12
      14
      15
      15
      12
      12
       8
       9
      18
      11
       6
      12
      13
      16
      15
       8
      12
      11
      12
      14
       9
      12
       8
      10
      16
      12
      14
       9
      15
       8
      16
      11
      13
      20
       7
      14
      12
      12
      12
      12
       9
      12
      14
      17
      13
      19
      10
      11
       9
      12
       7
      12
      13
      13
      14
      12
      10
      14
       8
      19
      10
      14
       9
      13
       7
      15
       9
       7
      15
      12
       8
      15
       8
       9
      16
      14
      13
      17
       9
       6
      12
      11
       7
      13
       8
      11
      15
       2
      10
      11
      10
      10
      11
       8
       9
      15
      13
       6
      11
      10
       7
      11
      13
      11
      10
      12
      11
      14
      12
      11
       3
       8
      16
      12
      11
      12
      11
      13
      11
      14
      10
      12
      15
      10
       7
       9
      10
      13
      13
      12
       7
      19
       9
      12
      10
       6
      18
       8
       9
      11
      14
      13
      13
       1
       7
       8
      12
      13
       8
      13
      10
      12
      17
      16
       5
      14
       6
       9
      14
      10
      20
       6
      12
       9
       8
      10
      13
       9
       8
      12
       8
      12
      14
      12
      10
      13
       9
      14
      11
      20
      19
      11
      16
      25
      24
      23
      29
      25
      27
      20
      23
      23
      20
      26
      18
      19
      25
      12
      15
      15
      13
      11
      17
      16
      11
      20
       7
      15
      12
      14
       9
       8
       5
       9
       6
      12
      11
       9
      12
      12
      11
      14
       9
      11
       5
      14
       8
      11
      10
      14
      12
      12
      16
       9
      15
      10
       9
       8
       7
      12
       3
       9
      10
      10
      15
       8
      10
      17
      19
      14
      14
       9
      13
      11
       8
      11
       9
      12
      17
      14
      14
      19
      16
      16
       8
      13
      18
      10
       7
      11
      14
      12
      18
      12
      20
      15
      11
       5
      15
      10
      10
       9
      12
      13
      16
      12
      14
      15
       9
       6
      15
      10
       6
      11
      16
      10
      10
      14
      12
      16
      11
      13
       5
      10
      14
      11
      14
      14
       7
      12
      12
      11
      10
       6
      15
      15
       8
      12
      15
       7
      14
      11
      12
      12
      14
       6
       9
      10
      13
      11
      13
      10
      14
      14
      12
      17
      12
      11
      19
       9
      17
      13
      13
      14
      10
      19
      16
      11
      14
      13
      16
      17
      11
      18
      13
      20
      22
      16
      26
      29
      28
      23
      30
      44
      32
      34
      42
      34
      32
      25
      23
      29
      19
      14
      15
      15
      14
      12
      10
      10
      15
      15
      12
      14
      19
       9
      15
       9
      12
      11
      11
      11
      14
       8
      16
      15
      13
      13
      10
      11
       6
       6
       8
      16
      19
       9
      14
      15
      14
      18
      11
      12
      11
      12
      12
       9
      13
       9
      11
       9
      12
       7
       9
      15
      12
      14
      13
       8
       9
      11
      14
      11
      13
      14
      11
      12
      13
      10
       8
      17
      16
      14
      20
      12
      16
      16
      13
      12
      10
      10
      15
      16
       9
      17
      18
      14
      12
      12
       8
      15
      10
       9
       9
      16
      16
      15
      14
      10
      17
      15
      21
      18
      17
      16
       6
      19
      14
      18
      26
      20
      22
      27
      16
      28
      18
      27
      32
      22
      39
      35
      45
      31
      31
      30
      36
      29
      29
      19
      20
      20
      16
      19
      19
      16
      16
      17
      13
      20
      15
      20
      19
      11
      18
       9
       8
      11
      19
      17
       8
      19
      15
       8
      11
      17
      15
      13
      17
      15
      23
      10
      16
      18
       9
      16
      12
      11
      13
      16
      19
      19
      17
       6
      16
      11
      13
      21
      15
       9
      11
      13
      15
      20
      16
      13
      11
      11
      11
      15
      20
      15
      12
      18
       9
      17
      13
      13
      19
      19
      11
       9
      12
       9
      14
      11
      13
      16
      12
      18
      13
      14
      14
      11
      11
      19
      17
      15
      17
      16
       7
      16
      14
      11
      12
      17
       5
      15
       7
      11
      13
      15
      13
      17
      17
      11
      21
      11
       9
      13
      18
      15
      16
      17
      17
      15
      21
      19
      19
      12
      17
      14
      12
      16
      16
      10
      13
      15
      22
      18
      16
      12
      17
      12
      14
      14
      18
      20
      12
      20
      16
      10
      16
      18
      17
       9
      19
      15
      19
      10
      13
      17
      17
      15
      10
      11
      16
      15
      10
      19
      11
      22
      15
      15
      17
      15
      12
      13
      20
      14
      20
      14
      17
      21
      16
      17
      13
      17
      12
      21
      16
      19
      16
      12
      21
      14
      20
      11
       9
      17
      17
      16
      15
      13
      20
      22
      14
      21
      14
      18
      18
      15
      18
       6
      14
      20
      20
      16
      16
      12
      10
      14
      13
      21
      17
      19
      19
      13
      30
      16
      15
      19
      12
      13
       8
      24
      12
      17
      21
      17
      12
      16
      13
      19
       9
      14
      12
      13
      18
      25
      13
      18
      19
      19
      18
      17
      17
      27
      27
      14
      21
      17
      15
      23
      13
      15
      16
      20
      13
      25
      13
      12
      11
      18
      27
      14
      13
      28
      21
      20
      16
      15
      21
      15
      14
      14
      21
      15
      18
      13
      10
      15
      13
      14
      24
      11
      18
      23
      18
      13
      14
      13
      14
      17
      15
      23
      15
      23
      16
      15
      15
      12
      19
      21
      14
      15
      22
      19
       8
      22
      21
      20
      15
       9
      20
      23
      13
      21
      23
      17
      15
      21
      16
      17
      15
      17
      20
      13
       8
      21
      17
      16
      18
      15
      24
      19
      14
      13
      17
      25
      20
      17
      24
      24
      20
      21
       9
      13
      19
      10
      20
      18
      19
      19
      15
      13
      20
      15
      22
      11
      19
      17
      19
      18
      21
      25
      16
      16
      26
      24
      19
      21
      10
      20
      19
      18
      16
      20
      19
      11
      17
      21
      17
      22
      12
      23
      21
      16
      14
      17
      15
      25
      28
      17
      18
      21
      18
      29
      15
      26
      17
      16
      30
      16
      21
      26
      18
      22
      11
      17
      20
      20
      20
      21
      17
      27
      15
      17
      20
      18
      23
      16
      26
      14
      23
      22
      14
      25
      15
      20
      19
      21
      15
      11
      15
      22
      13
      21
      16
      24
      26
      24
      18
      25
      17
      18
      26
      27
      22
      26
      24
      22
      15
      17
      11
      14
      20
      21
      26
      21
      19
      22
      21
      14
      27
      25
      33
      26
      23
      20
      30
      20
      22
      27
      14
      27
      22
      18
      18
      24
      18
      24
      23
      20
      24
      20
      20
      19
      21
      17
      17
      26
      23
      20
      24
      23
      24
      23
      24
      21
      25
      29
      22
      15
      21
      18
      25
      18
      28
      21
      30
      23
      31
      22
      19
      32
      37
      21
      22
      28
      22
      26
      22
      17
      33
      20
      27
      25
      33
      27
      29
      23
      24
      25
      32
      20
      22
      17
      31
      22
      16
      13
      19
      29
      21
      35
      28
      28
      16
      28
      29
      21
      30
      28
      24
      19
      26
      21
      23
      19
      20
      29
      17
      32
      21
      23
      21
      24
      31
      19
      27
      18
      25
      25
      31
      22
      23
      27
      29
      28
      25
      32
      22
      23
      28
      21
      33
      33
      24
      16
      30
      31
      29
      27
      20
      25
      30
      28
      33
      24
      21
      17
      25
      31
      34
      30
      22
      33
      25
      28
      23
      35
      40
      27
      30
      22
      24
      35
      27
      35
      21
      34
      20
      23
      28
      19
      34
      25
      19
      22
      18
      27
      35
      33
      30
      36
      25
      35
      21
      31
      27
      32
      28
      24
      24
      33
      27
      34
      30
      29
      23
      28
      33
      32
      34
      28
      25
      25
      31
      40
      26
      28
      31
      24
      35
      32
      36
      31
      29
      25
      39
      30
      36
      19
      30
      30
      31
      25
      31
      31
      26
      28
      31
      30
      22
      28
      33
      41
      23
      24
      32
      25
      25
      25
      37
      25
      23
      29
      31
      27
      24
      25
      29
      32
      24
      33
      33
      39
      27
      35
      34
      25
      35
      20
      28
      17
      22
      20
      15
      33
      24
      23
      24
      25
      24
      20
      22
      21
      15
      21
      19
      18
      14
      20
      14
      19
      14
      19
      30
      19
      26
      20
      25
      12
      23
      19
      29
      18
      23
      22
      18
      20
      22
      16
      17
      16
      15
      10
      10
      21
      20
      20
      14
      22
      25
      18
      18
      17
      10
      16
      15
      17
      17
      21
      11
      14
      15
      23
      18
      22
      18
      18
      15
      16
      15
      16
      17
      18
      16
      11
       9
      16
      12
      20
      17
      16
      13
      21
      19
      26
      27
      17
      12
      17
      12
      15
      10
       7
      15
      18
       7
       8
      14
      11
      24
      13
      13
      14
      18
       8
      17
      14
      23
      11
      15
      12
      11
      16
      12
      12
      15
      18
      15
      17
      19
      19
      14
      18
      12
      18
      17
      15
      16
      22
      14
      14
      13
      11
      10
      11
      14
       9
      16
      18
      19
      15
      11
      11
      15
      10
      11
      10
      12
      14
      16
      13
      13
      11
      14
      14
      14
      16
      12
      15
      14
      12
      13
      12
       7
      12
      19
      11
      11
      11
      11
      10
       4
      12
      12
      11
      14
       7
      13
       9
       7
      12
      11
      15
      13
      19
      12
      11
       9
      13
      10
      10
       5
      10
      15
       7
      14
       9
       8
      16
       9
      17
      10
       7
       9
      13
      11
      13
      15
      12
      16
      11
       6
       7
       7
      10
       9
      13
       8
      12
      10
       4
       9
       9
       9
       4
      11
       8
      10
      10
      10
       9
       8
      11
       6
       3
       9
       9
      10
       7
      10
       8
       9
      14
       8
      12
       9
       9
       7
       8
       5
      11
       8
       7
       6
       6
      12
       6
       5
       6
       9
       9
      10
       7
       9
       6
       6
       6
       7
       6
       7
      11
       7
       6
       2
      10
       6
       9
       2
       5
       5
       9
       2
       7
       6
       4
       4
       3
       4
       3
       8
       7
       7
       3
       2
       8
       2
       3
       5
       2
       4
       2
       6
       4
       7
       4
       3
       4
       4
       6
       4
       4
       6
       3
       4
       8
       4
       2
       3
       2
       3
       3
       2
       3
       5
       4
       1
       5
       2
       2
       5
       3
       6
       4
       3
       4
       4
       3
       3
       3
       5
       4
       3
       5
       3
       4
       5
       2
       4
       4
       3
       4
       6
       4
       1
       0
       3
       3
       6
       2
       1
       7
       2
       3
       4
       3
       2
       1
       4
       1
       2
       3
       5
       0
       3
       3
       2
       1
       5
       3
       4
       1
       1
       3
       2
       2
       5
       3
       5
       2
       4
       3
       3
       1
       3
       0
       0
       1
       3
       5
       4
       1
       3
       3
       3
       3
       4
       5
       0
       1
       3
       3
       5
       1
       3
       2
       1
       3
       4
       3
       2
       0
       2
       3
       1
       6
       2
       4
       2
       4
       3
       3
       4
       0
       2
       1
       3
       4
       3
       4
       5
       5
       2
       2
       7
       1
       1
       4
       1
       4
       3
       2
       3
       1
       2
       4
       2
       2
       2
       1
       2
       0
       3
       0
       2
       2
       2
       5
       2
       3
       1
       4
       5
       0
       1
       3
       0
       5
       3
       1
       4
       1
       1
       4
       1
       2
       2
       2
       2
       3
       1
       2
       2
       0
       1
       4
       1
       3
       0
       3
       1
       3
       3
       2
       1
       2
       0
       4
       4
       7
       2
       2
       4
       3
       1
       2
       2
       1
       2
       3
       5
       2
       2
       1
       1
       4
       3
       2
       3
       3
       1
       2
       8
       6
       7
       6
       7
       7
       9
      15
      15
      18
      29
      35
      52
      48
      71
      64
      75
      75
      88
      88
     121
     142
     181
     196
     262
     308
     339
     394
     400
     402
     489
     486
     535
     509
     550
     574
     614
     545
     584
     436
     404
     326
     246
     173
     116
      94
      68
      51
      43
      44
      34
      19
      13
       9
       2
       2
       3
       3
       2
       1
       0
       1
       3
       4
       3
       5
       3
       0
       1
       3
       3
       1
       8
       3
       4
       2
       3
       1
       2
       3
       1
       1
       2
       0
       1
       0
       1
       1
       2
       2
       0
       1
       0
       1
       0
       3
       2
       0
       1
       0
       0
       2
       0
       3
       2
       2
       0
       1
       0
       1
       0
       1
       0
       1
       3
       0
       0
       1
       1
       1
       0
       0
       3
       0
       1
       1
       2
       0
       0
       1
       2
       1
       1
       0
       0
       1
       3
       0
       0
       0
       1
       1
       0
       0
       1
       0
       1
       2
       1
       0
       1
       1
       0
       0
       0
       2
       1
       2
       0
       2
       0
       1
       0
       2
       0
       0
       0
       0
       1
       1
       1
       3
       0
       2
       3
       2
       1
       1
       2
       0
       3
       0
       1
       1
       0
       1
       1
       2
       1
       1
       0
       1
       2
       0
       0
       1
       2
       0
       2
       2
       0
       0
       1
       1
       0
       0
       0
       0
       2
       1
       1
       0
       2
       1
       2
       1
       1
       1
       0
       4
       0
       1
       1
       0
       0
       2
       2
       1
       0
       0
       0
       0
       1
       0
       2
       0
       0
       0
       2
       1
       0
       0
       1
       0
       0
       0
       0
       0
       0
       1
       0
       1
       0
       0
       0
       0
       2
       1
       1
       0
       0
       0
       0
       0
       0
       0
       1
       1
       0
       0
       1
       0
       0
       0
       1
       0
       0
       1
       0
       0
       0
       1
       0
       2
       0
       2
       1
       0
       2
       0
       0
       1
       0
       0
       1
       0
       1
       1
       1
       1
       0
       0
       2
       1
       2
       1
       1
       0
       0
       0
       0
       0
       0
       0
       1
       1
       0
       0
       0
       1
       0
       1
       2
       0
       0
       0
       0
       1
       0
       1
       0
       1
       1
       2
       2
       1
       0
       0
       1
       0
       1
       2
       0
       0
       2
       1
       0
       1
       0
       1
       1
       1
       1
       0
       2
       0
       1
       2
       2
       1
       1
       1
       1
       0
       1
       2
       0
       0
       0
       0
       0
       2
       0
       1
       3
       1
       0
       1
       1
       0
       0
       0
       0
       0
       0
       0
       1
       0
       3
       2
       0
       1
       1
       0
       3
       1
       2
       0
       2
       1
       2
       1
       1
       2
       0
       0
       1
       0
       0
       2
       1
       0
       0
       0
       0
       2
       0
       0
       1
       1
       2
       1
       0
       1
       0
       0
       0
       1
       0
       0
       1
       0
       2
       0
       1
       1
       1
       2
       0
       2
       2
       1
       2
       0
       0
       1
       0
       0
       0
       0
       1
       0
       2
       1
       0
       0
       1
       1
       1
       0
       0
       0
       0
       1
       0
       0
       1
       0
       1
       0
       0
       2
       1
       1
       1
       0
       1
       1
       0
       1
       1
       0
       2
       1
       0
       1
       0
       0
       1
       0
       0
       0
       1
       0
       1
       1
       1
       1
       2
       0
       1
       0
       0
       1
       0
       1
       0
       0
       0
       0
       1
       0
       0
       0
       0
       0
       0
       0
       1
       0
       1
       2
       0
       1
       0
       0
       3
       0
       0
       2
       0
       1
       2
       1
       0
       4
       1
       2
       2
       1
       0
       0
       0
       0
       1
       1
       1
       1
       0
       0
       0
       3
       0
       2
       0
       1
       0
       0
       0
       0
       2
       1
       0
       1
       0
       0
       0
       0
       0
       0
       0
       1
       0
       0
       1
       0
       1
       2
       1
       2
       1
       1
       2
       2
       2
       1
       0
       1
       3
       0
       0
       0
       1
       1
       1
       0
       0
       0
       1
       1
       0
       0
       0
       1
       2
       2
       1
       0
       0
       0
       0
       0
       0
       1
       0
       1
       0
       0
       1
       0
       0
       0
       0
       1
       1
       1
       1
       0
       1
       1
       1
       0
       0
       0
       2
       0
       1
       1
       3
       2
       1
       1
       2
       2
       1
       0
       1
       1
       0
       0
       0
       0
       1
       1
       0
       1
       0
       0
       0
       0
       1
       0
       1
       1
       0
       3
       0
       1
       0
       0
       1
       1
       1
       1
       3
       2
       0
       0
       0
       0
       2
       0
       0
       0
       0
       0
       2
       0
       2
       0
       1
       1
       0
       0
       1
       1
       1
       0
       0
       0
       1
       0
       1
       1
       0
       0
       1
       1
       1
       0
       1
       1
       1
       0
       0
       1
       1
       0
       1
       1
       1
       1
       1
       0
       2
       0
       0
       0
       0
       1
       0
       1
       0
       0
       0
       0
       1
       0
       3
       2
       0
       0
       2
       0
       0
       0
       1
       0
       0
       1
       0
       1
       1
       1
       0
       1
       2
       0
       1
       1
       0
       1
       1
       0
       1
       1
       0
       0
       0
       0
       0
       1
       2
       1
       0
       1
       1
       1
       0
       1
       2
       0
       3
       0
       1
       1
       1
       2
       0
       1
       0
       0
       2
       0
       0
       0
       0
       1
       1
       0
       0
       0
       0
       0
       0
       0
       0
       0
       1
       1
       0
       0
       0
       0
       0
       1
       1
       0
       0
       0
       1
       0
       0
       0
       2
       2
       0
       1
       0
       0
       0
       1
       1
       0
       1
       0
       0
       1
       2
       0
       0
       3
       0
       1
       0
       2
       0
       1
       0
       2
       0
       0
       4
       0
       2
       0
       1
       0
       0
       0
       0
       0
       1
       0
       0
       0
       0
       1
       0
       0
       1
       0
       1
       0
       0
       1
       0
       0
       2
       0
       0
       0
       1
       1
       1
       0
       1
       0
       1
       1
       1
       1
       0
       1
       1
       0
       0
       1
       0
       0
       1
       0
       0
       0
       0
       1
       0
       0
       0
       0
       1
       3
       2
       0
       0
       1
       0
       0
       0
       0
       1
       1
       1
       0
       1
       0
       0
       0
       1
       0
       1
       0
       0
       2
       0
       2
       0
       0
       0
       0
       2
       0
       1
       0
       1
       1
       0
       0
       1
       1
       0
       1
       0
       0
       0
       0
       0
       0
       1
       1
       0
       1
       0
       0
       0
       0
       1
       0
       0
       0
       0
       0
       0
       0
       0
       1
       2
       1
       1
       1
       0
       1
       2
       1
       0
       0
       1
       0
       1
       0
       1
       0
       1
       0
       1
       0
       1
       0
       2
       1
       1
       1
       2
       0
       0
       0
       2
       2
       2
       0
       3
       0
       0
       1
       1
       1
       0
       0
       0
       0
       0
       1
       0
       1
       1
       0
       0
       1
       0
       0
       0
       1
       0
       0
       2
       0
       0
       2
       1
       2
       0
       0
       1
       1
       0
       0
       0
       0
       0
       0
       0
       0
       1
       1
       0
       0
       0
       2
       0
       1
       1
       0
       0
       0
       1
       0
       0
       0
       1
       1
       0
       0
       1
       1
       1
       1
       0
       2
       1
       0
       2
       1
       0
       1
       0
       0
       0
       0
       0
       0
       2
       2
       1
       0
       1
       2
       1
       0
       0
       0
       0
       0
       1
       0
       1
       0
       2
       2
       1
       0
       1
       0
       0
       0
       1
       1
       1
       0
       0
       0
       1
       0
       0
       1
       0
       0
       1
       0
       0
       2
       0
       0
       1
       0
       1
       0
       0
       0
       1
       0
       1
       1
       0
       1
       0
       0
       0
       0
       0
       2
       1
       0
       1
       0
       0
       0
       1
       1
       0
       0
       1
       2
       1
       1
       2
       0
       0
       0
       1
       0
       1
       0
       0
       0
       1
       1
       0
       0
       0
       0
       1
       0
       1
       0
       2
       1
       0
       0
       0
       0
       1
       2
       0
       0
       0
       1
       0
       0
       0
       1
       1
       0
       1
       0
       0
       0
       1
       1
       0
       1
       0
       1
       0
       0
       0
       0
       1
       1
       0
       0
       0
       1
       0
       2
       1
       1
       0
       0
       0
       1
       1
       0
       0
       0
       2
       0
       1
       1
       1
       0
       0
       2
       0
       1
       0
       1
       0
       0
       0
       0
       2
       0
       1
       1
       0
       0
       0
       0
       1
       1
       0
       1
       1
       1
       2
       1
       0
       2
       1
       0
       0
       0
       0
       0
       2
       0
       2
       3
       1
       0
       0
       1
       1
       0
       0
       1
       0
       0
       0
       0
       1
       0
       0
       0
       0
       1
       0
       0
       0
       0
       0
       0
       0
       2
       1
       1
       2
       0
       0
       1
       1
       0
       2
       0
       0
       0
       0
       1
       0
       0
       0
       2
       0
       1
       0
       0
       0
       0
       1
       0
       0
       0
       0
       0
       0
       0
       0
       0
       0
       0
       0
       1
       1
       1
       0
       0
       2
       1
       0
       0
       0
       1
       1
       0
       0
       1
       3
       1
       0
       0
       0
       1
       0
       1
       0
       1
       2
       0
       0
       1
       0
       0
       0
       2
       1
       0
       0
       1
       0
       0
       0
       0
       0
       0
       0
       0
       0
       0
       0
       0
       0
       1
       2
       0
       2
       0
       0
       0
       4
       0
       0
       0
       1
       0
       1
       0
       0
       0
       0
       0
       0
       0
       0
       0
       0
       0
       0
       0
       1
       0
       1
       1
       0
       1
       1
       1
       0
       0
       0
       1
       1
       2
       0
       0
       0
       0
       0
       0
       0
       1
       0
       0
       1
       1
       1
       0
       1
       0
       1
       1
       0
       1
       0
       0
       0
       0
       0
       1
       0
       3
       1
       0
       0
       0
       1
       1
       0
       0
       0
       0
       0
       2
       0
       0
       0
       1
       1
       0
       0
       1
       1
       0
       1
       0
       1
       1
       2
       1
       0
       1
       0
       0
       1
       1
       0
       0
       0
       0
       1
       0
       0
       0
       0
       0
       0
       1
       0
       0
       0
       0
       0
       0
       2
       0
       0
       0
       0
       1
       0
       0
       0
       0
       0
       1
       0
       0
       1
       0
       0
       1
       0
       0
       1
       1
       1
       0
       0
       0
       1
       1
       0
       0
       0
       0
       1
       0
       0
       1
       0
       1
       1
       0
       0
       0
       0
       2
       0
       0
       0
       0
       0
       1
       1
       2
       1
       0
       1
       0
       0
       0
       2
       2
       0
       0
       0
       1
       0
       1
       0
       0
       2
       0
       1
       0
       2
       0
       0
       0
       0
       1
       1
       2
       0
       2
       0
       0
       0
       0
       0
       1
       0
       0
       1
       0
       0
       1
       1
       0
       2
       0
       2
       1
       0
       1
       0
       0
       0
       0
       1
       0
       0
       1
       0
       0
       1
       0
       1
       1
       1
       0
       3
       0
       0
       1
       0
       0
       0
       0
       0
       0
       0
       0
       1
       0
       1
       0
       0
       0
       0
       1
       0
       0
       0
       0
       0
       1
       0
       0
       0
       0
       1
       1
       1
       0
       0
       1
       1
       1
       0
       0
       0
       1
       1
       0
       2
       0
       0
       1
       1
       0
       1
       0
       0
       1
       2
       0
       0
       0
       1
       1
       0
       1
       0
       0
       2
       2
       0
       0
       2
       0
       1
       1
       2
       0
       0
       0
       1
       0
       0
       0
       0
       0
       1
       0
       0
       1
       0
       1
       0
       0
       0
       0
       1
       0
       0
       0
       1
       0
       0
       0
       0
       1
       2
       1
       1
       1
       0
       2
       0
       1
       0
       0
       0
       1
       0
       1
       0
       0
       1
       0
       1
       0
       0
       0
       0
       0
       1
       3
       0
       0
       0
       0
       0
       1
       1
       2
       0
       1
       0
       1
       0
       0
       1
       0
       2
       0
       0
       1
       0
       1
       0
       1
       0
       1
       0
       0
       0
       0
       1
       0
       1
       0
       1
       0
       2
       1
       0
       0
       0
       0
       0
       0
       0
       2
       0
       3
       1
       0
       0
       0
       0
       0
       2
       0
       1
       0
       0
       0
       3
       0
       0
       0
       0
       0
       1
       1
       0
       1
       0
       1
       0
       1
       0
       0
       0
       0
       0
       0
       0
       0
       0
       0
       0
       0
       1
       0
       2
       0
       0
       0
       1
       0
       0
       0
       0
       0
       1
       1
       0
       1
       2
       0
       0
       0
       0
       1
       0
       0
       0
       0
       0
       0
       0
       0
       0
       1
       1
       0
       0
       0
       0
       0
       1
       1
       1
       0
       0
       1
       0
       0
       0
       1
       1
       0
       0
       0
       2
       0
       0
       0
       0
       0
       0
       1
       1
       1
       1
       1
       0
       0
       0
       0
       1
       0
       1
       1
       0
       1
       0
       2
       0
       2
       1
       0
       0
       1
       0
       1
       0
       0
       0
       1
       0
       0
       0
       1
       0
       0
       0
       0
       0
       0
       0
       2
       0
       1
       0
       0
       0
       0
       0
       0
       0
       0
       0
       1
       0
       0
       0
       2
       0
       0
       0
       2
       0
       1
       0
       1
       0
       1
       0
       0
       0
       0
       0
       1
       0
       0
       0
       1
       0
       0
       0
       0
       0
       0
       0
       0
       0
       2
       0
       0
       0
       1
       0
       0
       0
       0
       1
       0
       0
       1
       0
       0
       1
       1
       0
       0
       0
       0
       0
       0
       0
       0
       0
       0
       0
       0
       0
       0
       0
       0
       0
       0
       0
       0
       0
       0
       0
       0
       0
       0
       0
       1
       0
       0
       0
       1
       0
       0
       0
       0
       0
       0
       1
       1
       0
       0
       0
       0
       0
       0
       1
       1
       0
       0
       0
       0
       0
       0
       0
       0
       0
       0
       0
       0
       0
       0
       0
       0
       0
       1
       0
       0
       1
       0
       0
       0
       0
       0
       0
       0
       0
       0
       0
       0
       0
       1
       0
       0
       0
       1
       0
       0
       0
       0
       0
       0
       0
       0
       0
       0
       0
       0
       0
       0
       0
       0
       0
       0
       0
       0
       0
       0
       0
       0
       0
       0
       0
       0
       0
       0
       0
       0
       0
       0
       0
       0
       0
       0
       0
       0
       0
       0
       0
       0
       0
       0
       0
       0
       0
       0
       0
       0
       0
       0
       0
       0
       0
       0
       0
       0
       0
       0
       0
       0
       0
       0
       0
       0
       0
       0
       0
       0
       0
       0
       0
       0
       0
       0
       0
       0
       0
       0
       0
       0
       0
       0
       0
       0
       0
       0
       0
       0
       0
       0
       0
       0
       0
       0
       0
       0
       0
       0
       0
       0
       0
       0
       0
       0
       0
       0
       0
       0
       0
       0
       0
       0
       0
       0
       0
       0
       0
       0
       0
       0
       0
       0
       0
       0
       0
       0
       0
       0
       0
       0
       0
       0
       0
       0
       0
       0
       0
       0
       0
       0
       0
       0
       0
       0
       0
       0
       0
       0
       0
       0
       0
       0
       0
       0
       0
       0
       1
       0
       0
       0
       0
       1
       0
       0
       0
       0
       0
       0
       3
       0
       1
       0
       1
       0
       1
       1
       1
       0
       1
       1
       3
       0
       0
       1
       2
       4
       3
       5
       3
       5
       6
       6
       1
       4
       4
      10
       2
       7
       5
       3
       6
       5
       2
       5
       8
       4
       3
       1
       3
       0
       1
       0
       3
       1
       0
       0
       0
       0
       0
       0
       0
       0
       1
       0
       0
       0
       0
       0
       1
       0
       0
       0
       0
       0
       0
       0
       0
       0
       0
       0
       0
       0
       0
       0
       0
       0
       0
       0
       0
       0
       0
       0
       0
       0
       0
       0
       0
       0
       0
       0
       0
       0
       0
       0
       0
       0
       0
       0
       0
       0
       0
       0
       0
       0
       0
       0
       0
       0
       0
       0
       0
       0
       0
       0
       0
       0
       0
       0
       0
       0
       0
       0
       0
       0
       0
       0
       1
       0
       0
       0
       0
       0
       0
       0
       0
       0
       0
       0
       0
       0
       0
       0
       0
       0
       0
       0
       0
       0
       0
       0
       0
       0
       0
       0
       1
       0
       0
       0
       0
       0
       0
       0
       0
       0
       0
       0
       0
       0
       0
       0
       0
       0
       0
       0
       0
       0
       0
       0
       0
       0
       0
       0
       0
       0
       0
       0
       0
       0
       0
       0
       0
       0
       0
       0
       0
       0
       0
       0
       0
       0
       0
       0
       0
       0
       0
       0
       0
       0
       1
       0
       0
       0
       0
       0
       0
       0
       0
       0
       0
       0
       0
       0
       0
       0
       0
       0
       0
       0
       0
       0
       0
       0
       0
       0
       0
       0
       0
       0
       0
       0
       0
       0
       0
       0
       0
       0
       0
       0
       0
       0
       0
       0
       0
       0
       0
       0
       0
       0
       0
       0
       1
       0
       0
       0
       0
       0
       0
       0
       0
       0
       0
       0
       0
       1
       0
       0
       0
       0
       0
       0
       0
       0
       0
       0
       0
       0
       0
       0
       0
       0
       0
       0
       0
       0
       0
       0
       0
       0
       0
       0
       0
       0
       0
       0
       0
       0
       0
       0
       0
       0
       0
       0
       0
       0
       0
       0
       0
       0
       0
       0
       0
       0
       0
       0
       0
       0
       0
       0
       0
       0
       0
       0
       0
       0
       0
       0
       0
       0
       0
       0
       0
       0
       0
       0
       0
       0
       0
       0
       0
       0
       0
       0
       0
       0
       0
       0
       0
       0
       0
       0
       0
       0
       0
       0
       0
       0
       0
       0
       0
       0
       0
       0
       0
       0
       0
       0
       0
       0
       0
       0
       0
       0
       0
       0
       0
       0
       0
       0
       0
       1
       0
       0
       0
       0
       0
       0
       0
       0
       0
       0
       0
       0
       0
       0
       0
       0
       0
       0
       0
       0
       0
       0
       0
       0
       0
       0
       0
       0
       0
       0
       0
       0
       0
       0
       0
       0
       0
       0
       0
       0
       0
       0
       0
       0
       0
       0
       0
       0
       0
       0
       0
       0
       0
       0
       0
       0
       0
       0
       0
       0
       0
       0
       0
       0
       0
       0
       0
       0
       0
       0
       0
       0
       0
       0
       0
       0
       0
       0
       0
       0
       0
       0
       0
       0
       0
       0
       0
       0
       0
       0
       0
       0
       0
       0
       0
       0
       0
       0
       0
       0
       0
       0
       0
       0
       0
       0
       0
       0
       0
       0
       0
       0
       0
       0
       0
       0
       0
       0
       0
       0
       0
       0
       0
       0
       0
       0
       0
       0
       0
       0
       0
       0
       0
       0
       0
       0
       0
       0
       0
       0
       0
       0
       0
       0
       1
       0
       0
       0
       0
       0
       0
       0
       0
       0
       0
       0
       0
       0
       0
       0
       0
       0
       0
       0
       0
       0
       0
       0
       0
       0
       0
       0
       0
       0
       0
       0
       0
       0
       0
       0
       0
       0
       0
       0
       0
       0
       0
       0
       0
       0
       0
       0
       0
       0
       0
       0
       0
       0
       0
       0
       0
       0
       0
       0
       0
       0
       0
       0
       0
       0
       0
       0
       1
       0
       0
       0
       0
       0
       0
       0
       0
       1
       0
       0
       0
       0
       0
       0
       0
       0
       0
       0
       0
       0
       0
       0
       0
       0
       0
       0
       0
       0
       0
       0
       0
       0
       0
       0
       0
       0
       0
       0
       0
       0
       0
       0
       0
       0
       0
       0
       0
       0
       0
       0
       0
       0
       0
       0
       0
       0
       0
       0
       0
       0
       0
       0
       0
       0
       0
       0
       0
       0
       0
       0
       0
       0
       0
       0
       0
       0
       0
       0
       0
       0
       0
       0
       0
       0
       0
       0
       0
       0
       0
       0
       0
       0
       0
       0
       0
       0
       0
       0
       0
       0
       0
       0
       0
       0
       0
       0
       0
       0
       0
       0
       0
       0
       0
       0
       0
       0
       0
       0
       0
       0
       0
       0
       0
       0
       0
       0
       0
       0
       0
       0
       0
       0
       0
       0
       0
       0
       0
       0
       0
       0
       0
       0
       0
       0
       0
       0
       0
       0
       0
       0
       0
       0
       0
       0
       0
       0
       0
       0
       0
       1
       0
       0
       0
       0
       0
       0
       0
       0
       0
       0
       0
       0
       0
       0
       0
       0
       0
       0
       0
       0
       0
       0
       0
       0
       0
       0
       0
       0
       0
       0
       0
       0
       0
       0
       0
       0
       0
       0
       0
       0
       0
       0
       0
       0
       0
       0
       0
       0
       0
       0
       0
       0
       0
       0
       0
       0
       0
       0
       0
       0
       0
       0
       0
       0
       0
       0
       0
       0
       0
       1
       0
       0
       0
       0
       0
       0
       0
       0
       0
       0
       0
       0
       0
       0
       0
       0
       0
       0
       0
       0
       0
       0
       0
       0
       0
       0
       0
       0
       0
       0
       0
       0
       0
       0
       0
       0
       0
       0
       0
       1
       0
       0
       0
       0
       0
       0
       0
       0
       0
       0
       0
       0
       0
       0
       0
       0
       0
       0
       0
       0
       0
       0
       0
       0
       0
       0
       0
       0
       0
       0
       0
       0
       0
       0
       0
       0
       0
       0
       0
       0
       0
       0
       0
       0
       0
       0
       0
       0
       0
       0
       0
       0
       0
       0
       0
       0
       0
       0
       0
       0
       0
       0
       0
       0
       0
       0
       0
       0
       0
       0
       0
       0
       0
       0
       0
       0
       0
       0
       0
       0
       0
       0
       0
       0
       0
       0
       0
       0
       0
       0
       0
       0
       0
       0
       0
       0
       0
       0
       0
       0
       0
       0
       0
       0
       0
       0
       0
       0
       0
       0
       0
       0
       0
       0
       0
       0
       0
       0
       0
       0
       0
       0
       0
       0
       0
       0
       0
       0
       0
       0
       0
       0
       0
       0
       0
       0
       0
       0
       0
       0
       0
       1
       0
       0
       0
       0
       0
       0
       0
       0
       0
       0
       0
       0
       0
       0
       0
       0
       0
       0
       0
       0
       0
       0
       0
       0
       0
       0
       0
       0
       0
       0
       0
       0
       0
       0
       0
       0
       0
       0
       0
       0
       0
       0
       0
       0
       0
       0
       0
       0
       0
       0
       0
       0
       0
       0
       0
       0
       0
       0
       0
       0
       1
       0
       0
       0
       0
       0
       0
       0
       0
       0
       0
       0
       0
       0
       0
       0
       0
       0
       0
       0
       0
       0
       0
       0
       0
       0
       0
       0
       0
       0
       0
       0
       0
       0
       0
       0
       0
       0
       0
       0
       0
       0
       0
       0
       0
       0
       0
       0
       0
       0
       0
       0
       0
       0
       0
       0
       0
       0
       0
       0
       0
       0
       0
       0
       0
       0
       0
       0
       0
       0
       0
       0
       0
       0
       0
       0
       0
       0
       0
       0
       0
       0
       0
       0
       0
       0
       0
       0
       0
       0
       0
       0
       0
       0
       0
       0
       0
       0
       0
       0
       0
       0
       0
       0
       0
       0
       0
       0
       0
       0
       0
       0
       0
       0
       0
       0
       0
       0
       0
       0
       0
       0
       0
       0
       0
       0
       0
       0
       0
       0
       0
       0
       0
       0
       0
       0
       0
       0
       0
       0
       0
       0
       0
       0
       0
       0
       0
       0
       0
       0
       0
       0
       0
       0
       0
       0
       0
       0
       0
       0
       0
       0
       0
       0
       0
       0
       0
       0
       0
       0
       0
       0
       0
       0
       0
       0
       0
       0
       0
       0
       0
       0
       0
       0
       0
       0
       0
       0
       0
       0
       0
       0
       0
       0
       0
       0
       0
       0
       0
       0
       0
       0
       0
       0
       0
       0
       0
       0
       0
       0
       0
       0
       0
       0
       0
       0
       0
       0
       0
       0
       0
       0
       0
       0
       0
       0
       0
       0
       0
       0
       0
       0
       0
       0
       0
       0
       0
       0
       0
       0
       0
       0
       0
       0
       0
       0
       0
       0
       0
       0
       0
       0
       0
       0
       0
       0
       0
       0
       0
       0
       0
$ROI:
19
143 159
196 212
298 314
607 627
687 707
750 770
857 879
886 908
981 1003
1652 1680
1940 1984
2242 2276
2410 2444
2714 2752
2779 2817
2910 2975
3330 3374
3517 3563
4577 4648
$PRESETS:
None
0
0
$ENER_FIT:
-0.416462 0.397290
$MCA_CAL:
3
-4.164618E-001 3.972895E-001 9.577831E-010 keV
$SHAPE_CAL:
3
3.089048E+000 2.432663E-003 9.843622E-008
