NIF_RUN Passive 18x snout on TANDM 90-348 Pinhole
  140    5    1    0    1  <-- KG    KA    IPNT  IACT  KQT  (5I5)
0.005  9.0  0.03  0.001        <-- ACVX  FCHN  FCVX  FS         (free format)
0.0   0   0  1 1.0  <-- AK1   NORML ILOG  TIME  ACNM (free fmt: R,I,I,R,R)
ZR902    1.706E-12 0.010                       IFX
IN115N   4.881E-13 0.007                       IFX
AU197G   8.079E-14 0.053            AUNG 3.937 IFX
IN115G   1.169E-13 0.020            INNG 39.37 IFX
AU1972   1.218E-11 0.053                       IFX
Flux Uncertainty 
 140                          <-- NGP  (I4)
 0.0000e+00
 0.0000e+00
 0.0000e+00
 0.0000e+00
 0.0000e+00
 0.0000e+00
 0.0000e+00
 0.0000e+00
 0.0000e+00
 0.0000e+00
 0.0000e+00
 0.0000e+00
 0.0000e+00
 0.0000e+00
 1.1760e-01
 1.1750e-01
 1.1740e-01
 1.1740e-01
 1.1720e-01
 1.1690e-01
 1.1650e-01
 1.1610e-01
 1.1540e-01
 1.1430e-01
 1.1240e-01
 1.1000e-01
 1.0700e-01
 1.0250e-01
 9.7100e-02
 9.0200e-02
 2.3330e-01
 1.5200e-01
 9.8500e-02
 6.9300e-02
 5.4700e-02
 4.6800e-02
 4.2300e-02
 3.8900e-02
 3.6400e-02
 3.4500e-02
 3.3600e-02
 3.3200e-02
 3.3400e-02
 3.4100e-02
 3.5300e-02
 3.7600e-02
 4.0200e-02
 4.3600e-02
 4.7700e-02
 5.2600e-02
 5.8500e-02
 6.5000e-02
 7.4200e-02
 8.4000e-02
 9.0400e-02
 9.3600e-02
 9.3900e-02
 1.0000e-01
 8.6600e-02
 8.0200e-02
 6.8200e-02
 5.9700e-02
 5.2900e-02
 4.6100e-02
 3.9700e-02
 3.5000e-02
 3.1100e-02
 2.7800e-02
 2.5000e-02
 2.2700e-02
 2.0800e-02
 1.9300e-02
 1.8100e-02
 1.7100e-02
 1.6400e-02
 1.5900e-02
 1.5600e-02
 1.5500e-02
 1.5600e-02
 1.5700e-02
 1.5900e-02
 1.6200e-02
 1.6400e-02
 1.6500e-02
 1.6400e-02
 1.6000e-02
 1.5200e-02
 1.4300e-02
 1.3300e-02
 1.2400e-02
 1.1600e-02
 1.1000e-02
 1.0700e-02
 1.0500e-02
 1.0500e-02
 1.0800e-02
 0
 0
 0
 0
 0
 0
 0
 0
 0
 0
 0
 0
 0
 0
 0
 0
 0
 0
 0
 0
 0
 0
 0
 0
 0
 0
 0
 0
 0
 0
 0
 0
 0
 0
 0
 0
 0
 0
 0
 0
 0
 0
 0
 0
Input Flux Spectrum
 140 0 1.000E+00 0.000E+00 0.000E+00   <-- NGP, ITHERM, TNORM, TMPR, ETE  (2I4, 3F10.4)
 0.0000e+00
 0.0000e+00
 0.0000e+00
 0.0000e+00
 0.0000e+00
 0.0000e+00
 0.0000e+00
 0.0000e+00
 0.0000e+00
 0.0000e+00
 0.0000e+00
 0.0000e+00
 0.0000e+00
 0.0000e+00
 2.9061e-02
 2.9042e-02
 2.8998e-02
 2.8960e-02
 2.8882e-02
 2.8814e-02
 2.8751e-02
 2.8603e-02
 2.8498e-02
 2.8373e-02
 2.8271e-02
 2.8142e-02
 2.8079e-02
 2.8058e-02
 2.8075e-02
 2.8155e-02
 8.1637e+05
 2.1012e+06
 6.4865e+06
 4.8493e+07
 1.3606e+08
 2.5925e+08
 4.3196e+08
 1.7754e+09
 4.8520e+08
 3.4855e+09
 1.5430e+09
 1.8640e+09
 5.9397e+09
 4.5672e+09
 3.0275e+09
 2.8536e+09
 6.8110e+08
 1.6229e+09
 1.0950e+09
 1.0189e+09
 9.1511e+08
 9.3673e+08
 7.4382e+08
 6.5769e+08
 6.6171e+08
 6.8282e+08
 7.0707e+08
 5.5308e+08
 8.5416e+08
 9.1560e+08
 1.3133e+09
 1.7584e+09
 2.1233e+09
 2.8530e+09
 4.7630e+09
 6.8724e+09
 1.0007e+10
 1.4320e+10
 1.9799e+10
 2.9761e+10
 3.0932e+10
 3.8894e+10
 4.6156e+10
 5.9130e+10
 7.1154e+10
 7.1988e+10
 7.8366e+10
 9.1059e+10
 7.8928e+10
 7.2956e+10
 6.9184e+10
 6.4204e+10
 5.3835e+10
 4.5645e+10
 2.9946e+10
 2.1083e+10
 1.4866e+10
 9.2512e+09
 5.8208e+09
 3.9168e+09
 2.6233e+09
 1.9687e+09
 8.1023e+09
 1.2485e+12
 1.6462e+12
 4.2773e+09
 0.00E+00
 0.00E+00
 0.00E+00
 0.00E+00
 0.00E+00
 0.00E+00
 0.00E+00
 0.00E+00
 0.00E+00
 0.00E+00
 0.00E+00
 0.00E+00
 0.00E+00
 0.00E+00
 0.00E+00
 0.00E+00
 0.00E+00
 0.00E+00
 0.00E+00
 0.00E+00
 0.00E+00
 0.00E+00
 0.00E+00
 0.00E+00
 0.00E+00
 0.00E+00
 0.00E+00
 0.00E+00
 0.00E+00
 0.00E+00
 0.00E+00
 0.00E+00
 0.00E+00
 0.00E+00
 0.00E+00
 0.00E+00
 0.00E+00
 0.00E+00
 0.00E+00
 0.00E+00
 0.00E+00
 0.00E+00
 0.00E+00
 0.00E+00
  10  13  28  11  8  5  8  7 10 40
