   E (MeV)	Unadj. F×Eavg	Adj. F×Eavg
 1.00000E-10	 1.24056E+01	 6.63941E+01
 1.00000E-09	 1.24056E+01	 6.63941E+01
 1.00000E-09	 1.48018E+00	 3.70100E+00
 1.00000E-08	 1.48018E+00	 3.70100E+00
 1.00000E-08	 1.70593E+01	 3.94218E+01
 2.30000E-08	 1.70593E+01	 3.94218E+01
 2.30000E-08	 4.02929E+01	 7.81337E+01
 5.00000E-08	 4.02929E+01	 7.81337E+01
 5.00000E-08	 5.45480E+01	 1.47637E+02
 7.60000E-08	 5.45480E+01	 1.47637E+02
 7.60000E-08	 3.81725E+01	 8.70858E+01
 1.15000E-07	 3.81725E+01	 8.70858E+01
 1.15000E-07	 3.06190E+01	 8.43088E+01
 1.70000E-07	 3.06190E+01	 8.43088E+01
 1.70000E-07	 2.17849E+01	 1.10344E+02
 2.55000E-07	 2.17849E+01	 1.10344E+02
 2.55000E-07	 1.81065E+01	 1.03294E+02
 3.80000E-07	 1.81065E+01	 1.03294E+02
 3.80000E-07	 1.25157E+01	 5.29269E+01
 5.50000E-07	 1.25157E+01	 5.29269E+01
 5.50000E-07	 6.85488E+00	 2.66441E+01
 8.40000E-07	 6.85488E+00	 2.66441E+01
 8.40000E-07	 6.94986E+00	 2.99280E+01
 1.27500E-06	 6.94986E+00	 2.99280E+01
 1.27500E-06	 8.35696E+00	 3.01359E+01
 1.90000E-06	 8.35696E+00	 3.01359E+01
 1.90000E-06	 1.11545E+01	 3.68746E+01
 2.80000E-06	 1.11545E+01	 3.68746E+01
 2.80000E-06	 1.12784E+01	 3.36607E+01
 4.25000E-06	 1.12784E+01	 3.36607E+01
 4.25000E-06	 1.13612E+01	 3.08380E+01
 6.30000E-06	 1.13612E+01	 3.08380E+01
 6.30000E-06	 1.98696E+01	 5.11075E+01
 9.20000E-06	 1.98696E+01	 5.11075E+01
 9.20000E-06	 1.38007E+01	 2.61267E+01
 1.35000E-05	 1.38007E+01	 2.61267E+01
 1.35000E-05	 7.71860E+00	 1.31523E+01
 2.10000E-05	 7.71860E+00	 1.31523E+01
 2.10000E-05	 1.47231E+01	 2.08238E+01
 3.00000E-05	 1.47231E+01	 2.08238E+01
 3.00000E-05	 1.87643E+01	 2.54719E+01
 4.50000E-05	 1.87643E+01	 2.54719E+01
 4.50000E-05	 9.03676E+00	 1.00238E+01
 6.90000E-05	 9.03676E+00	 1.00238E+01
 6.90000E-05	 2.01260E+01	 2.01272E+01
 1.00000E-04	 2.01260E+01	 2.01272E+01
 1.00000E-04	 1.53746E+01	 1.40351E+01
 1.35000E-04	 1.53746E+01	 1.40351E+01
 1.35000E-04	 8.56479E+00	 7.31273E+00
 1.70000E-04	 8.56479E+00	 7.31273E+00
 1.70000E-04	 7.83957E+00	 6.48851E+00
 2.20000E-04	 7.83957E+00	 6.48851E+00
 2.20000E-04	 8.95162E+00	 6.97938E+00
 2.80000E-04	 8.95162E+00	 6.97938E+00
 2.80000E-04	 1.76594E+01	 1.45140E+01
 3.60000E-04	 1.76594E+01	 1.45140E+01
 3.60000E-04	 2.12827E+01	 1.79706E+01
 4.50000E-04	 2.12827E+01	 1.79706E+01
 4.50000E-04	 1.30924E+01	 9.97353E+00
 5.75000E-04	 1.30924E+01	 9.97353E+00
 5.75000E-04	 1.32085E+01	 1.15951E+01
 7.60000E-04	 1.32085E+01	 1.15951E+01
 7.60000E-04	 3.31789E+01	 2.84095E+01
 9.60000E-04	 3.31789E+01	 2.84095E+01
 9.60000E-04	 1.50443E+01	 1.35858E+01
 1.27500E-03	 1.50443E+01	 1.35858E+01
 1.27500E-03	 1.08296E+01	 9.90362E+00
 1.60000E-03	 1.08296E+01	 9.90362E+00
 1.60000E-03	 9.30582E+00	 8.82996E+00
 2.00000E-03	 9.30582E+00	 8.82996E+00
 2.00000E-03	 1.90288E+01	 1.83038E+01
 2.70000E-03	 1.90288E+01	 1.83038E+01
 2.70000E-03	 1.66014E+01	 1.64348E+01
 3.40000E-03	 1.66014E+01	 1.64348E+01
 3.40000E-03	 1.71523E+01	 1.73495E+01
 4.50000E-03	 1.71523E+01	 1.73495E+01
 4.50000E-03	 4.26320E+01	 4.38837E+01
 5.50000E-03	 4.26320E+01	 4.38837E+01
 5.50000E-03	 1.79451E+01	 1.84934E+01
 7.20000E-03	 1.79451E+01	 1.84934E+01
 7.20000E-03	 2.62291E+01	 2.80770E+01
 9.20000E-03	 2.62291E+01	 2.80770E+01
 9.20000E-03	 4.04723E+01	 4.23160E+01
 1.20000E-02	 4.04723E+01	 4.23160E+01
 1.20000E-02	 3.51716E+01	 3.73407E+01
 1.50000E-02	 3.51716E+01	 3.73407E+01
 1.50000E-02	 6.84489E+01	 7.51689E+01
 1.90000E-02	 6.84489E+01	 7.51689E+01
 1.90000E-02	 7.45986E+01	 7.90638E+01
 2.55000E-02	 7.45986E+01	 7.90638E+01
 2.55000E-02	 6.60628E+01	 7.03354E+01
 3.20000E-02	 6.60628E+01	 7.03354E+01
 3.20000E-02	 5.49160E+01	 5.92180E+01
 4.00000E-02	 5.49160E+01	 5.92180E+01
 4.00000E-02	 1.34855E+02	 1.42451E+02
 5.25000E-02	 1.34855E+02	 1.42451E+02
 5.25000E-02	 1.75803E+02	 1.85424E+02
 6.60000E-02	 1.75803E+02	 1.85424E+02
 6.60000E-02	 2.65642E+02	 2.77726E+02
 8.80000E-02	 2.65642E+02	 2.77726E+02
 8.80000E-02	 4.20228E+02	 4.38188E+02
 1.10000E-01	 4.20228E+02	 4.38188E+02
 1.10000E-01	 4.94684E+02	 5.15151E+02
 1.35000E-01	 4.94684E+02	 5.15151E+02
 1.35000E-01	 6.37727E+02	 6.64656E+02
 1.60000E-01	 6.37727E+02	 6.64656E+02
 1.60000E-01	 8.02557E+02	 8.29549E+02
 1.90000E-01	 8.02557E+02	 8.29549E+02
 1.90000E-01	 1.05558E+03	 1.09974E+03
 2.20000E-01	 1.05558E+03	 1.09974E+03
 2.20000E-01	 1.21956E+03	 1.25661E+03
 2.55000E-01	 1.21956E+03	 1.25661E+03
 2.55000E-01	 1.63866E+03	 1.70010E+03
 2.90000E-01	 1.63866E+03	 1.70010E+03
 2.90000E-01	 1.53202E+03	 1.58589E+03
 3.20000E-01	 1.53202E+03	 1.58589E+03
 3.20000E-01	 1.78917E+03	 1.84388E+03
 3.60000E-01	 1.78917E+03	 1.84388E+03
 3.60000E-01	 2.37691E+03	 2.46165E+03
 4.00000E-01	 2.37691E+03	 2.46165E+03
 4.00000E-01	 3.02808E+03	 3.13069E+03
 4.50000E-01	 3.02808E+03	 3.13069E+03
 4.50000E-01	 3.33592E+03	 3.44187E+03
 5.00000E-01	 3.33592E+03	 3.44187E+03
 5.00000E-01	 3.80703E+03	 3.94784E+03
 5.50000E-01	 3.80703E+03	 3.94784E+03
 5.50000E-01	 4.32527E+03	 4.48853E+03
 6.00000E-01	 4.32527E+03	 4.48853E+03
 6.00000E-01	 4.45228E+03	 4.60893E+03
 6.60000E-01	 4.45228E+03	 4.60893E+03
 6.60000E-01	 4.98042E+03	 5.17801E+03
 7.20000E-01	 4.98042E+03	 5.17801E+03
 7.20000E-01	 5.77180E+03	 6.05061E+03
 7.80000E-01	 5.77180E+03	 6.05061E+03
 7.80000E-01	 5.83946E+03	 6.09166E+03
 8.40000E-01	 5.83946E+03	 6.09166E+03
 8.40000E-01	 6.32564E+03	 6.59901E+03
 9.20000E-01	 6.32564E+03	 6.59901E+03
 9.20000E-01	 7.09412E+03	 7.39947E+03
 1.00000E+00	 7.09412E+03	 7.39947E+03
 1.00000E+00	 8.49657E+03	 8.74767E+03
 1.20000E+00	 8.49657E+03	 8.74767E+03
 1.20000E+00	 1.02475E+04	 1.05314E+04
 1.40000E+00	 1.02475E+04	 1.05314E+04
 1.40000E+00	 1.15244E+04	 1.18517E+04
 1.60000E+00	 1.15244E+04	 1.18517E+04
 1.60000E+00	 1.28277E+04	 1.31968E+04
 1.80000E+00	 1.28277E+04	 1.31968E+04
 1.80000E+00	 1.45552E+04	 1.49498E+04
 2.00000E+00	 1.45552E+04	 1.49498E+04
 2.00000E+00	 1.68135E+04	 1.71929E+04
 2.30000E+00	 1.68135E+04	 1.71929E+04
 2.30000E+00	 1.99497E+04	 2.03641E+04
 2.60000E+00	 1.99497E+04	 2.03641E+04
 2.60000E+00	 2.31298E+04	 2.35556E+04
 2.90000E+00	 2.31298E+04	 2.35556E+04
 2.90000E+00	 2.76297E+04	 2.80524E+04
 3.30000E+00	 2.76297E+04	 2.80524E+04
 3.30000E+00	 3.37718E+04	 3.42117E+04
 3.70000E+00	 3.37718E+04	 3.42117E+04
 3.70000E+00	 3.71735E+04	 3.76123E+04
 4.10000E+00	 3.71735E+04	 3.76123E+04
 4.10000E+00	 4.41469E+04	 4.46308E+04
 4.50000E+00	 4.41469E+04	 4.46308E+04
 4.50000E+00	 5.45303E+04	 5.49745E+04
 5.00000E+00	 5.45303E+04	 5.49745E+04
 5.00000E+00	 7.31318E+04	 7.36148E+04
 5.50000E+00	 7.31318E+04	 7.36148E+04
 5.50000E+00	 9.54624E+04	 9.59698E+04
 6.00000E+00	 9.54624E+04	 9.59698E+04
 6.00000E+00	 1.29726E+05	 1.30188E+05
 6.70000E+00	 1.29726E+05	 1.30188E+05
 6.70000E+00	 1.67363E+05	 1.67833E+05
 7.40000E+00	 1.67363E+05	 1.67833E+05
 7.40000E+00	 2.07382E+05	 2.07801E+05
 8.20000E+00	 2.07382E+05	 2.07801E+05
 8.20000E+00	 2.49078E+05	 2.49436E+05
 9.00000E+00	 2.49078E+05	 2.49436E+05
 9.00000E+00	 2.77515E+05	 2.77753E+05
 1.00000E+01	 2.77515E+05	 2.77753E+05
 1.00000E+01	 2.85246E+05	 2.85336E+05
 1.10000E+01	 2.85246E+05	 2.85336E+05
 1.10000E+01	 2.82657E+05	 2.82570E+05
 1.20000E+01	 2.82657E+05	 2.82570E+05
 1.20000E+01	 2.59789E+05	 2.59529E+05
 1.30000E+01	 2.59789E+05	 2.59529E+05
 1.30000E+01	 2.37799E+05	 2.37363E+05
 1.40000E+01	 2.37799E+05	 2.37363E+05
 1.40000E+01	 2.00959E+05	 2.00390E+05
 1.50000E+01	 2.00959E+05	 2.00390E+05
 1.50000E+01	 1.73089E+05	 1.72395E+05
 1.60000E+01	 1.73089E+05	 1.72395E+05
 1.60000E+01	 1.41798E+05	 1.41034E+05
 1.70000E+01	 1.41798E+05	 1.41034E+05
 1.70000E+01	 1.16828E+05	 1.16016E+05
 1.80000E+01	 1.16828E+05	 1.16016E+05
 1.80000E+01	 9.19497E+04	 9.11519E+04
 1.90000E+01	 9.19497E+04	 9.11519E+04
 1.90000E+01	 6.80474E+04	 6.72997E+04
 2.00000E+01	 6.80474E+04	 6.72997E+04
 2.00000E+01	 5.96951E+04	 5.89515E+04
 2.10000E+01	 5.96951E+04	 5.89515E+04
 2.10000E+01	 5.25800E+04	 5.18480E+04
 2.20000E+01	 5.25800E+04	 5.18480E+04
 2.20000E+01	 4.67639E+04	 4.60535E+04
 2.30000E+01	 4.67639E+04	 4.60535E+04
 2.30000E+01	 4.18592E+04	 4.11800E+04
 2.40000E+01	 4.18592E+04	 4.11800E+04
 2.40000E+01	 3.90012E+04	 3.83499E+04
 2.50000E+01	 3.90012E+04	 3.83499E+04
 2.50000E+01	 3.70410E+04	 3.64140E+04
 2.60000E+01	 3.70410E+04	 3.64140E+04
 2.60000E+01	 3.70648E+04	 3.64585E+04
 2.70000E+01	 3.70648E+04	 3.64585E+04
 2.70000E+01	 3.74351E+04	 3.68501E+04
 2.80000E+01	 3.74351E+04	 3.68501E+04
 2.80000E+01	 3.73246E+04	 3.67732E+04
 2.90000E+01	 3.73246E+04	 3.67732E+04
 2.90000E+01	 3.91528E+04	 3.86208E+04
 3.00000E+01	 3.91528E+04	 3.86208E+04
 3.00000E+01	 3.99302E+04	 3.94363E+04
 3.10000E+01	 3.99302E+04	 3.94363E+04
 3.10000E+01	 3.93223E+04	 3.88692E+04
 3.20000E+01	 3.93223E+04	 3.88692E+04
 3.20000E+01	 3.85571E+04	 3.81545E+04
 3.30000E+01	 3.85571E+04	 3.81545E+04
 3.30000E+01	 3.33442E+04	 3.30070E+04
 3.40000E+01	 3.33442E+04	 3.30070E+04
 3.40000E+01	 2.60222E+04	 2.57544E+04
 3.50000E+01	 2.60222E+04	 2.57544E+04
 3.50000E+01	 1.87830E+04	 1.85812E+04
 3.60000E+01	 1.87830E+04	 1.85812E+04
 3.60000E+01	 1.12436E+04	 1.11059E+04
 3.70000E+01	 1.12436E+04	 1.11059E+04
 3.70000E+01	 2.88224E+03	 2.82007E+03
 3.80000E+01	 2.88224E+03	 2.82007E+03
 3.80000E+01	 0.00000E+00	 0.00000E+00
 3.90000E+01	 0.00000E+00	 0.00000E+00
 3.90000E+01	 0.00000E+00	 0.00000E+00
 4.00000E+01	 0.00000E+00	 0.00000E+00
 4.00000E+01	 0.00000E+00	 0.00000E+00
 4.10000E+01	 0.00000E+00	 0.00000E+00
 4.10000E+01	 0.00000E+00	 0.00000E+00
 4.20000E+01	 0.00000E+00	 0.00000E+00
 4.20000E+01	 0.00000E+00	 0.00000E+00
 4.30000E+01	 0.00000E+00	 0.00000E+00
 4.30000E+01	 0.00000E+00	 0.00000E+00
 4.40000E+01	 0.00000E+00	 0.00000E+00
 4.40000E+01	 0.00000E+00	 0.00000E+00
 4.50000E+01	 0.00000E+00	 0.00000E+00
 4.50000E+01	 0.00000E+00	 0.00000E+00
 4.60000E+01	 0.00000E+00	 0.00000E+00
 4.60000E+01	 0.00000E+00	 0.00000E+00
 4.70000E+01	 0.00000E+00	 0.00000E+00
 4.70000E+01	 0.00000E+00	 0.00000E+00
 4.80000E+01	 0.00000E+00	 0.00000E+00
 4.80000E+01	 0.00000E+00	 0.00000E+00
 4.90000E+01	 0.00000E+00	 0.00000E+00
 4.90000E+01	 0.00000E+00	 0.00000E+00
 5.00000E+01	 0.00000E+00	 0.00000E+00
 5.00000E+01	 0.00000E+00	 0.00000E+00
 5.10000E+01	 0.00000E+00	 0.00000E+00
 5.10000E+01	 0.00000E+00	 0.00000E+00
 5.20000E+01	 0.00000E+00	 0.00000E+00
 5.20000E+01	 0.00000E+00	 0.00000E+00
 5.30000E+01	 0.00000E+00	 0.00000E+00
 5.30000E+01	 0.00000E+00	 0.00000E+00
 5.40000E+01	 0.00000E+00	 0.00000E+00
 5.40000E+01	 0.00000E+00	 0.00000E+00
 5.50000E+01	 0.00000E+00	 0.00000E+00
 5.50000E+01	 0.00000E+00	 0.00000E+00
 5.60000E+01	 0.00000E+00	 0.00000E+00
 5.60000E+01	 0.00000E+00	 0.00000E+00
 5.70000E+01	 0.00000E+00	 0.00000E+00
 5.70000E+01	 0.00000E+00	 0.00000E+00
 5.80000E+01	 0.00000E+00	 0.00000E+00
 5.80000E+01	 0.00000E+00	 0.00000E+00
 5.90000E+01	 0.00000E+00	 0.00000E+00
 5.90000E+01	 0.00000E+00	 0.00000E+00
 6.00000E+01	 0.00000E+00	 0.00000E+00
