NIF_RUN Passive 18x snout on TANDM 90-348 Pinhole
  140    5    1    0    0  <-- KG    KA    IPNT  IACT  KQT  (5I5)
0.005  9.0  0.005  0.001        <-- ACVX  FCHN  FCVX  FS         (free format)
0.0   0   0  1 1.0  <-- AK1   NORML ILOG  TIME  ACNM (free fmt: R,I,I,R,R)
ZR902    1.706E-12 0.010                       IFX
IN115N   4.881E-13 0.007                       IFX
AU197G   8.079E-14 0.010            AUNG 3.937 IFX
IN115G   1.161E-13 0.020            INNG 39.37 IFX
AU1972   1.218E-11 0.053                       IFX
Flux Uncertainty 
   4                          <-- NGP  (I4)
 1.00E-11  1E-4 12.99   20.1
 1  0.07 0.05 0.01
Input Flux Spectrum
 140 0 1.000E+00 0.000E+00 0.000E+00   <-- NGP, ITHERM, TNORM, TMPR, ETE  (2I4, 3F10.4)
 0 0 0 0 0 0 0 
 0 0 0 0 0 0 0 
 0 0 0 0 
6.0524E+11
2.5555E+11
6.0166E+10
2.8060E+10
1.6051E+10
1.0324E+10
7.3826E+10
3.7394E+10
2.3447E+10
1.3940E+10
1.0484E+10
6.9337E+09
4.8222E+09
5.0870E+09
4.1171E+10
5.6732E+10
1.2818E+11
1.5737E+10
3.4619E+10
6.0257E+10
1.3238E+11
1.3295E+12
1.7365E+12
1.7432E+12
2.1210E+11
1.9438E+11
1.3772E+11
1.5075E+11
1.2890E+12
8.3659E+11
7.6442E+11
4.5416E+10
4.3568E+10
3.6936E+10
3.5999E+10
2.9791E+11
3.0355E+11
2.7353E+11
2.9754E+10
3.9138E+10
3.4156E+10
4.0746E+10
3.9601E+11
4.8585E+11
5.9778E+11
7.3122E+10
7.3407E+10
8.6427E+10
9.8943E+10
1.0941E+12
8.6866E+11
8.7502E+11
3.3156E+10
2.9397E+10
2.4209E+10
1.7971E+10
1.1214E+11
5.1520E+10
4.3650E+10
3.7424E+09
2.4656E+09
2.2477E+09
2.1481E+09
2.1786E+10
1.9019E+10
2.2542E+10
3.4883E+09
5.5927E+09
9.9358E+09
1.3904E+10
2.0795E+11
2.3517E+11
3.1452E+11
3.9798E+11
2.6651E+11
1.3383E+12
1.5129E+12
 0.0000E+00 0.0000E+00 0.0000E+00
 0.0000E+00 0.0000E+00 0.0000E+00 0.0000E+00 0.0000E+00 0.0000E+00 0.0000E+00
 0.0000E+00 0.0000E+00 0.0000E+00 0.0000E+00 0.0000E+00 0.0000E+00 0.0000E+00
 0.0000E+00 0.0000E+00 0.0000E+00 0.0000E+00 0.0000E+00 0.0000E+00 0.0000E+00
 0.0000E+00 0.0000E+00 0.0000E+00 0.0000E+00 0.0000E+00 0.0000E+00 0.0000E+00
 0.0000E+00 0.0000E+00 0.0000E+00 0.0000E+00 0.0000E+00 0.0000E+00 0.0000E+00
 0.0000E+00 0.0000E+00 0.0000E+00 0.0000E+00 0.0000E+00 0.0000E+00 0.0000E+00 
  10  13  28  11  8  5  8  7 10 40
