   E (MeV)	Unadj. F×Eavg	Adj. F×Eavg
 1.00000E-10	 2.35533E+03	 4.04284E+04
 1.00000E-09	 2.35533E+03	 4.04284E+04
 1.00000E-09	 2.09959E+03	 3.08357E+04
 1.00000E-08	 2.09959E+03	 3.08357E+04
 1.00000E-08	 4.01376E+03	 5.22584E+04
 2.30000E-08	 4.01376E+03	 5.22584E+04
 2.30000E-08	 4.08446E+03	 4.93012E+04
 5.00000E-08	 4.08446E+03	 4.93012E+04
 5.00000E-08	 7.01033E+03	 7.83926E+04
 7.60000E-08	 7.01033E+03	 7.83926E+04
 7.60000E-08	 6.80036E+03	 7.03972E+04
 1.15000E-07	 6.80036E+03	 7.03972E+04
 1.15000E-07	 6.86828E+03	 6.50396E+04
 1.70000E-07	 6.86828E+03	 6.50396E+04
 1.70000E-07	 6.30000E+03	 5.40034E+04
 2.55000E-07	 6.30000E+03	 5.40034E+04
 2.55000E-07	 6.06773E+03	 4.66711E+04
 3.80000E-07	 6.06773E+03	 4.66711E+04
 3.80000E-07	 6.19356E+03	 4.25453E+04
 5.50000E-07	 6.19356E+03	 4.25453E+04
 5.50000E-07	 5.14126E+03	 3.14035E+04
 8.40000E-07	 5.14126E+03	 3.14035E+04
 8.40000E-07	 4.93989E+03	 2.67523E+04
 1.27500E-06	 4.93989E+03	 2.67523E+04
 1.27500E-06	 4.89767E+03	 2.35508E+04
 1.90000E-06	 4.89767E+03	 2.35508E+04
 1.90000E-06	 4.78562E+03	 2.04914E+04
 2.80000E-06	 4.78562E+03	 2.04914E+04
 2.80000E-06	 4.23699E+03	 1.61881E+04
 4.25000E-06	 4.23699E+03	 1.61881E+04
 4.25000E-06	 4.26588E+03	 1.45811E+04
 6.30000E-06	 4.26588E+03	 1.45811E+04
 6.30000E-06	 4.21759E+03	 1.29456E+04
 9.20000E-06	 4.21759E+03	 1.29456E+04
 9.20000E-06	 3.96635E+03	 1.09610E+04
 1.35000E-05	 3.96635E+03	 1.09610E+04
 1.35000E-05	 3.28844E+03	 8.18656E+03
 2.10000E-05	 3.28844E+03	 8.18656E+03
 2.10000E-05	 3.85847E+03	 8.67963E+03
 3.00000E-05	 3.85847E+03	 8.67963E+03
 3.00000E-05	 3.24895E+03	 6.62886E+03
 4.50000E-05	 3.24895E+03	 6.62886E+03
 4.50000E-05	 2.94944E+03	 5.47121E+03
 6.90000E-05	 2.94944E+03	 5.47121E+03
 6.90000E-05	 3.24583E+03	 5.50625E+03
 1.00000E-04	 3.24583E+03	 5.50625E+03
 1.00000E-04	 3.85104E+03	 6.02482E+03
 1.35000E-04	 3.85104E+03	 6.02482E+03
 1.35000E-04	 4.83839E+03	 7.04427E+03
 1.70000E-04	 4.83839E+03	 7.04427E+03
 1.70000E-04	 4.20972E+03	 5.75038E+03
 2.20000E-04	 4.20972E+03	 5.75038E+03
 2.20000E-04	 4.38851E+03	 5.66946E+03
 2.80000E-04	 4.38851E+03	 5.66946E+03
 2.80000E-04	 4.12616E+03	 5.08346E+03
 3.60000E-04	 4.12616E+03	 5.08346E+03
 3.60000E-04	 4.56216E+03	 5.40242E+03
 4.50000E-04	 4.56216E+03	 5.40242E+03
 4.50000E-04	 4.09762E+03	 4.69830E+03
 5.75000E-04	 4.09762E+03	 4.69830E+03
 5.75000E-04	 3.56329E+03	 3.97961E+03
 7.60000E-04	 3.56329E+03	 3.97961E+03
 7.60000E-04	 4.20510E+03	 4.59881E+03
 9.60000E-04	 4.20510E+03	 4.59881E+03
 9.60000E-04	 3.44124E+03	 3.70079E+03
 1.27500E-03	 3.44124E+03	 3.70079E+03
 1.27500E-03	 4.26156E+03	 4.52184E+03
 1.60000E-03	 4.26156E+03	 4.52184E+03
 1.60000E-03	 4.31117E+03	 4.52573E+03
 2.00000E-03	 4.31117E+03	 4.52573E+03
 2.00000E-03	 3.20062E+03	 3.33024E+03
 2.70000E-03	 3.20062E+03	 3.33024E+03
 2.70000E-03	 4.13659E+03	 4.27277E+03
 3.40000E-03	 4.13659E+03	 4.27277E+03
 3.40000E-03	 3.39692E+03	 3.48765E+03
 4.50000E-03	 3.39692E+03	 3.48765E+03
 4.50000E-03	 4.71535E+03	 4.81713E+03
 5.50000E-03	 4.71535E+03	 4.81713E+03
 5.50000E-03	 3.51335E+03	 3.57421E+03
 7.20000E-03	 3.51335E+03	 3.57421E+03
 7.20000E-03	 3.84766E+03	 3.90052E+03
 9.20000E-03	 3.84766E+03	 3.90052E+03
 9.20000E-03	 3.54590E+03	 3.58407E+03
 1.20000E-02	 3.54590E+03	 3.58407E+03
 1.20000E-02	 4.20819E+03	 4.24316E+03
 1.50000E-02	 4.20819E+03	 4.24316E+03
 1.50000E-02	 3.96917E+03	 3.99411E+03
 1.90000E-02	 3.96917E+03	 3.99411E+03
 1.90000E-02	 3.19334E+03	 3.20813E+03
 2.55000E-02	 3.19334E+03	 3.20813E+03
 2.55000E-02	 4.12221E+03	 4.13575E+03
 3.20000E-02	 4.12221E+03	 4.13575E+03
 3.20000E-02	 4.19102E+03	 4.20027E+03
 4.00000E-02	 4.19102E+03	 4.20027E+03
 4.00000E-02	 3.44385E+03	 3.44843E+03
 5.25000E-02	 3.44385E+03	 3.44843E+03
 5.25000E-02	 4.08307E+03	 4.08560E+03
 6.60000E-02	 4.08307E+03	 4.08560E+03
 6.60000E-02	 3.25480E+03	 3.25496E+03
 8.80000E-02	 3.25480E+03	 3.25496E+03
 8.80000E-02	 4.18336E+03	 4.18166E+03
 1.10000E-01	 4.18336E+03	 4.18166E+03
 1.10000E-01	 4.55418E+03	 4.55068E+03
 1.35000E-01	 4.55418E+03	 4.55068E+03
 1.35000E-01	 5.48237E+03	 5.47658E+03
 1.60000E-01	 5.48237E+03	 5.47658E+03
 1.60000E-01	 5.41957E+03	 5.41259E+03
 1.90000E-01	 5.41957E+03	 5.41259E+03
 1.90000E-01	 6.34777E+03	 6.33842E+03
 2.20000E-01	 6.34777E+03	 6.33842E+03
 2.20000E-01	 6.30297E+03	 6.29272E+03
 2.55000E-01	 6.30297E+03	 6.29272E+03
 2.55000E-01	 7.23106E+03	 7.21841E+03
 2.90000E-01	 7.23106E+03	 7.21841E+03
 2.90000E-01	 9.44169E+03	 9.42420E+03
 3.20000E-01	 9.44169E+03	 9.42420E+03
 3.20000E-01	 7.89363E+03	 7.87833E+03
 3.60000E-01	 7.89363E+03	 7.87833E+03
 3.60000E-01	 8.82176E+03	 8.80403E+03
 4.00000E-01	 8.82176E+03	 8.80403E+03
 4.00000E-01	 7.89268E+03	 7.87633E+03
 4.50000E-01	 7.89268E+03	 7.87633E+03
 4.50000E-01	 8.82123E+03	 8.80249E+03
 5.00000E-01	 8.82123E+03	 8.80249E+03
 5.00000E-01	 9.74905E+03	 9.72789E+03
 5.50000E-01	 9.74905E+03	 9.72789E+03
 5.50000E-01	 1.06775E+04	 1.06539E+04
 6.00000E-01	 1.06775E+04	 1.06539E+04
 6.00000E-01	 9.74861E+03	 9.72673E+03
 6.60000E-01	 9.74861E+03	 9.72673E+03
 6.60000E-01	 1.06770E+04	 1.06528E+04
 7.20000E-01	 1.06770E+04	 1.06528E+04
 7.20000E-01	 1.16495E+04	 1.16670E+04
 7.80000E-01	 1.16495E+04	 1.16670E+04
 7.80000E-01	 1.25702E+04	 1.25780E+04
 8.40000E-01	 1.25702E+04	 1.25780E+04
 8.40000E-01	 1.02661E+04	 1.02963E+04
 9.20000E-01	 1.02661E+04	 1.02963E+04
 9.20000E-01	 1.12435E+04	 1.13208E+04
 1.00000E+00	 1.12435E+04	 1.13208E+04
 1.00000E+00	 5.18597E+03	 5.25476E+03
 1.20000E+00	 5.18597E+03	 5.25476E+03
 1.20000E+00	 6.18961E+03	 6.33384E+03
 1.40000E+00	 6.18961E+03	 6.33384E+03
 1.40000E+00	 7.24949E+03	 7.53017E+03
 1.60000E+00	 7.24949E+03	 7.53017E+03
 1.60000E+00	 8.39730E+03	 8.91490E+03
 1.80000E+00	 8.39730E+03	 8.91490E+03
 1.80000E+00	 9.67678E+03	 1.05923E+04
 2.00000E+00	 9.67678E+03	 1.05923E+04
 2.00000E+00	 7.60358E+03	 8.66899E+03
 2.30000E+00	 7.60358E+03	 8.66899E+03
 2.30000E+00	 9.12379E+03	 1.09535E+04
 2.60000E+00	 9.12379E+03	 1.09535E+04
 2.60000E+00	 1.09015E+04	 1.39319E+04
 2.90000E+00	 1.09015E+04	 1.39319E+04
 2.90000E+00	 9.89742E+03	 1.35826E+04
 3.30000E+00	 9.89742E+03	 1.35826E+04
 3.30000E+00	 1.20621E+04	 1.78682E+04
 3.70000E+00	 1.20621E+04	 1.78682E+04
 3.70000E+00	 1.45181E+04	 2.32305E+04
 4.10000E+00	 1.45181E+04	 2.32305E+04
 4.10000E+00	 1.71975E+04	 2.95653E+04
 4.50000E+00	 1.71975E+04	 2.95653E+04
 4.50000E+00	 1.61229E+04	 2.94042E+04
 5.00000E+00	 1.61229E+04	 2.94042E+04
 5.00000E+00	 1.85192E+04	 3.51009E+04
 5.50000E+00	 1.85192E+04	 3.51009E+04
 5.50000E+00	 2.04735E+04	 3.91696E+04
 6.00000E+00	 2.04735E+04	 3.91696E+04
 6.00000E+00	 1.56423E+04	 2.89880E+04
 6.70000E+00	 1.56423E+04	 2.89880E+04
 6.70000E+00	 1.58815E+04	 2.69144E+04
 7.40000E+00	 1.58815E+04	 2.69144E+04
 7.40000E+00	 1.29088E+04	 1.83689E+04
 8.20000E+00	 1.29088E+04	 1.83689E+04
 8.20000E+00	 1.03107E+04	 1.06309E+04
 9.00000E+00	 1.03107E+04	 1.06309E+04
 9.00000E+00	 4.62457E+03	 2.42122E+03
 1.00000E+01	 4.62457E+03	 2.42122E+03
 1.00000E+01	 1.45722E+03	 2.17426E+02
 1.10000E+01	 1.45722E+03	 2.17426E+02
 1.10000E+01	 8.14147E+02	 6.19685E+01
 1.20000E+01	 8.14147E+02	 6.19685E+01
 1.20000E+01	 1.31949E+03	 1.49716E+02
 1.30000E+01	 1.31949E+03	 1.49716E+02
 1.30000E+01	 2.19398E+13	 1.56289E+13
 1.40000E+01	 2.19398E+13	 1.56289E+13
 1.40000E+01	 3.43678E+13	 2.46079E+13
 1.50000E+01	 3.43678E+13	 2.46079E+13
 1.50000E+01	 0.00000E+00	 0.00000E+00
 1.60000E+01	 0.00000E+00	 0.00000E+00
 1.60000E+01	 0.00000E+00	 0.00000E+00
 1.70000E+01	 0.00000E+00	 0.00000E+00
 1.70000E+01	 0.00000E+00	 0.00000E+00
 1.80000E+01	 0.00000E+00	 0.00000E+00
 1.80000E+01	 0.00000E+00	 0.00000E+00
 1.90000E+01	 0.00000E+00	 0.00000E+00
 1.90000E+01	 0.00000E+00	 0.00000E+00
 2.00000E+01	 0.00000E+00	 0.00000E+00
 2.00000E+01	 0.00000E+00	 0.00000E+00
 2.10000E+01	 0.00000E+00	 0.00000E+00
 2.10000E+01	 0.00000E+00	 0.00000E+00
 2.20000E+01	 0.00000E+00	 0.00000E+00
 2.20000E+01	 0.00000E+00	 0.00000E+00
 2.30000E+01	 0.00000E+00	 0.00000E+00
 2.30000E+01	 0.00000E+00	 0.00000E+00
 2.40000E+01	 0.00000E+00	 0.00000E+00
 2.40000E+01	 0.00000E+00	 0.00000E+00
 2.50000E+01	 0.00000E+00	 0.00000E+00
 2.50000E+01	 0.00000E+00	 0.00000E+00
 2.60000E+01	 0.00000E+00	 0.00000E+00
 2.60000E+01	 0.00000E+00	 0.00000E+00
 2.70000E+01	 0.00000E+00	 0.00000E+00
 2.70000E+01	 0.00000E+00	 0.00000E+00
 2.80000E+01	 0.00000E+00	 0.00000E+00
 2.80000E+01	 0.00000E+00	 0.00000E+00
 2.90000E+01	 0.00000E+00	 0.00000E+00
 2.90000E+01	 0.00000E+00	 0.00000E+00
 3.00000E+01	 0.00000E+00	 0.00000E+00
 3.00000E+01	 0.00000E+00	 0.00000E+00
 3.10000E+01	 0.00000E+00	 0.00000E+00
 3.10000E+01	 0.00000E+00	 0.00000E+00
 3.20000E+01	 0.00000E+00	 0.00000E+00
 3.20000E+01	 0.00000E+00	 0.00000E+00
 3.30000E+01	 0.00000E+00	 0.00000E+00
 3.30000E+01	 0.00000E+00	 0.00000E+00
 3.40000E+01	 0.00000E+00	 0.00000E+00
 3.40000E+01	 0.00000E+00	 0.00000E+00
 3.50000E+01	 0.00000E+00	 0.00000E+00
 3.50000E+01	 0.00000E+00	 0.00000E+00
 3.60000E+01	 0.00000E+00	 0.00000E+00
 3.60000E+01	 0.00000E+00	 0.00000E+00
 3.70000E+01	 0.00000E+00	 0.00000E+00
 3.70000E+01	 0.00000E+00	 0.00000E+00
 3.80000E+01	 0.00000E+00	 0.00000E+00
 3.80000E+01	 0.00000E+00	 0.00000E+00
 3.90000E+01	 0.00000E+00	 0.00000E+00
 3.90000E+01	 0.00000E+00	 0.00000E+00
 4.00000E+01	 0.00000E+00	 0.00000E+00
 4.00000E+01	 0.00000E+00	 0.00000E+00
 4.10000E+01	 0.00000E+00	 0.00000E+00
 4.10000E+01	 0.00000E+00	 0.00000E+00
 4.20000E+01	 0.00000E+00	 0.00000E+00
 4.20000E+01	 0.00000E+00	 0.00000E+00
 4.30000E+01	 0.00000E+00	 0.00000E+00
 4.30000E+01	 0.00000E+00	 0.00000E+00
 4.40000E+01	 0.00000E+00	 0.00000E+00
 4.40000E+01	 0.00000E+00	 0.00000E+00
 4.50000E+01	 0.00000E+00	 0.00000E+00
 4.50000E+01	 0.00000E+00	 0.00000E+00
 4.60000E+01	 0.00000E+00	 0.00000E+00
 4.60000E+01	 0.00000E+00	 0.00000E+00
 4.70000E+01	 0.00000E+00	 0.00000E+00
 4.70000E+01	 0.00000E+00	 0.00000E+00
 4.80000E+01	 0.00000E+00	 0.00000E+00
 4.80000E+01	 0.00000E+00	 0.00000E+00
 4.90000E+01	 0.00000E+00	 0.00000E+00
 4.90000E+01	 0.00000E+00	 0.00000E+00
 5.00000E+01	 0.00000E+00	 0.00000E+00
 5.00000E+01	 0.00000E+00	 0.00000E+00
 5.10000E+01	 0.00000E+00	 0.00000E+00
 5.10000E+01	 0.00000E+00	 0.00000E+00
 5.20000E+01	 0.00000E+00	 0.00000E+00
 5.20000E+01	 0.00000E+00	 0.00000E+00
 5.30000E+01	 0.00000E+00	 0.00000E+00
 5.30000E+01	 0.00000E+00	 0.00000E+00
 5.40000E+01	 0.00000E+00	 0.00000E+00
 5.40000E+01	 0.00000E+00	 0.00000E+00
 5.50000E+01	 0.00000E+00	 0.00000E+00
 5.50000E+01	 0.00000E+00	 0.00000E+00
 5.60000E+01	 0.00000E+00	 0.00000E+00
 5.60000E+01	 0.00000E+00	 0.00000E+00
 5.70000E+01	 0.00000E+00	 0.00000E+00
 5.70000E+01	 0.00000E+00	 0.00000E+00
 5.80000E+01	 0.00000E+00	 0.00000E+00
 5.80000E+01	 0.00000E+00	 0.00000E+00
 5.90000E+01	 0.00000E+00	 0.00000E+00
 5.90000E+01	 0.00000E+00	 0.00000E+00
 6.00000E+01	 0.00000E+00	 0.00000E+00
