   E (MeV)	Unadj. F×Eavg	Adj. F×Eavg
 1.00000E-10	 4.21981E-01	 4.21854E-01
 1.00000E-09	 4.21981E-01	 4.21854E-01
 1.00000E-09	 7.41855E+00	 7.41655E+00
 1.00000E-08	 7.41855E+00	 7.41655E+00
 1.00000E-08	 5.26164E+01	 5.26039E+01
 2.30000E-08	 5.26164E+01	 5.26039E+01
 2.30000E-08	 1.11762E+02	 1.11737E+02
 5.00000E-08	 1.11762E+02	 1.11737E+02
 5.00000E-08	 1.81866E+02	 1.81829E+02
 7.60000E-08	 1.81866E+02	 1.81829E+02
 7.60000E-08	 1.60430E+02	 1.60399E+02
 1.15000E-07	 1.60430E+02	 1.60399E+02
 1.15000E-07	 1.01117E+02	 1.01097E+02
 1.70000E-07	 1.01117E+02	 1.01097E+02
 1.70000E-07	 8.79825E+01	 8.79650E+01
 2.55000E-07	 8.79825E+01	 8.79650E+01
 2.55000E-07	 1.23974E+02	 1.23947E+02
 3.80000E-07	 1.23974E+02	 1.23947E+02
 3.80000E-07	 6.11444E+01	 6.11292E+01
 5.50000E-07	 6.11444E+01	 6.11292E+01
 5.50000E-07	 6.23734E+01	 6.23552E+01
 8.40000E-07	 6.23734E+01	 6.23552E+01
 8.40000E-07	 5.74123E+01	 5.73922E+01
 1.27500E-06	 5.74123E+01	 5.73922E+01
 1.27500E-06	 4.12962E+01	 4.12788E+01
 1.90000E-06	 4.12962E+01	 4.12788E+01
 1.90000E-06	 4.40944E+01	 4.40721E+01
 2.80000E-06	 4.40944E+01	 4.40721E+01
 2.80000E-06	 3.86435E+01	 3.86201E+01
 4.25000E-06	 3.86435E+01	 3.86201E+01
 4.25000E-06	 2.54413E+01	 2.54231E+01
 6.30000E-06	 2.54413E+01	 2.54231E+01
 6.30000E-06	 2.21892E+01	 2.21708E+01
 9.20000E-06	 2.21892E+01	 2.21708E+01
 9.20000E-06	 1.63437E+01	 1.63281E+01
 1.35000E-05	 1.63437E+01	 1.63281E+01
 1.35000E-05	 1.25399E+01	 1.25263E+01
 2.10000E-05	 1.25399E+01	 1.25263E+01
 2.10000E-05	 6.91133E+00	 6.90266E+00
 3.00000E-05	 6.91133E+00	 6.90266E+00
 3.00000E-05	 8.72294E+00	 8.71127E+00
 4.50000E-05	 8.72294E+00	 8.71127E+00
 4.50000E-05	 8.02086E+00	 8.00921E+00
 6.90000E-05	 8.02086E+00	 8.00921E+00
 6.90000E-05	 9.17191E+00	 9.15765E+00
 1.00000E-04	 9.17191E+00	 9.15765E+00
 1.00000E-04	 4.29699E+00	 4.28904E+00
 1.35000E-04	 4.29699E+00	 4.28904E+00
 1.35000E-04	 3.63560E+00	 3.62896E+00
 1.70000E-04	 3.63560E+00	 3.62896E+00
 1.70000E-04	 4.68019E+00	 4.67180E+00
 2.20000E-04	 4.68019E+00	 4.67180E+00
 2.20000E-04	 4.70881E+00	 4.70038E+00
 2.80000E-04	 4.70881E+00	 4.70038E+00
 2.80000E-04	 6.91427E+00	 6.90213E+00
 3.60000E-04	 6.91427E+00	 6.90213E+00
 3.60000E-04	 6.35494E+00	 6.34326E+00
 4.50000E-04	 6.35494E+00	 6.34326E+00
 4.50000E-04	 6.50994E+00	 6.49866E+00
 5.75000E-04	 6.50994E+00	 6.49866E+00
 5.75000E-04	 1.46107E+01	 1.45890E+01
 7.60000E-04	 1.46107E+01	 1.45890E+01
 7.60000E-04	 8.23996E+00	 8.22690E+00
 9.60000E-04	 8.23996E+00	 8.22690E+00
 9.60000E-04	 1.15182E+01	 1.15000E+01
 1.27500E-03	 1.15182E+01	 1.15000E+01
 1.27500E-03	 2.64015E+01	 2.63696E+01
 1.60000E-03	 2.64015E+01	 2.63696E+01
 1.60000E-03	 3.68918E+01	 3.68506E+01
 2.00000E-03	 3.68918E+01	 3.68506E+01
 2.00000E-03	 5.59998E+01	 5.59432E+01
 2.70000E-03	 5.59998E+01	 5.59432E+01
 2.70000E-03	 8.58896E+01	 8.58134E+01
 3.40000E-03	 8.58896E+01	 8.58134E+01
 3.40000E-03	 1.35990E+02	 1.35883E+02
 4.50000E-03	 1.35990E+02	 1.35883E+02
 4.50000E-03	 1.70948E+02	 1.70812E+02
 5.50000E-03	 1.70948E+02	 1.70812E+02
 5.50000E-03	 2.91500E+02	 2.91308E+02
 7.20000E-03	 2.91500E+02	 2.91308E+02
 7.20000E-03	 3.82364E+02	 3.82131E+02
 9.20000E-03	 3.82364E+02	 3.82131E+02
 9.20000E-03	 7.58702E+02	 7.58271E+02
 1.20000E-02	 7.58702E+02	 7.58271E+02
 1.20000E-02	 8.52546E+02	 8.52088E+02
 1.50000E-02	 8.52546E+02	 8.52088E+02
 1.50000E-02	 1.10097E+03	 1.10040E+03
 1.90000E-02	 1.10097E+03	 1.10040E+03
 1.90000E-02	 1.73686E+03	 1.73601E+03
 2.55000E-02	 1.73686E+03	 1.73601E+03
 2.55000E-02	 3.23362E+03	 3.23208E+03
 3.20000E-02	 3.23362E+03	 3.23208E+03
 3.20000E-02	 2.77674E+03	 2.77546E+03
 4.00000E-02	 2.77674E+03	 2.77546E+03
 4.00000E-02	 4.61371E+03	 4.61163E+03
 5.25000E-02	 4.61371E+03	 4.61163E+03
 5.25000E-02	 6.85170E+03	 6.84869E+03
 6.60000E-02	 6.85170E+03	 6.84869E+03
 6.60000E-02	 1.03547E+04	 1.03502E+04
 8.80000E-02	 1.03547E+04	 1.03502E+04
 8.80000E-02	 1.12965E+04	 1.12919E+04
 1.10000E-01	 1.12965E+04	 1.12919E+04
 1.10000E-01	 1.81055E+04	 1.80984E+04
 1.35000E-01	 1.81055E+04	 1.80984E+04
 1.35000E-01	 1.87657E+04	 1.87588E+04
 1.60000E-01	 1.87657E+04	 1.87588E+04
 1.60000E-01	 2.42320E+04	 2.42240E+04
 1.90000E-01	 2.42320E+04	 2.42240E+04
 1.90000E-01	 2.73995E+04	 2.73913E+04
 2.20000E-01	 2.73995E+04	 2.73913E+04
 2.20000E-01	 3.30762E+04	 3.30679E+04
 2.55000E-01	 3.30762E+04	 3.30679E+04
 2.55000E-01	 4.20030E+04	 4.19949E+04
 2.90000E-01	 4.20030E+04	 4.19949E+04
 2.90000E-01	 4.59385E+04	 4.59325E+04
 3.20000E-01	 4.59385E+04	 4.59325E+04
 3.20000E-01	 5.61139E+04	 5.61107E+04
 3.60000E-01	 5.61139E+04	 5.61107E+04
 3.60000E-01	 6.46195E+04	 6.46208E+04
 4.00000E-01	 6.46195E+04	 6.46208E+04
 4.00000E-01	 6.94877E+04	 6.94945E+04
 4.50000E-01	 6.94877E+04	 6.94945E+04
 4.50000E-01	 8.52013E+04	 8.52160E+04
 5.00000E-01	 8.52013E+04	 8.52160E+04
 5.00000E-01	 9.73000E+04	 9.73234E+04
 5.50000E-01	 9.73000E+04	 9.73234E+04
 5.50000E-01	 1.13093E+05	 1.13127E+05
 6.00000E-01	 1.13093E+05	 1.13127E+05
 6.00000E-01	 1.22839E+05	 1.22881E+05
 6.60000E-01	 1.22839E+05	 1.22881E+05
 6.60000E-01	 1.40321E+05	 1.40373E+05
 7.20000E-01	 1.40321E+05	 1.40373E+05
 7.20000E-01	 1.59094E+05	 1.59154E+05
 7.80000E-01	 1.59094E+05	 1.59154E+05
 7.80000E-01	 1.55838E+05	 1.55896E+05
 8.40000E-01	 1.55838E+05	 1.55896E+05
 8.40000E-01	 1.66221E+05	 1.66280E+05
 9.20000E-01	 1.66221E+05	 1.66280E+05
 9.20000E-01	 1.65317E+05	 1.65369E+05
 1.00000E+00	 1.65317E+05	 1.65369E+05
 1.00000E+00	 1.47706E+05	 1.47745E+05
 1.20000E+00	 1.47706E+05	 1.47745E+05
 1.20000E+00	 1.38139E+05	 1.38167E+05
 1.40000E+00	 1.38139E+05	 1.38167E+05
 1.40000E+00	 1.32604E+05	 1.32622E+05
 1.60000E+00	 1.32604E+05	 1.32622E+05
 1.60000E+00	 1.17447E+05	 1.17453E+05
 1.80000E+00	 1.17447E+05	 1.17453E+05
 1.80000E+00	 1.03698E+05	 1.03695E+05
 2.00000E+00	 1.03698E+05	 1.03695E+05
 2.00000E+00	 8.51674E+04	 8.51571E+04
 2.30000E+00	 8.51674E+04	 8.51571E+04
 2.30000E+00	 7.18406E+04	 7.18255E+04
 2.60000E+00	 7.18406E+04	 7.18255E+04
 2.60000E+00	 5.65303E+04	 5.65132E+04
 2.90000E+00	 5.65303E+04	 5.65132E+04
 2.90000E+00	 4.61865E+04	 4.61690E+04
 3.30000E+00	 4.61865E+04	 4.61690E+04
 3.30000E+00	 3.76018E+04	 3.75847E+04
 3.70000E+00	 3.76018E+04	 3.75847E+04
 3.70000E+00	 3.16850E+04	 3.16687E+04
 4.10000E+00	 3.16850E+04	 3.16687E+04
 4.10000E+00	 2.79705E+04	 2.79550E+04
 4.50000E+00	 2.79705E+04	 2.79550E+04
 4.50000E+00	 2.51115E+04	 2.50971E+04
 5.00000E+00	 2.51115E+04	 2.50971E+04
 5.00000E+00	 2.53996E+04	 2.53854E+04
 5.50000E+00	 2.53996E+04	 2.53854E+04
 5.50000E+00	 2.73935E+04	 2.73794E+04
 6.00000E+00	 2.73935E+04	 2.73794E+04
 6.00000E+00	 3.13698E+04	 3.13554E+04
 6.70000E+00	 3.13698E+04	 3.13554E+04
 6.70000E+00	 3.68127E+04	 3.67981E+04
 7.40000E+00	 3.68127E+04	 3.67981E+04
 7.40000E+00	 4.50539E+04	 4.50392E+04
 8.20000E+00	 4.50539E+04	 4.50392E+04
 8.20000E+00	 5.48328E+04	 5.48187E+04
 9.00000E+00	 5.48328E+04	 5.48187E+04
 9.00000E+00	 6.47803E+04	 6.47674E+04
 1.00000E+01	 6.47803E+04	 6.47674E+04
 1.00000E+01	 7.23276E+04	 7.23170E+04
 1.10000E+01	 7.23276E+04	 7.23170E+04
 1.10000E+01	 7.79517E+04	 7.79436E+04
 1.20000E+01	 7.79517E+04	 7.79436E+04
 1.20000E+01	 7.94585E+04	 7.94527E+04
 1.30000E+01	 7.94585E+04	 7.94527E+04
 1.30000E+01	 7.90655E+04	 7.90614E+04
 1.40000E+01	 7.90655E+04	 7.90614E+04
 1.40000E+01	 7.08735E+04	 7.08705E+04
 1.50000E+01	 7.08735E+04	 7.08705E+04
 1.50000E+01	 6.11957E+04	 6.11932E+04
 1.60000E+01	 6.11957E+04	 6.11932E+04
 1.60000E+01	 4.97752E+04	 4.97726E+04
 1.70000E+01	 4.97752E+04	 4.97726E+04
 1.70000E+01	 3.97578E+04	 3.97548E+04
 1.80000E+01	 3.97578E+04	 3.97548E+04
 1.80000E+01	 3.06219E+04	 3.06187E+04
 1.90000E+01	 3.06219E+04	 3.06187E+04
 1.90000E+01	 2.06841E+04	 2.06811E+04
 2.00000E+01	 2.06841E+04	 2.06811E+04
 2.00000E+01	 1.51980E+04	 1.51950E+04
 2.10000E+01	 1.51980E+04	 1.51950E+04
 2.10000E+01	 1.14971E+04	 1.14942E+04
 2.20000E+01	 1.14971E+04	 1.14942E+04
 2.20000E+01	 8.96183E+03	 8.95906E+03
 2.30000E+01	 8.96183E+03	 8.95906E+03
 2.30000E+01	 6.99754E+03	 6.99492E+03
 2.40000E+01	 6.99754E+03	 6.99492E+03
 2.40000E+01	 5.40819E+03	 5.40580E+03
 2.50000E+01	 5.40819E+03	 5.40580E+03
 2.50000E+01	 4.29584E+03	 4.29364E+03
 2.60000E+01	 4.29584E+03	 4.29364E+03
 2.60000E+01	 3.48792E+03	 3.48590E+03
 2.70000E+01	 3.48792E+03	 3.48590E+03
 2.70000E+01	 2.96514E+03	 2.96322E+03
 2.80000E+01	 2.96514E+03	 2.96322E+03
 2.80000E+01	 2.65010E+03	 2.64820E+03
 2.90000E+01	 2.65010E+03	 2.64820E+03
 2.90000E+01	 2.36206E+03	 2.36023E+03
 3.00000E+01	 2.36206E+03	 2.36023E+03
 3.00000E+01	 2.09168E+03	 2.08999E+03
 3.10000E+01	 2.09168E+03	 2.08999E+03
 3.10000E+01	 2.03672E+03	 2.03503E+03
 3.20000E+01	 2.03672E+03	 2.03503E+03
 3.20000E+01	 1.71660E+03	 1.71511E+03
 3.30000E+01	 1.71660E+03	 1.71511E+03
 3.30000E+01	 1.37102E+03	 1.36980E+03
 3.40000E+01	 1.37102E+03	 1.36980E+03
 3.40000E+01	 1.05342E+03	 1.05247E+03
 3.50000E+01	 1.05342E+03	 1.05247E+03
 3.50000E+01	 6.53903E+02	 6.53306E+02
 3.60000E+01	 6.53903E+02	 6.53306E+02
 3.60000E+01	 3.70119E+02	 3.69754E+02
 3.70000E+01	 3.70119E+02	 3.69754E+02
 3.70000E+01	 6.38806E+01	 6.37877E+01
 3.80000E+01	 6.38806E+01	 6.37877E+01
 3.80000E+01	 0.00000E+00	 0.00000E+00
 3.90000E+01	 0.00000E+00	 0.00000E+00
 3.90000E+01	 0.00000E+00	 0.00000E+00
 4.00000E+01	 0.00000E+00	 0.00000E+00
 4.00000E+01	 0.00000E+00	 0.00000E+00
 4.10000E+01	 0.00000E+00	 0.00000E+00
 4.10000E+01	 0.00000E+00	 0.00000E+00
 4.20000E+01	 0.00000E+00	 0.00000E+00
 4.20000E+01	 0.00000E+00	 0.00000E+00
 4.30000E+01	 0.00000E+00	 0.00000E+00
 4.30000E+01	 0.00000E+00	 0.00000E+00
 4.40000E+01	 0.00000E+00	 0.00000E+00
 4.40000E+01	 0.00000E+00	 0.00000E+00
 4.50000E+01	 0.00000E+00	 0.00000E+00
 4.50000E+01	 0.00000E+00	 0.00000E+00
 4.60000E+01	 0.00000E+00	 0.00000E+00
 4.60000E+01	 0.00000E+00	 0.00000E+00
 4.70000E+01	 0.00000E+00	 0.00000E+00
 4.70000E+01	 0.00000E+00	 0.00000E+00
 4.80000E+01	 0.00000E+00	 0.00000E+00
 4.80000E+01	 0.00000E+00	 0.00000E+00
 4.90000E+01	 0.00000E+00	 0.00000E+00
 4.90000E+01	 0.00000E+00	 0.00000E+00
 5.00000E+01	 0.00000E+00	 0.00000E+00
 5.00000E+01	 0.00000E+00	 0.00000E+00
 5.10000E+01	 0.00000E+00	 0.00000E+00
 5.10000E+01	 0.00000E+00	 0.00000E+00
 5.20000E+01	 0.00000E+00	 0.00000E+00
 5.20000E+01	 0.00000E+00	 0.00000E+00
 5.30000E+01	 0.00000E+00	 0.00000E+00
 5.30000E+01	 0.00000E+00	 0.00000E+00
 5.40000E+01	 0.00000E+00	 0.00000E+00
 5.40000E+01	 0.00000E+00	 0.00000E+00
 5.50000E+01	 0.00000E+00	 0.00000E+00
 5.50000E+01	 0.00000E+00	 0.00000E+00
 5.60000E+01	 0.00000E+00	 0.00000E+00
 5.60000E+01	 0.00000E+00	 0.00000E+00
 5.70000E+01	 0.00000E+00	 0.00000E+00
 5.70000E+01	 0.00000E+00	 0.00000E+00
 5.80000E+01	 0.00000E+00	 0.00000E+00
 5.80000E+01	 0.00000E+00	 0.00000E+00
 5.90000E+01	 0.00000E+00	 0.00000E+00
 5.90000E+01	 0.00000E+00	 0.00000E+00
 6.00000E+01	 0.00000E+00	 0.00000E+00
