NIF_RUN Passive 18x snout on TANDM 90-348 Pinhole
  140    5    1    0    0  <-- KG    KA    IPNT  IACT  KQT  (5I5)
0.005  9.0  0.005  0.001        <-- ACVX  FCHN  FCVX  FS         (free format)
0.0   0   0  1 1.0  <-- AK1   NORML ILOG  TIME  ACNM (free fmt: R,I,I,R,R)
ZR902    1.706E-12 0.010                       IFX
IN115N   4.881E-13 0.007                       IFX
AU197G   8.079E-14 0.010            AUNG 3.937 IFX
IN115G   1.161E-13 0.020            INNG 39.37 IFX
AU1972   1.218E-11 0.053                       IFX
Flux Uncertainty 
   4                          <-- NGP  (I4)
 1.00E-11  1 12.99   20.1
 10  0.15 0.1 0.03
Input Flux Spectrum
 140 0 1.000E+00 0.000E+00 0.000E+00   <-- NGP, ITHERM, TNORM, TMPR, ETE  (2I4, 3F10.4)
 0 0 0 0 0 0 0 
 0 0 0 0 0 0 0 
 0 0 0 0 
7.6976E+11
3.3323E+11
8.0794E+10
3.8926E+10
2.3123E+10
1.5574E+10
1.1796E+11
6.3982E+10
4.3399E+10
2.8229E+10
2.3512E+10
1.7401E+10
1.3546E+10
1.5981E+10
1.4288E+11
2.1229E+11
5.0338E+11
6.1040E+10
1.2607E+11
1.9850E+11
3.8482E+11
3.3620E+12
3.7919E+12
3.3083E+12
3.5404E+11
2.8961E+11
1.8579E+11
1.8728E+11
1.4987E+12
9.2369E+11
8.1198E+11
4.6919E+10
4.4136E+10
3.6861E+10
3.5458E+10
2.8945E+11
2.9015E+11
2.5605E+11
2.7126E+10
3.4529E+10
2.8999E+10
3.3156E+10
3.0807E+11
3.6120E+11
4.2522E+11
4.9942E+10
4.8436E+10
5.5542E+10
6.2498E+10
6.8641E+11
5.4788E+11
5.6182E+11
2.1995E+10
2.0421E+10
1.7771E+10
1.4063E+10
9.4328E+10
4.7044E+10
4.3550E+10
4.0890E+09
2.9533E+09
2.9463E+09
3.0667E+09
3.3579E+10
3.1181E+10
3.8480E+10
6.0414E+09
9.5286E+09
1.6152E+10
2.1026E+10
2.8715E+11
2.9348E+11
3.5408E+11
4.0626E+11
2.4927E+11
1.1842E+12
1.3200E+12
 0.0000E+00 0.0000E+00 0.0000E+00
 0.0000E+00 0.0000E+00 0.0000E+00 0.0000E+00 0.0000E+00 0.0000E+00 0.0000E+00
 0.0000E+00 0.0000E+00 0.0000E+00 0.0000E+00 0.0000E+00 0.0000E+00 0.0000E+00
 0.0000E+00 0.0000E+00 0.0000E+00 0.0000E+00 0.0000E+00 0.0000E+00 0.0000E+00
 0.0000E+00 0.0000E+00 0.0000E+00 0.0000E+00 0.0000E+00 0.0000E+00 0.0000E+00
 0.0000E+00 0.0000E+00 0.0000E+00 0.0000E+00 0.0000E+00 0.0000E+00 0.0000E+00
 0.0000E+00 0.0000E+00 0.0000E+00 0.0000E+00 0.0000E+00 0.0000E+00 0.0000E+00 
  10  13  28  11  8  5  8  7 10 40
