NIF_RUN Passive 18x snout on TANDM 90-348 Pinhole
  140    6    1    0    1  <-- KG    KA    IPNT  IACT  KQT  (5I5)
0.005  9.0  0.03  0.03        <-- ACVX  FCHN  FCVX  FS         (free format)
0.0   0   0  1 1.0  <-- AK1   NORML ILOG  TIME  ACNM (free fmt: R,I,I,R,R)
ZR902    4.147E-14 0.011                       IFX
IN115N   1.039E-14 0.012                       IFX
AU197G   2.386E-14 0.012            AUNG 3.937 IFX
IN115G   3.612E-14 0.028            INNG 39.37 IFX
AU1972   2.606E-13 0.012                       IFX
Al27A    1.501E-14 0.012                       IFX
Flux Uncertainty 
 140                          <-- NGP  (I4)
 0.0000E+00 0.0000E+00 0.0000E+00 0.0000E+00 0.0000E+00 0.0000E+00 0.0000E+00
 0.0000E+00 0.0000E+00 0.0000E+00 0.0000E+00 0.0000E+00 0.0000E+00 0.0000E+00 
 1.0 1.0 1.0 1.0 1.0 1.0 1.0
 1.0 1.0 1.0 1.0 1.0 1.0 1.0
 1.0 1.0 1.0 1.0 1.0 1.0 1.0
 1.0 1.0 1.0 1.0 1.0 1.0 1.0
 1.0 1.0 1.0 1.0 1.0 1.0 1.0
 1.0 1.0 1.0 1.0 1.0 1.0 1.0
 1.0 1.0 1.0 1.0 1.0 1.0 1.0
 1.0 1.0 1.0 1.0 1.0 1.0 1.0
 1.0 1.0 1.0 1.0 1.0 1.0 1.0
 1.0 1.0 1.0 1.0 1.0 1.0 1.0
 1.0 1.0 1.0 1.0 1.0 1.0 1.0
 1.0 1.0 1.0 1.0 0.0000E+00 0.0000E+00 0.0000E+00
 0.0000E+00 0.0000E+00 0.0000E+00 0.0000E+00 0.0000E+00 0.0000E+00 0.0000E+00
 0.0000E+00 0.0000E+00 0.0000E+00 0.0000E+00 0.0000E+00 0.0000E+00 0.0000E+00
 0.0000E+00 0.0000E+00 0.0000E+00 0.0000E+00 0.0000E+00 0.0000E+00 0.0000E+00
 0.0000E+00 0.0000E+00 0.0000E+00 0.0000E+00 0.0000E+00 0.0000E+00 0.0000E+00
 0.0000E+00 0.0000E+00 0.0000E+00 0.0000E+00 0.0000E+00 0.0000E+00 0.0000E+00
 0.0000E+00 0.0000E+00 0.0000E+00 0.0000E+00 0.0000E+00 0.0000E+00 0.0000E+00 
Input Flux Spectrum
 140 0 1.000E+00 0.000E+00 0.000E+00   <-- NGP, ITHERM, TNORM, TMPR, ETE  (2I4, 3F10.4)
 0.0000E+00 0.0000E+00 0.0000E+00 0.0000E+00 0.0000E+00 0.0000E+00 0.0000E+00
 0.0000E+00 0.0000E+00 0.0000E+00 0.0000E+00 0.0000E+00 0.0000E+00 0.0000E+00  
1.40E+04
2.10E+04
1.65E+05
2.05E+05
6.62E+05
6.99E+05
1.65E+06
4.21E+06
7.39E+06
8.40E+06
8.82E+06
1.15E+07
1.35E+07
1.60E+07
1.46E+07
1.76E+07
2.07E+07
1.69E+07
2.35E+07
2.00E+07
2.06E+07
3.05E+07
2.50E+07
3.59E+07
2.83E+07
4.07E+07
4.00E+07
5.02E+07
4.75E+07
5.60E+07
7.79E+07
6.81E+07
7.68E+07
1.06E+08
1.07E+08
1.52E+08
1.38E+08
1.44E+08
1.37E+08
1.53E+08
1.49E+08
1.65E+08
1.57E+08
1.30E+08
1.71E+08
1.63E+08
1.97E+08
1.89E+08
1.85E+08
1.78E+08
2.09E+08
1.99E+08
1.90E+08
1.83E+08
2.39E+08
2.09E+08
5.23E+08
5.08E+08
5.55E+08
5.87E+08
5.26E+08
7.41E+08
1.14E+09
5.84E+08
7.58E+08
8.70E+08
8.44E+08
7.28E+08
8.34E+08
7.76E+08
7.33E+08
1.12E+09
1.14E+09
1.37E+09
1.68E+09
2.58E+09
3.03E+09
4.03E+09
5.18E+09
6.62E+10
7.35E+10
 0.0000E+00 0.0000E+00 0.0000E+00
 0.0000E+00 0.0000E+00 0.0000E+00 0.0000E+00 0.0000E+00 0.0000E+00 0.0000E+00
 0.0000E+00 0.0000E+00 0.0000E+00 0.0000E+00 0.0000E+00 0.0000E+00 0.0000E+00
 0.0000E+00 0.0000E+00 0.0000E+00 0.0000E+00 0.0000E+00 0.0000E+00 0.0000E+00
 0.0000E+00 0.0000E+00 0.0000E+00 0.0000E+00 0.0000E+00 0.0000E+00 0.0000E+00
 0.0000E+00 0.0000E+00 0.0000E+00 0.0000E+00 0.0000E+00 0.0000E+00 0.0000E+00
 0.0000E+00 0.0000E+00 0.0000E+00 0.0000E+00 0.0000E+00 0.0000E+00 0.0000E+00 
  10  13  28  11  8  5  8  7 10 40
