   E (MeV)	Unadj. F×Eavg	Adj. F×Eavg
 1.00000E-10	 0.00000E+00	 0.00000E+00
 1.00000E-09	 0.00000E+00	 0.00000E+00
 1.00000E-09	 0.00000E+00	 0.00000E+00
 1.00000E-08	 0.00000E+00	 0.00000E+00
 1.00000E-08	 0.00000E+00	 0.00000E+00
 2.30000E-08	 0.00000E+00	 0.00000E+00
 2.30000E-08	 0.00000E+00	 0.00000E+00
 5.00000E-08	 0.00000E+00	 0.00000E+00
 5.00000E-08	 0.00000E+00	 0.00000E+00
 7.60000E-08	 0.00000E+00	 0.00000E+00
 7.60000E-08	 0.00000E+00	 0.00000E+00
 1.15000E-07	 0.00000E+00	 0.00000E+00
 1.15000E-07	 0.00000E+00	 0.00000E+00
 1.70000E-07	 0.00000E+00	 0.00000E+00
 1.70000E-07	 0.00000E+00	 0.00000E+00
 2.55000E-07	 0.00000E+00	 0.00000E+00
 2.55000E-07	 0.00000E+00	 0.00000E+00
 3.80000E-07	 0.00000E+00	 0.00000E+00
 3.80000E-07	 0.00000E+00	 0.00000E+00
 5.50000E-07	 0.00000E+00	 0.00000E+00
 5.50000E-07	 0.00000E+00	 0.00000E+00
 8.40000E-07	 0.00000E+00	 0.00000E+00
 8.40000E-07	 0.00000E+00	 0.00000E+00
 1.27500E-06	 0.00000E+00	 0.00000E+00
 1.27500E-06	 0.00000E+00	 0.00000E+00
 1.90000E-06	 0.00000E+00	 0.00000E+00
 1.90000E-06	 0.00000E+00	 0.00000E+00
 2.80000E-06	 0.00000E+00	 0.00000E+00
 2.80000E-06	 1.65775E-07	 1.79719E-07
 4.25000E-06	 1.65775E-07	 1.79719E-07
 4.25000E-06	 1.73983E-07	 1.88616E-07
 6.30000E-06	 1.73983E-07	 1.88616E-07
 6.30000E-06	 1.80593E-07	 1.95782E-07
 9.20000E-06	 1.80593E-07	 1.95782E-07
 9.20000E-06	 1.79046E-07	 1.94105E-07
 1.35000E-05	 1.79046E-07	 1.94105E-07
 1.35000E-05	 1.57304E-07	 1.70535E-07
 2.10000E-05	 1.57304E-07	 1.70535E-07
 2.10000E-05	 1.96705E-07	 2.13250E-07
 3.00000E-05	 1.96705E-07	 2.13250E-07
 3.00000E-05	 1.75799E-07	 1.90585E-07
 4.50000E-05	 1.75799E-07	 1.90585E-07
 4.50000E-05	 1.67881E-07	 1.82001E-07
 6.90000E-05	 1.67881E-07	 1.82001E-07
 6.90000E-05	 1.92992E-07	 2.09224E-07
 1.00000E-04	 1.92992E-07	 2.09224E-07
 1.00000E-04	 2.35134E-07	 2.54911E-07
 1.35000E-04	 2.35134E-07	 2.54911E-07
 1.35000E-04	 2.99058E-07	 3.24211E-07
 1.70000E-04	 2.99058E-07	 3.24211E-07
 1.70000E-04	 2.56620E-07	 2.78205E-07
 2.20000E-04	 2.56620E-07	 2.78205E-07
 2.20000E-04	 2.60999E-07	 2.82952E-07
 2.80000E-04	 2.60999E-07	 2.82952E-07
 2.80000E-04	 2.33819E-07	 2.53485E-07
 3.60000E-04	 2.33819E-07	 2.53485E-07
 3.60000E-04	 2.43153E-07	 2.63604E-07
 4.50000E-04	 2.43153E-07	 2.63604E-07
 4.50000E-04	 2.04444E-07	 2.21639E-07
 5.75000E-04	 2.04444E-07	 2.21639E-07
 5.75000E-04	 1.66809E-07	 1.80839E-07
 7.60000E-04	 1.66809E-07	 1.80839E-07
 7.60000E-04	 1.87878E-07	 2.03680E-07
 9.60000E-04	 1.87878E-07	 2.03680E-07
 9.60000E-04	 1.51453E-07	 1.64192E-07
 1.27500E-03	 1.51453E-07	 1.64192E-07
 1.27500E-03	 1.93074E-07	 2.09313E-07
 1.60000E-03	 1.93074E-07	 2.09313E-07
 1.60000E-03	 2.11972E-07	 2.29802E-07
 2.00000E-03	 2.11972E-07	 2.29802E-07
 2.00000E-03	 1.82574E-07	 1.97934E-07
 2.70000E-03	 1.82574E-07	 1.97934E-07
 2.70000E-03	 2.94545E-07	 3.19333E-07
 3.40000E-03	 2.94545E-07	 3.19333E-07
 3.40000E-03	 3.19420E-07	 3.46320E-07
 4.50000E-03	 3.19420E-07	 3.46320E-07
 4.50000E-03	 1.10300E-04	 1.19599E-04
 5.50000E-03	 1.10300E-04	 1.19599E-04
 5.50000E-03	 1.11308E-04	 1.20709E-04
 7.20000E-03	 1.11308E-04	 1.20709E-04
 7.20000E-03	 9.34570E-04	 1.01375E-03
 9.20000E-03	 9.34570E-04	 1.01375E-03
 9.20000E-03	 5.51382E-04	 5.98334E-04
 1.20000E-02	 5.51382E-04	 5.98334E-04
 1.20000E-02	 1.37364E-03	 1.49156E-03
 1.50000E-02	 1.37364E-03	 1.49156E-03
 1.50000E-02	 6.43654E-03	 6.99617E-03
 1.90000E-02	 6.43654E-03	 6.99617E-03
 1.90000E-02	 1.69517E-02	 1.84539E-02
 2.55000E-02	 1.69517E-02	 1.84539E-02
 2.55000E-02	 2.07185E-02	 2.26062E-02
 3.20000E-02	 2.07185E-02	 2.26062E-02
 3.20000E-02	 1.74709E-03	 1.91256E-03
 4.00000E-02	 1.74709E-03	 1.91256E-03
 4.00000E-02	 3.26363E-03	 3.58929E-03
 5.25000E-02	 3.26363E-03	 3.58929E-03
 5.25000E-02	 3.37159E-03	 3.73132E-03
 6.60000E-02	 3.37159E-03	 3.73132E-03
 6.60000E-02	 1.28551E-03	 1.43440E-03
 8.80000E-02	 1.28551E-03	 1.43440E-03
 8.80000E-02	 6.53484E-04	 7.36729E-04
 1.10000E-01	 6.53484E-04	 7.36729E-04
 1.10000E-01	 8.53403E-04	 9.74082E-04
 1.35000E-01	 8.53403E-04	 9.74082E-04
 1.35000E-01	 2.37195E-04	 2.74539E-04
 1.60000E-01	 2.37195E-04	 2.74539E-04
 1.60000E-01	 2.01944E-03	 2.37162E-03
 1.90000E-01	 2.01944E-03	 2.37162E-03
 1.90000E-01	 2.93167E-02	 3.48989E-02
 2.20000E-01	 2.93167E-02	 3.48989E-02
 2.20000E-01	 1.68182E+00	 2.02308E+00
 2.55000E-01	 1.68182E+00	 2.02308E+00
 2.55000E-01	 2.37597E+02	 2.87240E+02
 2.90000E-01	 2.37597E+02	 2.87240E+02
 2.90000E-01	 2.31641E+04	 2.79349E+04
 3.20000E-01	 2.31641E+04	 2.79349E+04
 3.20000E-01	 5.14488E+05	 6.05237E+05
 3.60000E-01	 5.14488E+05	 6.05237E+05
 3.60000E-01	 5.48881E+07	 6.35288E+07
 4.00000E-01	 5.48881E+07	 6.35288E+07
 4.00000E-01	 1.72821E+09	 1.95976E+09
 4.50000E-01	 1.72821E+09	 1.95976E+09
 4.50000E-01	 5.85837E+10	 6.50797E+10
 5.00000E-01	 5.85837E+10	 6.50797E+10
 5.00000E-01	 4.39342E+11	 4.80250E+11
 5.50000E-01	 4.39342E+11	 4.80250E+11
 5.50000E-01	 9.28282E+11	 1.01061E+12
 6.00000E-01	 9.28282E+11	 1.01061E+12
 6.00000E-01	 5.66435E+11	 6.19941E+11
 6.60000E-01	 5.66435E+11	 6.19941E+11
 6.60000E-01	 4.07909E+10	 4.54044E+10
 7.20000E-01	 4.07909E+10	 4.54044E+10
 7.20000E-01	 1.31230E+09	 1.49126E+09
 7.80000E-01	 1.31230E+09	 1.49126E+09
 7.80000E-01	 8.20483E+06	 9.51140E+06
 8.40000E-01	 8.20483E+06	 9.51140E+06
 8.40000E-01	 3.71606E+04	 4.37408E+04
 9.20000E-01	 3.71606E+04	 4.37408E+04
 9.20000E-01	 6.52276E+01	 7.74278E+01
 1.00000E+00	 6.52276E+01	 7.74278E+01
 1.00000E+00	 8.13874E-02	 9.67373E-02
 1.20000E+00	 8.13874E-02	 9.67373E-02
 1.20000E+00	 7.52276E-05	 8.90014E-05
 1.40000E+00	 7.52276E-05	 8.90014E-05
 1.40000E+00	 5.70855E-08	 6.69569E-08
 1.60000E+00	 5.70855E-08	 6.69569E-08
 1.60000E+00	 7.37401E-12	 8.55981E-12
 1.80000E+00	 7.37401E-12	 8.55981E-12
 1.80000E+00	 3.71867E-16	 4.27330E-16
 2.00000E+00	 3.71867E-16	 4.27330E-16
 2.00000E+00	 2.32020E-21	 2.64456E-21
 2.30000E+00	 2.32020E-21	 2.64456E-21
 2.30000E+00	 3.98058E-26	 4.51440E-26
 2.60000E+00	 3.98058E-26	 4.51440E-26
 2.60000E+00	 1.07874E-24	 1.22220E-24
 2.90000E+00	 1.07874E-24	 1.22220E-24
 2.90000E+00	 3.37683E-05	 3.83995E-05
 3.30000E+00	 3.37683E-05	 3.83995E-05
 3.30000E+00	 2.91728E-12	 3.34624E-12
 3.70000E+00	 2.91728E-12	 3.34624E-12
 3.70000E+00	 9.92694E-15	 1.15443E-14
 4.10000E+00	 9.92694E-15	 1.15443E-14
 4.10000E+00	 5.36503E-20	 6.35546E-20
 4.50000E+00	 5.36503E-20	 6.35546E-20
 4.50000E+00	 2.32165E-48	 2.81181E-48
 5.00000E+00	 2.32165E-48	 2.81181E-48
 5.00000E+00	 2.68218E-32	 3.32710E-32
 5.50000E+00	 2.68218E-32	 3.32710E-32
 5.50000E+00	 6.01296E-42	 7.63199E-42
 6.00000E+00	 6.01296E-42	 7.63199E-42
 6.00000E+00	 2.30450E-44	 2.98001E-44
 6.70000E+00	 2.30450E-44	 2.98001E-44
 6.70000E+00	 4.89768E-46	 6.40131E-46
 7.40000E+00	 4.89768E-46	 6.40131E-46
 7.40000E+00	 7.96934E-65	 1.04106E-64
 8.20000E+00	 7.96934E-65	 1.04106E-64
 8.20000E+00	 2.11479E-35	 2.72440E-35
 9.00000E+00	 2.11479E-35	 2.72440E-35
 9.00000E+00	 5.92423E-29	 7.42131E-29
 1.00000E+01	 5.92423E-29	 7.42131E-29
 1.00000E+01	 3.82767E-14	 4.60199E-14
 1.10000E+01	 3.82767E-14	 4.60199E-14
 1.10000E+01	 3.75882E-02	 4.29501E-02
 1.20000E+01	 3.75882E-02	 4.29501E-02
 1.20000E+01	 1.03598E+12	 1.13265E+12
 1.30000E+01	 1.03598E+12	 1.13265E+12
 1.30000E+01	 1.33578E+07	 1.45984E+07
 1.40000E+01	 1.33578E+07	 1.45984E+07
 1.40000E+01	 9.96588E+10	 1.08935E+11
 1.50000E+01	 9.96588E+10	 1.08935E+11
 1.50000E+01	 4.31788E+11	 4.72387E+11
 1.60000E+01	 4.31788E+11	 4.72387E+11
 1.60000E+01	 0.00000E+00	 0.00000E+00
 1.70000E+01	 0.00000E+00	 0.00000E+00
 1.70000E+01	 0.00000E+00	 0.00000E+00
 1.80000E+01	 0.00000E+00	 0.00000E+00
 1.80000E+01	 0.00000E+00	 0.00000E+00
 1.90000E+01	 0.00000E+00	 0.00000E+00
 1.90000E+01	 0.00000E+00	 0.00000E+00
 2.00000E+01	 0.00000E+00	 0.00000E+00
 2.00000E+01	 0.00000E+00	 0.00000E+00
 2.10000E+01	 0.00000E+00	 0.00000E+00
 2.10000E+01	 0.00000E+00	 0.00000E+00
 2.20000E+01	 0.00000E+00	 0.00000E+00
 2.20000E+01	 0.00000E+00	 0.00000E+00
 2.30000E+01	 0.00000E+00	 0.00000E+00
 2.30000E+01	 0.00000E+00	 0.00000E+00
 2.40000E+01	 0.00000E+00	 0.00000E+00
 2.40000E+01	 0.00000E+00	 0.00000E+00
 2.50000E+01	 0.00000E+00	 0.00000E+00
 2.50000E+01	 0.00000E+00	 0.00000E+00
 2.60000E+01	 0.00000E+00	 0.00000E+00
 2.60000E+01	 0.00000E+00	 0.00000E+00
 2.70000E+01	 0.00000E+00	 0.00000E+00
 2.70000E+01	 0.00000E+00	 0.00000E+00
 2.80000E+01	 0.00000E+00	 0.00000E+00
 2.80000E+01	 0.00000E+00	 0.00000E+00
 2.90000E+01	 0.00000E+00	 0.00000E+00
 2.90000E+01	 0.00000E+00	 0.00000E+00
 3.00000E+01	 0.00000E+00	 0.00000E+00
 3.00000E+01	 0.00000E+00	 0.00000E+00
 3.10000E+01	 0.00000E+00	 0.00000E+00
 3.10000E+01	 0.00000E+00	 0.00000E+00
 3.20000E+01	 0.00000E+00	 0.00000E+00
 3.20000E+01	 0.00000E+00	 0.00000E+00
 3.30000E+01	 0.00000E+00	 0.00000E+00
 3.30000E+01	 0.00000E+00	 0.00000E+00
 3.40000E+01	 0.00000E+00	 0.00000E+00
 3.40000E+01	 0.00000E+00	 0.00000E+00
 3.50000E+01	 0.00000E+00	 0.00000E+00
 3.50000E+01	 0.00000E+00	 0.00000E+00
 3.60000E+01	 0.00000E+00	 0.00000E+00
 3.60000E+01	 0.00000E+00	 0.00000E+00
 3.70000E+01	 0.00000E+00	 0.00000E+00
 3.70000E+01	 0.00000E+00	 0.00000E+00
 3.80000E+01	 0.00000E+00	 0.00000E+00
 3.80000E+01	 0.00000E+00	 0.00000E+00
 3.90000E+01	 0.00000E+00	 0.00000E+00
 3.90000E+01	 0.00000E+00	 0.00000E+00
 4.00000E+01	 0.00000E+00	 0.00000E+00
 4.00000E+01	 0.00000E+00	 0.00000E+00
 4.10000E+01	 0.00000E+00	 0.00000E+00
 4.10000E+01	 0.00000E+00	 0.00000E+00
 4.20000E+01	 0.00000E+00	 0.00000E+00
 4.20000E+01	 0.00000E+00	 0.00000E+00
 4.30000E+01	 0.00000E+00	 0.00000E+00
 4.30000E+01	 0.00000E+00	 0.00000E+00
 4.40000E+01	 0.00000E+00	 0.00000E+00
 4.40000E+01	 0.00000E+00	 0.00000E+00
 4.50000E+01	 0.00000E+00	 0.00000E+00
 4.50000E+01	 0.00000E+00	 0.00000E+00
 4.60000E+01	 0.00000E+00	 0.00000E+00
 4.60000E+01	 0.00000E+00	 0.00000E+00
 4.70000E+01	 0.00000E+00	 0.00000E+00
 4.70000E+01	 0.00000E+00	 0.00000E+00
 4.80000E+01	 0.00000E+00	 0.00000E+00
 4.80000E+01	 0.00000E+00	 0.00000E+00
 4.90000E+01	 0.00000E+00	 0.00000E+00
 4.90000E+01	 0.00000E+00	 0.00000E+00
 5.00000E+01	 0.00000E+00	 0.00000E+00
 5.00000E+01	 0.00000E+00	 0.00000E+00
 5.10000E+01	 0.00000E+00	 0.00000E+00
 5.10000E+01	 0.00000E+00	 0.00000E+00
 5.20000E+01	 0.00000E+00	 0.00000E+00
 5.20000E+01	 0.00000E+00	 0.00000E+00
 5.30000E+01	 0.00000E+00	 0.00000E+00
 5.30000E+01	 0.00000E+00	 0.00000E+00
 5.40000E+01	 0.00000E+00	 0.00000E+00
 5.40000E+01	 0.00000E+00	 0.00000E+00
 5.50000E+01	 0.00000E+00	 0.00000E+00
 5.50000E+01	 0.00000E+00	 0.00000E+00
 5.60000E+01	 0.00000E+00	 0.00000E+00
 5.60000E+01	 0.00000E+00	 0.00000E+00
 5.70000E+01	 0.00000E+00	 0.00000E+00
 5.70000E+01	 0.00000E+00	 0.00000E+00
 5.80000E+01	 0.00000E+00	 0.00000E+00
 5.80000E+01	 0.00000E+00	 0.00000E+00
 5.90000E+01	 0.00000E+00	 0.00000E+00
 5.90000E+01	 0.00000E+00	 0.00000E+00
 6.00000E+01	 0.00000E+00	 0.00000E+00
