$SPEC_ID:
Pulser
$SPEC_REM:
DET# 2
DETDESC# DETECTOR 2
AP# GammaVision Version 7.01.03
$DATE_MEA:
04/20/2017 09:49:34
$MEAS_TIM:
2915 2941
$DATA:
0 8191
       0
       0
       0
       0
       0
       0
       0
       0
       0
       0
       0
       0
       0
       0
       0
       0
       0
       0
       0
       0
       0
       0
       0
     106
    5390
    6339
    3664
    3068
    2960
    2891
    3176
    3956
    5353
    7170
    7353
    6357
    4593
    3690
    4330
    5820
    8759
   10587
   10418
    8471
    6040
    4329
    3324
    3395
    3639
    3947
    4033
    4084
    3783
    3568
    3072
    2989
    2953
    2765
    2862
    2894
    2831
    2878
    2747
    2878
    2894
    2824
    2789
    2750
    2584
    2695
    2538
    2512
    2620
    2625
    2612
    2565
    2547
    2574
    2528
    2553
    2546
    2570
    2602
    2677
    2656
    2626
    2574
    2628
    2527
    2567
    2639
    2637
    2573
    2605
    2747
    2651
    2699
    2715
    2715
    2745
    2799
    2842
    2811
    2724
    2886
    2888
    2868
    3010
    2907
    2922
    3036
    3007
    3025
    2980
    3030
    3045
    3193
    3183
    3225
    3266
    3272
    3204
    3401
    3363
    3570
    3636
    3773
    3686
    3714
    3733
    3688
    3847
    3798
    3953
    4050
    4060
    4023
    3956
    3911
    3903
    3932
    3945
    3889
    4013
    4071
    3990
    4116
    4197
    4123
    4230
    4167
    4271
    4215
    4409
    4371
    4378
    4684
    6267
   11593
   22942
   33730
   32026
   20102
    9841
    5490
    4582
    4517
    4523
    4579
    4597
    4715
    4855
    4960
    4994
    5113
    5191
    5056
    5100
    5220
    5330
    5385
    5280
    5615
    5907
    6105
    5948
    5833
    5739
    6168
    6534
    6417
    5861
    5399
    5148
    5202
    5312
    5315
    5220
    5162
    5277
    5251
    5118
    5283
    5247
    5215
    5269
    5486
    5362
    5425
    5696
    6201
    6654
    6723
    6891
    6776
    6106
    5597
    5235
    5108
    5186
    5256
    5288
    5318
    5127
    5160
    5347
    5644
    5772
    5938
    5924
    7091
   12594
   27639
   51041
   67955
   63781
   44140
   26745
   22111
   25397
   24905
   18628
   11590
    7251
    5914
    6269
   10264
   19354
   31729
   39158
   33976
   21159
   10768
    6240
    4731
    4426
    4498
    4468
    4409
    4355
    4340
    4270
    4259
    4078
    4379
    4233
    4412
    4431
    4348
    4255
    4219
    4261
    4362
    4321
    4600
    4834
    5206
    6283
    8229
   10998
   13545
   14877
   13900
   11357
    9639
    8756
    8085
    7443
    7048
    7539
    7567
    6446
    5250
    3808
    3000
    2636
    2531
    2396
    2387
    2404
    2333
    2352
    2397
    2390
    2439
    2515
    2465
    2370
    2440
    2430
    2424
    2306
    2464
    2360
    2376
    2435
    2363
    2534
    2373
    2410
    2371
    2348
    2281
    2427
    2440
    2319
    2442
    2451
    2304
    2380
    2553
    2645
    2610
    2598
    2467
    2387
    2414
    2321
    2330
    2308
    2383
    2301
    2412
    2409
    2337
    2387
    2342
    2283
    2384
    2338
    2276
    2332
    2410
    2332
    2368
    2358
    2298
    2260
    2319
    2296
    2564
    2844
    3312
    3772
    3642
    3303
    2690
    2422
    2272
    2289
    2324
    2226
    2288
    2201
    2316
    2318
    2230
    2196
    2250
    2208
    2220
    2275
    2239
    2286
    2304
    2328
    2247
    2316
    2244
    2205
    2129
    2088
    2063
    2185
    2170
    2116
    2080
    2050
    2124
    2135
    2130
    2139
    2080
    2192
    2145
    2171
    2186
    2196
    2119
    2232
    2316
    2618
    2762
    2783
    2630
    2460
    2139
    2115
    2076
    2079
    2116
    1989
    2016
    2105
    2063
    2111
    2034
    2081
    2096
    2011
    2058
    2030
    2010
    2067
    1955
    1998
    2066
    2035
    1972
    1909
    2030
    1973
    1945
    2048
    1961
    2009
    1997
    1933
    1920
    1870
    1861
    1998
    1954
    1939
    1938
    1866
    1992
    1931
    1994
    2012
    2058
    1980
    1984
    2005
    2053
    2652
    4062
    6349
    9006
   10150
    9011
    6328
    3915
    2341
    1950
    1853
    1923
    1845
    1882
    1867
    1834
    1804
    1814
    1922
    1853
    1879
    1863
    1820
    1865
    1774
    1942
    1873
    1883
    1877
    1869
    1826
    1824
    1760
    1752
    1800
    1794
    1680
    1758
    1757
    1777
    1701
    1730
    1760
    1860
    1836
    1765
    1799
    1714
    1766
    1803
    1836
    2076
    2271
    2354
    2393
    2133
    1927
    1782
    1645
    1728
    1693
    1686
    1693
    1630
    1670
    1747
    1656
    1625
    1606
    1621
    1610
    1580
    1670
    1599
    1627
    1583
    1646
    1571
    1569
    1578
    1609
    1589
    1570
    1555
    1556
    1499
    1572
    1551
    1545
    1587
    1567
    1521
    1616
    1559
    1471
    1580
    1530
    1479
    1505
    1524
    1556
    1445
    1484
    1553
    1564
    1572
    1508
    1560
    1616
    1554
    1518
    1508
    1495
    1399
    1510
    1435
    1460
    1458
    1416
    1441
    1429
    1463
    1371
    1405
    1362
    1450
    1403
    1383
    1359
    1369
    1387
    1379
    1332
    1408
    1323
    1399
    1375
    1396
    1371
    1347
    1341
    1410
    1311
    1360
    1363
    1338
    1348
    1317
    1298
    1394
    1390
    1315
    1310
    1299
    1309
    1350
    1357
    1296
    1289
    1246
    1320
    1297
    1302
    1395
    1305
    1395
    1305
    1305
    1305
    1339
    1273
    1278
    1266
    1267
    1301
    1285
    1260
    1315
    1330
    1279
    1249
    1290
    1269
    1401
    1462
    1668
    1736
    1700
    1712
    1522
    1360
    1314
    1177
    1234
    1180
    1227
    1251
    1190
    1224
    1195
    1190
    1166
    1172
    1211
    1158
    1152
    1185
    1182
    1200
    1226
    1203
    1127
    1199
    1215
    1228
    1137
    1150
    1187
    1188
    1123
    1181
    1173
    1153
    1205
    1213
    1159
    1167
    1185
    1197
    1118
    1250
    1229
    1153
    1178
    1211
    1174
    1208
    1099
    1100
    1169
    1156
    1040
    1127
    1193
    1072
    1051
    1201
    1115
    1118
    1111
    1072
    1124
    1106
    1093
    1074
    1142
    1069
    1051
    1134
    1049
    1089
    1119
    1073
    1113
    1134
    1041
    1018
    1060
    1025
    1082
    1083
    1065
    1067
    1093
    1088
    1040
    1073
    1067
    1093
    1048
    1041
    1085
    1095
    1036
    1091
    1064
    1013
    1034
    1077
    1083
    1015
    1058
    1081
    1044
    1039
    1045
    1037
    1073
     971
     978
     969
    1065
     988
     983
    1011
    1095
    1024
     994
    1055
    1027
     964
     967
    1061
    1026
     979
    1015
     960
    1064
    1026
    1012
    1032
     990
    1012
     981
     981
     933
     954
     967
    1004
     955
    1026
    1007
     982
     972
     959
     966
     933
     927
     969
     965
     961
     959
    1015
     985
     925
     989
     978
    1057
     946
     924
     968
     994
     951
     989
     980
     964
     960
     907
     903
     975
     916
     882
     925
     970
     912
     940
     944
     948
     951
     935
     902
     915
     938
     899
     951
     942
     957
     916
     865
     918
     933
     941
     922
     872
     934
     863
     988
     876
    1015
     888
     931
     950
     902
     884
     920
     922
     905
     859
     881
     952
     889
     842
     886
     929
     858
     909
     849
     866
     894
     937
     897
     912
     858
     814
     925
     806
     844
     865
     837
     876
     828
     865
     886
     920
     860
     882
     820
     874
     874
     847
     930
     906
     840
     889
     895
     844
     854
     868
     842
     840
     799
     846
     862
     842
     860
     795
     839
     826
     830
     874
     875
     829
     816
     802
     814
     821
     795
     862
     837
     805
     858
     835
     815
     910
     862
     826
     815
     793
     860
     837
     858
     808
     842
     850
     839
     847
     833
     807
     807
     858
     843
     783
     840
     799
     812
     791
     807
     795
     830
     809
     833
     815
     776
     808
     814
     751
     801
     828
     823
     832
     790
     789
     794
     814
     765
     833
     825
     808
     788
     859
     827
     801
     808
     836
     756
     768
     834
     810
     761
     817
     796
     808
     729
     823
     751
     781
     770
     821
     775
     793
     728
     855
     768
     788
     770
     773
     791
     777
     792
     804
     787
     789
     743
     780
     765
     771
     814
     770
     732
     737
     746
     753
     751
     724
     763
     791
     795
     739
     776
     778
     749
     786
     727
     708
     771
     736
     772
     779
     741
     728
     742
     666
     759
     772
     737
     726
     726
     748
     747
     784
     748
     714
     743
     689
     778
     708
     744
     700
     703
     711
     782
     694
     736
     698
     769
     705
     746
     811
     744
     756
     707
     699
     694
     710
     726
     767
     748
     727
     781
     724
     710
     708
     762
     706
     703
     746
     782
     743
     669
     735
     719
     700
     725
     752
     691
     773
     731
     735
     755
     747
     670
     756
     727
     694
     725
     722
     679
     716
     693
     714
     746
     699
     732
     693
     691
     689
     693
     711
     687
     709
     647
     701
     706
     704
     678
     676
     687
     694
     665
     654
     723
     677
     687
     674
     669
     678
     716
     667
     690
     711
     648
     714
     706
     720
     664
     724
     661
     665
     705
     673
     696
     673
     693
     724
     721
     673
     682
     694
     679
     682
     691
     653
     706
     674
     683
     692
     692
     679
     692
     706
     691
     675
     674
     700
     708
     666
     736
     697
     634
     673
     676
     658
     722
     671
     694
     688
     681
     616
     687
     665
     709
     666
     678
     623
     707
     644
     621
     610
     708
     687
     693
     669
     708
     634
     657
     674
     676
     686
     678
     643
     640
     692
     660
     659
     678
     637
     694
     673
     622
     661
     593
     653
     641
     639
     640
     677
     654
     657
     650
     686
     623
     647
     677
     668
     659
     639
     636
     659
     610
     623
     660
     620
     625
     629
     652
     636
     650
     609
     613
     659
     659
     648
     617
     656
     605
     623
     686
     645
     662
     633
     607
     666
     669
     637
     612
     605
     615
     659
     623
     672
     669
     671
     641
     627
     628
     613
     654
     596
     616
     606
     589
     645
     623
     686
     628
     579
     642
     610
     663
     641
     659
     678
     656
     621
     624
     628
     605
     573
     619
     645
     637
     622
     608
     585
     614
     632
     595
     629
     620
     644
     662
     631
     648
     594
     602
     573
     618
     636
     617
     610
     624
     605
     642
     581
     647
     612
     600
     603
     626
     610
     628
     629
     617
     614
     639
     628
     632
     659
     573
     608
     580
     634
     592
     632
     632
     603
     552
     650
     647
     569
     599
     588
     639
     610
     582
     623
     610
     604
     568
     605
     590
     605
     552
     594
     656
     613
     567
     618
     587
     586
     593
     554
     624
     566
     601
     608
     619
     582
     618
     581
     588
     577
     622
     633
     598
     534
     619
     573
     604
     588
     604
     540
     634
     537
     601
     549
     594
     597
     603
     583
     617
     594
     600
     590
     612
     568
     598
     650
     566
     590
     589
     593
     587
     551
     588
     600
     554
     592
     546
     609
     571
     573
     568
     581
     593
     594
     581
     564
     568
     555
     575
     565
     593
     584
     624
     585
     639
     622
     634
     573
     626
     643
     597
     625
     618
     539
     529
     548
     582
     611
     579
     558
     568
     513
     531
     542
     605
     555
     564
     568
     569
     560
     518
     556
     546
     563
     544
     599
     562
     533
     553
     575
     625
     580
     596
     560
     567
     578
     548
     545
     555
     591
     526
     532
     531
     567
     589
     520
     533
     558
     559
     579
     563
     532
     587
     541
     562
     569
     582
     551
     559
     546
     516
     587
     544
     499
     516
     535
     543
     584
     573
     540
     566
     562
     550
     585
     504
     585
     557
     530
     486
     519
     552
     552
     498
     566
     483
     551
     555
     504
     498
     529
     539
     576
     552
     483
     531
     499
     534
     515
     522
     530
     514
     533
     523
     542
     570
     498
     545
     530
     544
     535
     538
     553
     536
     532
     508
     532
     535
     548
     534
     501
     512
     493
     522
     465
     536
     514
     537
     499
     542
     469
     531
     511
     478
     513
     508
     532
     545
     500
     518
     540
     514
     490
     538
     504
     497
     503
     524
     534
     496
     489
     524
     510
     472
     532
     518
     520
     522
     526
     511
     524
     506
     534
     518
     512
     450
     458
     492
     501
     463
     512
     519
     468
     484
     464
     515
     484
     511
     483
     495
     512
     481
     489
     485
     492
     498
     493
     514
     503
     539
     485
     469
     513
     510
     490
     486
     513
     513
     512
     512
     486
     540
     490
     488
     490
     497
     496
     485
     485
     504
     485
     460
     472
     465
     466
     470
     500
     482
     451
     432
     466
     477
     511
     506
     485
     483
     485
     475
     499
     476
     507
     474
     482
     481
     496
     475
     507
     474
     501
     501
     458
     475
     479
     493
     485
     490
     473
     498
     490
     472
     475
     465
     502
     507
     494
     455
     465
     513
     457
     490
     471
     499
     492
     464
     483
     467
     481
     487
     493
     468
     504
     497
     451
     491
     447
     478
     470
     457
     457
     452
     498
     474
     475
     463
     437
     468
     474
     473
     403
     457
     457
     471
     467
     488
     461
     490
     475
     458
     473
     473
     470
     470
     471
     481
     456
     501
     498
     491
     451
     468
     484
     457
     446
     462
     453
     476
     511
     486
     465
     487
     450
     472
     483
     500
     497
     470
     483
     461
     468
     447
     452
     465
     509
     464
     446
     478
     496
     495
     514
     465
     514
     462
     472
     452
     451
     458
     473
     479
     431
     443
     457
     446
     487
     434
     511
     438
     446
     438
     452
     428
     409
     453
     474
     456
     452
     451
     429
     437
     426
     455
     467
     460
     443
     444
     455
     440
     470
     468
     445
     422
     459
     447
     430
     416
     456
     450
     431
     434
     457
     452
     431
     497
     408
     438
     424
     453
     432
     426
     459
     454
     456
     432
     463
     430
     435
     457
     435
     443
     456
     455
     436
     422
     463
     441
     422
     443
     457
     458
     422
     440
     394
     441
     456
     405
     448
     447
     462
     490
     518
     479
     563
     523
     529
     585
     529
     567
     600
     626
     588
     560
     506
     453
     456
     398
     436
     432
     419
     422
     435
     395
     401
     453
     422
     426
     417
     424
     455
     425
     457
     437
     397
     397
     414
     433
     444
     406
     421
     430
     431
     399
     429
     459
     396
     411
     414
     421
     426
     425
     378
     403
     424
     438
     416
     466
     446
     431
     504
     523
     547
     652
     729
     824
     885
     943
    1008
    1067
     974
     954
     790
     743
     579
     514
     505
     475
     409
     404
     419
     443
     397
     440
     414
     369
     387
     400
     401
     417
     385
     442
     418
     437
     408
     409
     430
     422
     400
     406
     385
     438
     396
     414
     423
     404
     402
     404
     348
     439
     437
     415
     410
     429
     422
     428
     474
     466
     476
     518
     448
     481
     480
     498
     433
     413
     389
     388
     428
     366
     388
     387
     389
     343
     390
     359
     390
     388
     403
     387
     370
     392
     410
     396
     420
     366
     374
     348
     409
     393
     374
     388
     390
     371
     376
     399
     372
     341
     359
     391
     346
     402
     345
     382
     372
     382
     391
     391
     381
     360
     393
     388
     380
     385
     364
     348
     388
     406
     327
     364
     383
     401
     351
     356
     336
     366
     356
     370
     351
     368
     377
     351
     363
     330
     344
     374
     390
     361
     364
     352
     376
     356
     382
     374
     343
     371
     357
     336
     362
     374
     359
     357
     321
     352
     377
     347
     343
     353
     360
     362
     356
     367
     354
     366
     326
     339
     362
     341
     333
     347
     343
     364
     348
     353
     358
     358
     339
     351
     364
     341
     354
     344
     371
     360
     312
     350
     343
     360
     336
     365
     357
     337
     319
     338
     350
     382
     357
     354
     300
     353
     344
     306
     328
     338
     322
     356
     314
     330
     293
     334
     334
     325
     326
     328
     361
     326
     324
     331
     335
     368
     305
     312
     349
     306
     359
     359
     318
     338
     363
     347
     345
     335
     318
     334
     303
     321
     362
     347
     308
     329
     330
     316
     317
     300
     298
     337
     354
     337
     312
     303
     341
     358
     313
     291
     330
     334
     353
     302
     325
     305
     340
     310
     322
     299
     323
     343
     323
     311
     319
     308
     314
     310
     294
     295
     321
     323
     312
     290
     336
     312
     325
     320
     333
     337
     311
     284
     314
     299
     285
     314
     342
     349
     311
     349
     322
     352
     338
     343
     309
     344
     336
     318
     351
     330
     357
     293
     322
     352
     312
     325
     288
     330
     278
     299
     320
     282
     315
     320
     279
     301
     303
     292
     327
     302
     260
     261
     288
     303
     284
     318
     279
     297
     288
     311
     292
     324
     289
     275
     286
     319
     300
     281
     267
     282
     290
     291
     275
     246
     313
     282
     268
     278
     303
     262
     305
     289
     280
     290
     282
     268
     268
     292
     289
     277
     256
     272
     254
     285
     293
     278
     250
     275
     293
     298
     261
     302
     274
     285
     260
     278
     316
     255
     250
     279
     286
     276
     310
     309
     278
     279
     253
     256
     278
     283
     302
     260
     285
     271
     284
     291
     294
     313
     300
     284
     309
     308
     323
     321
     273
     316
     293
     325
     298
     290
     280
     297
     290
     295
     243
     248
     291
     258
     234
     251
     259
     249
     246
     266
     254
     272
     254
     267
     264
     238
     279
     266
     268
     271
     272
     285
     250
     255
     266
     262
     278
     257
     261
     298
     258
     229
     246
     283
     228
     253
     256
     283
     279
     241
     266
     281
     313
     296
     341
     300
     261
     263
     261
     278
     255
     258
     240
     247
     247
     264
     270
     232
     255
     243
     244
     251
     253
     205
     225
     260
     247
     236
     249
     244
     247
     249
     240
     236
     243
     227
     288
     236
     234
     235
     269
     244
     225
     213
     251
     238
     231
     215
     237
     270
     256
     258
     246
     244
     235
     233
     205
     247
     240
     226
     247
     243
     200
     247
     232
     236
     212
     217
     234
     243
     252
     221
     240
     245
     245
     221
     244
     249
     228
     230
     243
     238
     221
     236
     262
     235
     254
     235
     211
     227
     234
     227
     260
     255
     241
     208
     220
     212
     199
     224
     227
     243
     196
     206
     217
     180
     225
     241
     223
     224
     243
     221
     211
     231
     240
     225
     202
     244
     190
     213
     234
     244
     248
     240
     255
     247
     229
     278
     266
     304
     336
     390
     422
     492
     580
     629
     841
     957
    1089
    1137
    1170
    1307
    1348
    1291
    1132
    1013
     793
     592
     495
     411
     344
     321
     292
     245
     208
     239
     210
     213
     188
     200
     223
     191
     204
     194
     209
     222
     187
     197
     219
     203
     204
     194
     174
     198
     190
     214
     229
     201
     186
     211
     183
     186
     215
     210
     209
     213
     203
     198
     191
     204
     202
     195
     218
     209
     192
     205
     174
     208
     219
     214
     166
     202
     198
     198
     228
     232
     220
     216
     192
     184
     207
     191
     202
     181
     226
     177
     193
     205
     197
     193
     196
     191
     199
     198
     188
     202
     206
     188
     206
     196
     187
     215
     174
     167
     190
     177
     181
     185
     191
     207
     204
     179
     183
     200
     210
     205
     184
     198
     185
     188
     186
     186
     201
     207
     170
     179
     199
     186
     200
     158
     197
     190
     185
     179
     195
     197
     203
     171
     182
     177
     196
     175
     174
     175
     165
     182
     179
     184
     180
     165
     176
     147
     182
     168
     200
     195
     165
     211
     163
     168
     191
     185
     193
     203
     178
     184
     167
     172
     180
     182
     165
     181
     159
     156
     170
     179
     160
     167
     182
     178
     169
     183
     163
     176
     177
     185
     157
     162
     201
     193
     176
     172
     178
     179
     186
     150
     156
     192
     162
     142
     168
     190
     144
     166
     170
     172
     155
     180
     148
     158
     158
     169
     169
     170
     178
     146
     161
     165
     161
     171
     175
     171
     173
     158
     172
     161
     188
     163
     148
     157
     164
     157
     171
     164
     173
     139
     148
     151
     154
     137
     131
     146
     171
     165
     167
     148
     170
     140
     146
     168
     144
     150
     151
     169
     173
     147
     167
     162
     163
     134
     149
     165
     153
     125
     155
     139
     159
     163
     163
     149
     140
     146
     139
     139
     160
     158
     136
     143
     162
     151
     144
     151
     143
     141
     145
     168
     169
     141
     163
     174
     145
     148
     158
     151
     144
     167
     144
     165
     156
     135
     149
     144
     134
     161
     146
     133
     138
     146
     143
     157
     132
     151
     163
     146
     151
     128
     142
     135
     132
     126
     129
     126
     149
     117
     145
     134
     137
     128
     140
     149
     151
     119
     157
     132
     155
     134
     166
     146
     127
     152
     143
     146
     139
     144
     145
     126
     135
     144
     153
     165
     133
     145
     120
     148
     131
     114
     121
     129
     133
     142
     132
     139
     135
     117
     127
     152
     122
     140
     145
     119
     115
     129
     129
     131
     112
     121
     123
     133
     142
     122
     128
     118
     130
     124
     105
     123
     134
     122
     109
     127
     146
     136
     135
     144
      98
     128
     124
     125
     126
     108
     109
     119
     127
     124
     133
     129
     112
     101
     123
     123
     114
     124
     106
     123
     133
     113
     103
     126
     117
     130
     125
     123
     123
     128
     105
     106
     125
     118
     130
     115
     126
     112
     128
     125
     121
     111
     131
     123
      93
     102
      92
     106
     115
     100
     123
     117
     111
     104
     115
     115
     121
     103
     137
     116
     115
      95
     108
     105
     123
     112
     104
     107
     114
     121
     107
     104
     121
     102
     128
     101
     102
     100
     125
      94
      92
     112
     106
     109
     106
     103
     111
     114
      98
     112
     122
     107
     115
     132
     114
     112
     106
     106
     124
     113
     125
     122
     110
     124
     143
     112
     126
     142
     108
     107
     117
     109
     120
      95
      96
      98
     116
      97
     100
      98
      96
     115
     103
     107
     103
     103
     108
      99
     110
      95
      94
     102
      99
     109
      92
      87
     104
     100
      76
     103
     104
     101
     124
      88
      99
     107
      91
      96
      87
      86
      92
      97
      94
      84
      86
      85
      90
      99
      93
      73
     100
     103
      94
      92
     104
      97
      97
     110
      95
      77
     102
     100
      82
      83
      94
      81
      81
      91
      79
      92
     101
      83
      80
      90
      82
      92
     106
      78
      89
      98
      91
      84
      80
      94
      84
      85
      82
      96
      92
     103
      92
      92
      75
      87
      79
      91
      73
      89
      94
      77
      95
      86
      98
      81
     102
      91
      94
      82
      98
      87
      71
      89
      75
      84
      93
      76
      94
      95
      77
      65
      75
      70
      70
      77
      77
      88
      69
      77
      72
      90
      70
      72
      64
      62
      81
      83
      81
      86
      72
      74
      74
      73
      85
      71
      79
      70
     108
      76
      76
      81
      79
      91
      82
      75
      73
      74
      82
      77
      78
      84
      86
      68
      85
      77
      83
      74
      86
      87
      83
      91
      74
      81
      76
      75
      70
      79
      71
      73
      73
      83
      75
      61
      73
      71
      77
      64
      71
      65
      52
      60
      70
      66
      77
      67
      77
      72
      78
      58
      88
      68
      69
      77
      67
      78
      61
      80
      69
      69
      74
      66
      63
      70
      69
      73
      68
      59
      72
      64
      83
      70
      62
      67
      71
      83
      64
      74
      67
      73
      73
      64
      66
      63
      63
      81
      60
      67
      74
      55
      63
      67
      74
      59
      79
      74
      71
      70
      64
      68
      62
      76
      57
      73
      66
      75
      52
      53
      62
      72
      52
      57
      63
      64
      71
      76
      64
      67
      67
      64
      67
      61
      67
      71
      71
      78
      64
      49
      55
      70
      62
      63
      58
      60
      47
      43
      65
      71
      65
      56
      68
      46
      56
      60
      35
      60
      46
      45
      64
      68
      43
      60
      50
      64
      54
      53
      59
      62
      58
      50
      61
      49
      64
      51
      61
      44
      59
      50
      57
      56
      51
      58
      55
      50
      51
      51
      55
      59
      45
      51
      56
      57
      49
      60
      74
      57
      56
      42
      59
      47
      59
      55
      48
      54
      40
      50
      52
      49
      45
      56
      66
      62
      46
      52
      51
      42
      46
      43
      55
      45
      51
      51
      41
      47
      41
      44
      45
      35
      39
      46
      43
      57
      62
      44
      59
      55
      53
      43
      46
      37
      62
      43
      47
      41
      53
      46
      52
      47
      50
      55
      42
      53
      42
      52
      52
      41
      47
      47
      45
      45
      33
      44
      45
      43
      40
      40
      41
      56
      31
      49
      38
      41
      47
      55
      55
      55
      34
      44
      44
      49
      45
      43
      43
      53
      44
      45
      46
      46
      31
      26
      41
      48
      25
      39
      38
      46
      30
      38
      37
      48
      40
      33
      33
      38
      42
      28
      42
      39
      42
      31
      38
      40
      41
      36
      39
      46
      36
      36
      50
      26
      42
      33
      41
      41
      38
      29
      44
      22
      39
      41
      36
      44
      42
      44
      47
      51
      31
      39
      35
      30
      35
      40
      42
      33
      34
      37
      39
      50
      26
      40
      30
      41
      39
      43
      37
      31
      42
      42
      46
      40
      39
      33
      34
      37
      43
      38
      28
      39
      34
      44
      33
      38
      41
      30
      29
      28
      37
      37
      43
      31
      28
      35
      29
      30
      28
      30
      37
      33
      26
      35
      33
      28
      33
      28
      27
      31
      24
      36
      29
      24
      33
      28
      38
      30
      32
      31
      32
      39
      25
      24
      33
      29
      29
      39
      31
      38
      33
      28
      23
      29
      32
      36
      28
      36
      26
      28
      30
      30
      32
      23
      26
      38
      29
      23
      19
      28
      24
      23
      22
      29
      35
      27
      41
      24
      24
      34
      32
      26
      28
      23
      23
      38
      27
      28
      27
      36
      33
      30
      26
      27
      40
      28
      44
      30
      24
      29
      25
      26
      28
      36
      29
      23
      25
      22
      27
      29
      25
      25
      39
      15
      21
      19
      25
      21
      27
      30
      12
      27
      33
      24
      26
      24
      17
      17
      19
      24
      28
      25
      25
      19
      26
      27
      18
      25
      27
      23
      23
      23
      21
      20
      17
      32
      26
      27
      26
      16
      31
      17
      18
      22
      23
      22
      23
      24
      24
      26
      16
      27
      27
      24
      21
      21
      22
      25
      26
      20
      13
      14
      21
      27
      11
      19
      18
      19
      15
      25
      15
      25
      13
      24
      21
      16
      15
      24
      19
      21
      16
      22
      16
      16
      18
      15
      29
      18
      15
      20
      18
      20
      17
      21
      19
      22
      19
      24
      24
      28
      18
      13
      19
      19
      18
      22
      20
      22
      16
      23
      21
      18
      13
      23
      19
      16
      12
      20
      17
      23
      13
      16
      17
      18
      17
      21
      16
      33
      11
      14
       9
      20
      12
      24
      14
      10
      15
      15
       9
      12
      15
      12
      16
      20
      15
      16
      14
      10
      13
      11
      20
      14
       9
      20
      19
      18
       9
      17
      23
      11
      17
      12
      17
      25
      19
      14
      23
      21
      20
      18
      19
      18
      18
      20
      20
      23
      16
      16
      20
      18
      23
      16
      16
      12
      13
      10
      15
      13
      11
      12
      10
      15
      18
      13
      21
      13
      12
      19
      13
       9
      13
      11
      12
      13
      16
      19
       9
      15
       9
      12
       9
      15
      10
      11
      18
      14
      12
      15
      14
      10
      12
      13
       9
       6
      15
      16
      10
      11
       9
       9
      15
       5
      14
      16
      10
       7
      15
      12
      13
      10
      11
       6
      13
      10
       9
      11
      17
      10
      12
       8
       4
      14
       8
      13
       3
       7
       8
      13
      12
      11
      16
      10
       7
      12
      18
      20
      13
      15
      13
      13
      16
      14
       9
      19
      10
      13
      11
      14
      20
      14
      17
      11
      20
      15
       9
      18
      12
      14
      10
      12
      13
      12
      16
      15
      10
       9
      11
      13
       7
       7
      10
       9
      10
       8
      10
      11
      12
      11
      10
      13
       8
      10
      11
       6
       8
       7
       3
      12
      12
      11
      12
       9
       8
       6
      10
      11
      15
       7
      10
      15
      11
       4
       5
       7
       3
       9
       9
       9
       9
      11
       6
       6
       8
       6
      10
      10
      11
       8
       8
       3
       8
      13
       6
       8
       6
       9
       5
      15
       4
       7
       6
      10
       4
       6
       7
       7
      10
      12
       5
       7
      10
      12
      17
       9
       8
       5
       9
      11
       8
       8
       7
      10
      11
       5
       7
       6
       9
       5
       6
       8
      10
       9
       4
      10
       8
       5
       6
       3
       6
       3
       5
       8
       5
       4
       9
       6
       6
       5
       6
       6
       5
       5
       3
       7
       6
       6
       6
       5
       6
       8
       1
       2
       8
       2
       1
      10
       5
       7
       2
       3
       5
       2
       7
       5
       6
       5
       9
       7
       9
       4
       2
       3
       2
       5
       3
       6
       5
       5
       7
       9
       3
       7
       4
       3
       7
       9
      13
       2
       6
       4
       4
       5
       3
       5
       5
       0
       5
       8
       6
       7
       3
       1
       1
       5
       8
       4
       5
       5
       5
       5
       2
       6
       3
       1
       3
       5
       4
       1
       1
       3
       5
       4
       4
       6
       5
       2
       2
       7
       2
       6
       5
       4
       4
       2
       7
       3
       2
       5
       5
       4
       3
       3
       2
       5
       2
       0
       3
       7
       2
       1
       3
       3
       3
       1
       5
       3
       4
       4
       2
       0
       7
       5
       1
       4
       4
       3
       4
       4
       1
       3
       0
       6
       2
       3
       5
       3
       2
       2
       1
       4
       1
       4
       4
       1
       2
       2
       1
       2
       4
       8
       2
       2
       5
       5
       5
       2
       5
       4
       5
       4
       6
       5
       4
       3
       3
       7
       2
       4
       4
       4
       5
       3
       1
       1
       5
       2
       1
       4
       2
       3
       2
       0
       5
       0
       1
       1
       2
       2
       1
       2
       0
       0
       1
       5
       2
       3
       6
       5
       0
       1
       4
       1
       1
       0
       1
       3
       3
       4
       4
       1
       2
       2
       2
       2
       1
       4
       3
       1
       6
       2
       3
       4
       2
       2
       7
       1
       4
       4
       5
       3
       1
       4
       0
       1
       0
       5
       0
       3
       2
       3
       5
       2
       3
       3
       0
       5
       4
       1
       0
       1
       4
       3
       1
       1
       0
       3
       2
       0
       0
       1
       3
       2
       3
       1
       1
       0
       2
       1
       3
       1
       1
       2
       0
       1
       4
       1
       3
       1
       2
       1
       1
       1
       1
       1
       1
       3
       0
       1
       2
       2
       0
       3
       3
       1
       1
       1
       1
       0
       1
       3
       3
       2
       1
       5
       0
       1
       1
       2
       2
       2
       0
       2
       1
       2
       4
       3
       3
       2
       2
       1
       0
       6
       7
       4
       3
       6
      10
       2
       5
       5
      11
       5
       8
      11
       8
      10
      17
      16
      12
      17
       9
      10
      19
       7
       8
      10
       9
       5
       3
       1
       2
       2
       2
       1
       1
       1
       1
       2
       4
       2
       2
       0
       0
       0
       1
       1
       0
       2
       0
       0
       2
       1
       1
       1
       3
       2
       2
       1
       1
       0
       0
       1
       0
       3
       0
       0
       2
       2
       2
       1
       2
       3
       3
       3
       3
       5
       5
       4
       5
       3
       3
       1
       5
       5
       6
       5
       4
       2
       2
       4
       3
       3
       6
       6
       6
       1
       0
       3
       0
       1
       2
       1
       2
       1
       2
       0
       4
       1
       2
       0
       2
       0
       1
       0
       1
       1
       0
       2
       1
       0
       1
       0
       0
       1
       0
       1
       0
       0
       1
       2
       0
       0
       1
       1
       0
       1
       2
       1
       1
       0
       0
       3
       2
       2
       0
       0
       1
       0
       2
       1
       2
       1
       0
       0
       0
       2
       1
       1
       1
       1
       1
       1
       0
       2
       0
       1
       0
       1
       1
       0
       1
       0
       0
       0
       1
       0
       0
       1
       0
       2
       0
       1
       0
       0
       1
       0
       1
       0
       2
       1
       2
       0
       2
       2
       3
       3
       3
       3
       4
       0
       3
       3
       2
       4
       1
       0
       0
       0
       1
       0
       1
       0
       1
       1
       0
       0
       1
       1
       0
       0
       1
       1
       0
       1
       1
       0
       0
       0
       0
       1
       0
       1
       0
       2
       0
       0
       0
       2
       3
       3
       2
       2
       3
       3
       2
       7
       3
       5
       7
       4
       8
       8
      11
       9
      12
       9
       8
       7
      11
       6
       3
       5
       4
       7
       3
       1
       3
       1
       1
       4
       3
       1
       0
       1
       1
       2
       1
       0
       0
       0
       2
       1
       0
       0
       0
       1
       0
       1
       1
       0
       0
       0
       0
       0
       0
       0
       0
       0
       1
       0
       0
       0
       0
       1
       0
       0
       0
       0
       0
       1
       1
       0
       0
       0
       0
       1
       1
       1
       2
       2
       1
       0
       0
       1
       0
       1
       1
       1
       1
       0
       0
       3
       5
       3
       2
       3
       3
       4
       5
       5
       6
       4
       4
       3
       7
       5
       1
       6
       3
       4
       4
       7
       2
       1
       2
       2
       5
       8
       8
       2
       4
       5
       7
       2
       4
       3
       2
       3
       3
       3
       1
       3
       1
       1
       0
       2
       0
       1
       1
       1
       2
       0
       1
       2
       0
       0
       0
       1
       1
       0
       0
       1
       1
       0
       1
       0
       1
       0
       1
       0
       0
       3
       0
       0
       0
       1
       4
       3
       1
       0
       0
       3
       0
       2
       2
       1
       0
       3
       1
       1
       0
       1
       0
       0
       2
       1
       1
       1
       0
       0
       0
       0
       0
       0
       1
       0
       1
       1
       0
       2
       0
       0
       0
       2
       2
       1
       3
       3
       2
       3
       5
       2
       2
       3
       4
       2
       3
       1
       3
       2
       0
       3
       2
       0
       2
       1
       3
       0
       0
       1
       2
       1
       0
       0
       0
       0
       0
       0
       3
       0
       1
       1
       1
       0
       1
       2
       0
       0
       2
       0
       1
       0
       1
       0
       0
       0
       3
       0
       0
       0
       0
       0
       1
       1
       0
       0
       1
       0
       0
       0
       0
       0
       0
       0
       0
       2
       2
       0
       1
       2
       3
       2
       1
       2
       1
       2
       0
       0
       0
       0
       1
       0
       0
       1
       0
       1
       0
       1
       1
       0
       1
       0
       0
       1
       0
       0
       0
       0
       0
       0
       0
       0
       0
       0
       0
       0
       0
       0
       0
       0
       0
       0
       0
       0
       0
       0
       0
       1
       1
       0
       0
       0
       0
       0
       0
       0
       0
       0
       3
       0
       0
       0
       0
       1
       0
       0
       0
       0
       0
       0
       0
       0
       0
       0
       1
       0
       0
       0
       0
       0
       0
       0
       0
       0
       0
       0
       1
       0
       0
       0
       0
       0
       0
       0
       1
       0
       1
       0
       0
       2
       1
       0
       0
       0
       1
       0
       0
       0
       0
       0
       0
       0
       0
       0
       2
       0
       0
       0
       0
       0
       0
       0
       0
       0
       0
       0
       0
       0
       0
       0
       0
       0
       0
       0
       0
       0
       0
       0
       1
       0
       1
       1
       0
       0
       0
       0
       2
       0
       1
       0
       1
       0
       0
       0
       0
       0
       0
       0
       0
       0
       0
       0
       0
       0
       0
       0
       1
       2
       0
       0
       0
       0
       1
       0
       0
       1
       1
       0
       1
       0
       0
       0
       0
       0
       0
       0
       0
       0
       0
       0
       0
       0
       0
       0
       1
       0
       1
       0
       2
       0
       1
       0
       0
       0
       0
       0
       0
       0
       0
       0
       0
       0
       0
       0
       1
       0
       0
       0
       0
       0
       0
       0
       0
       0
       0
       1
       0
       0
       0
       0
       1
       0
       0
       0
       0
       0
       0
       1
       0
       0
       0
       0
       0
       0
       0
       0
       0
       1
       0
       0
       0
       0
       0
       1
       0
       1
       1
       0
       0
       0
       0
       0
       0
       0
       0
       0
       0
       1
       0
       2
       0
       1
       1
       0
       0
       0
       0
       0
       0
       0
       0
       0
       0
       0
       1
       0
       0
       0
       1
       0
       0
       0
       1
       1
       0
       0
       0
       1
       0
       0
       0
       0
       0
       0
       0
       0
       0
       0
       0
       0
       1
       0
       1
       0
       0
       0
       0
       0
       0
       0
       0
       0
       0
       0
       0
       0
       0
       1
       1
       0
       0
       1
       0
       0
       0
       0
       0
       0
       0
       0
       1
       0
       0
       0
       0
       0
       0
       0
       1
       1
       0
       0
       0
       1
       0
       0
       0
       0
       0
       0
       1
       0
       0
       0
       1
       0
       0
       0
       0
       0
       1
       0
       0
       0
       0
       1
       0
       0
       1
       0
       1
       0
       0
       1
       1
       0
       0
       0
       0
       0
       0
       0
       0
       0
       0
       0
       0
       1
       0
       0
       1
       0
       0
       0
       0
       0
       1
       1
       0
       1
       0
       0
       0
       0
       0
       0
       0
       0
       0
       0
       0
       0
       1
       0
       0
       0
       0
       0
       0
       0
       0
       0
       1
       0
       0
       0
       0
       0
       0
       0
       0
       0
       0
       0
       0
       0
       0
       0
       0
       0
       1
       0
       0
       0
       0
       0
       0
       0
       0
       0
       0
       0
       0
       0
       0
       0
       0
       0
       0
       0
       0
       0
       0
       0
       0
       2
       0
       0
       0
       0
       0
       0
       0
       1
       0
       0
       0
       0
       0
       2
       0
       0
       0
       0
       0
       0
       1
       0
       0
       0
       1
       0
       1
       0
       0
       1
       1
       1
       0
       0
       0
       0
       0
       0
       0
       0
       0
       1
       0
       1
       0
       0
       1
       1
       0
       0
       0
       0
       0
       0
       0
       0
       0
       0
       1
       0
       0
       0
       0
       1
       0
       0
       0
       0
       0
       0
       0
       0
       0
       0
       0
       0
       1
       0
       1
       2
       0
       0
       1
       0
       2
       0
       0
       0
       1
       0
       0
       0
       0
       0
       0
       0
       0
       0
       0
       0
       0
       0
       1
       0
       0
       0
       1
       0
       0
       0
       0
       0
       0
       0
       0
       0
       0
       1
       0
       0
       0
       0
       0
       0
       1
       0
       0
       0
       0
       0
       0
       0
       0
       1
       1
       1
       0
       0
       0
       0
       0
       0
       0
       0
       0
       0
       0
       0
       0
       0
       0
       0
       0
       0
       0
       0
       0
       0
       1
       0
       0
       0
       0
       0
       0
       0
       0
       0
       0
       0
       0
       0
       0
       0
       2
       0
       0
       0
       1
       0
       0
       0
       0
       0
       0
       0
       1
       0
       0
       0
       1
       1
       0
       0
       1
       0
       1
       0
       0
       0
       0
       0
       1
       1
       0
       1
       0
       0
       0
       0
       0
       0
       0
       0
       0
       0
       0
       0
       0
       0
       0
       0
       0
       0
       0
       1
       0
       0
       0
       0
       0
       1
       0
       0
       0
       0
       0
       0
       1
       0
       0
       0
       1
       0
       0
       0
       0
       1
       0
       0
       0
       0
       0
       0
       0
       0
       0
       0
       0
       0
       0
       0
       0
       0
       0
       0
       0
       1
       0
       0
       0
       0
       0
       0
       1
       0
       0
       0
       0
       0
       0
       0
       0
       0
       0
       0
       0
       1
       0
       0
       0
       0
       0
       0
       0
       0
       0
       0
       0
       0
       0
       0
       0
       0
       0
       1
       0
       0
       0
       0
       0
       0
       0
       0
       0
       0
       0
       1
       0
       1
       0
       0
       0
       0
       1
       0
       0
       0
       0
       0
       0
       1
       0
       0
       0
       0
       0
       2
       0
       0
       1
       0
       0
       1
       0
       0
       0
       0
       0
       0
       0
       0
       0
       0
       0
       0
       0
       1
       1
       0
       0
       0
       0
       0
       0
       0
       0
       0
       1
       0
       0
       0
       1
       0
       0
       0
       0
       0
       0
       0
       0
       0
       0
       0
       0
       0
       0
       0
       0
       0
       0
       0
       0
       0
       0
       0
       0
       0
       0
       0
       0
       0
       0
       1
       1
       0
       0
       1
       0
       0
       0
       0
       0
       0
       0
       1
       0
       0
       0
       0
       0
       0
       0
       0
       0
       0
       0
       1
       0
       0
       0
       0
       0
       0
       0
       0
       0
       0
       0
       0
       0
       0
       1
       0
       0
       0
       0
       0
       1
       0
       0
       0
       1
       1
       0
       0
       0
       0
       1
       1
       0
       0
       0
       0
       0
       0
       1
       1
       0
       0
       0
       0
       0
       0
       0
       0
       0
       0
       0
       0
       0
       0
       0
       0
       0
       0
       0
       0
       0
       1
       0
       2
       0
       0
       0
       0
       0
       1
       1
       0
       0
       0
       0
       0
       0
       0
       0
       1
       0
       0
       0
       0
       0
       0
       1
       0
       1
       0
       0
       0
       0
       0
       0
       0
       0
       0
       0
       0
       0
       0
       0
       1
       0
       0
       0
       1
       0
       0
       0
       0
       0
       0
       0
       0
       0
       0
       0
       0
       1
       0
       0
       0
       0
       0
       0
       0
       0
       0
       0
       0
       0
       0
       1
       0
       0
       0
       0
       0
       0
       0
       0
       0
       0
       1
       0
       0
       0
       0
       0
       0
       0
       0
       0
       0
       0
       0
       0
       0
       0
       0
       0
       0
       0
       0
       0
       0
       0
       0
       0
       0
       1
       0
       0
       0
       0
       0
       0
       0
       0
       0
       0
       0
       0
       0
       0
       0
       0
       0
       0
       0
       0
       1
       0
       0
       0
       0
       0
       0
       0
       0
       1
       0
       0
       0
       0
       0
       0
       0
       0
       0
       0
       0
       0
       1
       0
       0
       0
       1
       0
       0
       0
       0
       0
       0
       0
       0
       0
       0
       0
       0
       0
       0
       0
       0
       0
       0
       0
       1
       0
       0
       0
       1
       0
       1
       0
       1
       0
       0
       0
       0
       0
       0
       0
       0
       0
       0
       1
       0
       0
       0
       0
       0
       0
       0
       0
       1
       0
       0
       0
       0
       0
       0
       0
       1
       0
       0
       0
       0
       0
       0
       0
       0
       0
       0
       1
       0
       0
       0
       0
       0
       0
       1
       0
       0
       0
       0
       1
       0
       2
       0
       0
       0
       0
       1
       0
       1
       0
       0
       0
       0
       0
       0
       0
       1
       0
       0
       0
       0
       0
       1
       0
       0
       0
       1
       0
       0
       0
       0
       0
       0
       1
       0
       0
       0
       0
       0
       0
       0
       0
       0
       0
       0
       0
       0
       0
       0
       0
       1
       0
       0
       0
       0
       0
       0
       0
       0
       0
       0
       0
       0
       0
       0
       0
       0
       0
       0
       0
       0
       0
       0
       0
       0
       0
       0
       0
       0
       0
       0
       0
       1
       0
       0
       0
       0
       0
       0
       0
       0
       0
       0
       0
       0
       0
       0
       0
       0
       0
       0
       0
       0
       1
       0
       0
       0
       0
       0
       0
       0
       0
       0
       0
       0
       0
       0
       0
       0
       0
       0
       0
       0
       0
       0
       0
       0
       0
       0
       0
       0
       0
       0
       0
       0
       0
       0
       0
       1
       0
       0
       0
       0
       0
       0
       0
       0
       0
       0
       0
       0
       0
       0
       0
       0
       0
       0
       0
       0
       0
       0
       0
       0
       0
       0
       0
       1
       0
       0
       0
       0
       0
       0
       0
       0
       0
       0
       0
       0
       0
       0
       0
       1
       0
       0
       0
       0
       0
       0
       0
       0
       0
       0
       0
       0
       0
       0
       0
       0
       0
       0
       1
       0
       0
       0
       0
       0
       0
       0
       0
       0
       0
       1
       0
       0
       0
       0
       0
       0
       0
       0
       0
       0
       0
       0
       0
       0
       0
       0
       0
       0
       0
       0
       0
       0
       0
       0
       0
       0
       0
       0
       0
       0
       0
       0
       0
       0
       0
       0
       0
       0
       0
       0
       0
       0
       0
       0
       0
       0
       0
       0
       0
       0
       0
       0
       0
       0
       0
       1
       0
       0
       0
       0
       0
       0
       0
       0
       1
       0
       0
       0
       0
       1
       0
       0
       0
       0
       0
       0
       0
       0
       0
       0
       0
       0
       0
       0
       1
       0
       0
       0
       0
       0
       0
       0
       1
       0
       0
       0
       0
       0
       0
       0
       0
       0
       0
       0
       0
       0
       0
       0
       0
       0
       0
       0
       0
       0
       0
       0
       0
       0
       0
       0
       0
       0
       0
       0
       0
       0
       0
       0
       0
       0
       0
       0
       0
       0
       0
       0
       0
       0
       1
       0
       0
       0
       0
       1
       0
       0
       0
       0
       0
       0
       0
       1
       0
       0
       0
       0
       0
       0
       0
       0
       0
       0
       1
       0
       0
       0
       0
       0
       0
       0
       0
       1
       0
       1
       0
       0
       0
       0
       0
       0
       0
       0
       0
       0
       0
       0
       0
       0
       0
       0
       1
       0
       1
       0
       1
       0
       0
       0
       0
       0
       0
       0
       0
       0
       0
       0
       0
       0
       0
       0
       0
       0
       0
       0
       0
       0
       0
       0
       0
       1
       1
       0
       0
       0
       0
       0
       0
       0
       0
       0
       0
       0
       0
       0
       0
       0
       0
       1
       0
       0
       0
       0
       0
       0
       0
       0
       0
       0
       0
       0
       0
       0
       0
       0
       0
       0
       0
       0
       0
       0
       0
       0
       0
       0
       0
       0
       0
       1
       0
       0
       0
       0
       0
       0
       0
       1
       0
       0
       1
       0
       0
       0
       0
       0
       0
       0
       0
       0
       0
       1
       2
       0
       0
       1
       1
       0
       0
       0
       0
       0
       1
       0
       0
       0
       0
       0
       0
       0
       1
       0
       0
       0
       0
       0
       0
       0
       0
       0
       0
       0
       0
       0
       0
       0
       0
       0
       0
       0
       0
       0
       0
       0
       0
       0
       0
       0
       0
       0
       0
       0
       0
       0
       0
       0
       0
       0
       0
       0
       0
       0
       0
       0
       0
       0
       0
       0
       0
       0
       0
       0
       0
       0
       0
       0
       0
       1
       1
       0
       0
       0
       0
       0
       0
       0
       0
       0
       0
       0
       0
       0
       0
       0
       0
       0
       0
       0
       0
       0
       0
       0
       0
       0
       0
       0
       0
       0
       0
       0
       0
       0
       0
       0
       0
       0
       0
       0
       0
       0
       0
       0
       1
       1
       0
       0
       0
       0
       0
       0
       0
       0
       0
       0
       0
       0
       0
       0
       0
       0
       0
       0
       0
       0
       0
       0
       0
       0
       0
       0
       0
       0
       0
       0
       0
       0
       0
       0
       0
       0
       0
       0
       0
       0
       0
       0
       1
       0
       0
       0
       0
       0
       1
       0
       0
       1
       0
       0
       0
       0
       0
       0
       0
       0
       0
       0
       0
       0
       0
       0
       0
       0
       0
       0
       0
       0
       0
       0
       0
       0
       0
       0
       0
       0
       0
       0
       0
       0
       0
       1
       0
       0
       0
       0
       0
       0
       1
       0
       0
       0
       0
       0
       0
       0
       0
       0
       0
       0
       0
       0
       0
       0
       0
       1
       0
       1
       1
       0
       0
       0
       0
       0
       0
       0
       0
       0
       0
       0
       0
       0
       0
       0
       0
       1
       0
       0
       0
       0
       0
       0
       0
       0
       0
       0
       0
       0
       0
       0
       0
       0
       0
       0
       0
       0
       0
       0
       0
       0
       0
       0
       0
       0
       0
       0
       0
       0
       1
       1
       0
       1
       0
       0
       0
       1
       0
       0
       0
       0
       0
       0
       1
       0
       0
       0
       0
       0
       0
       0
       1
       0
       0
       0
       1
       0
       0
       0
       0
       1
       0
       0
       0
       0
       0
       0
       0
       0
       0
       0
       0
       0
       0
       0
       0
       0
       0
       0
       0
       0
       0
       0
       0
       0
       0
       0
       0
       0
       0
       0
       0
       0
       0
       0
       0
       1
       0
       0
       0
       0
       0
       0
       0
       0
       0
       0
       0
       0
       0
       1
       0
       0
       0
       0
       0
       0
       0
       0
       0
       0
       0
       0
       0
       0
       0
       0
       0
       0
       0
       0
       1
       0
       0
       0
       0
       0
       0
       0
       0
       0
       0
       0
       0
       0
       0
       0
       0
       0
       0
       0
       0
       0
       0
       0
       0
       0
       0
       0
       0
       0
       0
       0
       0
       0
       0
       0
       0
       0
       0
       0
       0
       0
       0
       0
       0
       0
       1
       0
       0
       0
       0
       0
       0
       0
       0
       0
       0
       0
       0
       0
       0
       0
       0
       0
       0
       0
       0
       0
       0
       0
       0
       0
       1
       0
       0
       0
       0
       0
       0
       0
       0
       1
       0
       0
       0
       0
       0
       0
       0
       0
       0
       0
       0
       0
       1
       0
       0
       0
       0
       0
       0
       0
       0
       0
       0
       0
       0
       0
       0
       0
       0
       0
       0
       0
       0
       0
       0
       0
       0
       0
       0
       0
       0
       0
       0
       0
       0
       0
       0
       0
       0
       0
       0
       0
       0
       0
       0
       0
       0
       0
       0
       0
       0
       0
       1
       0
       0
       0
       0
       0
       0
       0
       0
       0
       0
       0
       0
       0
       0
       1
       0
       0
       0
       0
       0
       1
       0
       0
       0
       0
       0
       0
       0
       0
       0
       0
       1
       0
       0
       0
       1
       0
       0
       0
       0
       0
       0
       0
       0
       0
       0
       0
       0
       0
       0
       0
       0
       0
       0
       0
       0
       0
       0
       0
       0
       0
       0
       0
       0
       0
       0
       0
       0
       0
       0
       0
       0
       0
       0
       0
       0
       0
       0
       0
       0
       0
       0
       1
       0
       0
       0
       0
       0
       0
       0
       0
       0
       0
       0
       0
       0
       1
       0
       0
       0
       0
       0
       1
       0
       0
       0
       0
       0
       0
       0
       0
       0
       0
       0
       0
       0
       0
       0
       0
       0
       0
       0
       0
       0
       0
       0
       0
       0
       0
       0
       0
       0
       1
       0
       0
       0
       0
       0
       0
       0
       0
       0
       0
       0
       0
       0
       0
       0
       0
       0
       0
       0
       0
       0
       0
       0
       0
       0
       0
       0
       0
       0
       0
       0
       0
       0
       0
       0
       0
       0
       0
       0
       0
       0
       0
       0
       0
       0
       0
       0
       0
       1
       0
       0
       0
       0
       0
       0
       0
       0
       0
       0
       0
       0
       0
       0
       0
       0
       0
       0
       0
       0
       0
       0
       0
       0
       0
       0
       1
       0
       0
       0
       0
       0
       0
       0
       0
       0
       0
       0
       0
       0
       0
       0
       0
       1
       0
       0
       0
       0
       0
       0
       0
       0
       0
       0
       0
       0
       0
       0
       0
       0
       0
       0
       0
       0
       0
       0
       0
       0
       0
       1
       1
       0
       0
       0
       0
       0
       0
       0
       0
       0
       0
       1
       0
       0
       0
       0
       0
       0
       0
       0
       0
       0
       0
       0
       0
       0
       0
       1
       0
       0
       1
       0
       0
       0
       0
       0
       1
       0
       0
       0
       0
       0
       0
       0
       0
       0
       0
       0
       0
       0
       0
       0
       0
       0
       0
       0
       1
       0
       0
       0
       0
       0
       0
       0
       0
       0
       0
       0
       0
       0
       0
       0
       0
       0
       0
       0
       0
       0
       0
       0
       0
       0
       0
       0
       0
       0
       0
       0
       0
       0
       1
       0
       0
       0
       0
       2
       0
       0
       0
       0
       0
       0
       0
       1
       0
       0
       0
       1
       0
       0
       0
       0
       0
       0
       0
       0
       0
       0
       0
       0
       0
       0
       0
       0
       0
       0
       0
       0
       0
       0
       0
       0
       0
       1
       0
       0
       0
       0
       0
       0
       0
       0
       0
       0
       0
       1
       0
       0
       0
       0
       0
       0
       0
       1
       0
       0
       0
       1
       0
       0
       0
       0
       0
       1
       1
       0
       0
       1
       0
       0
       0
       0
       0
       0
       0
       0
       0
       0
       0
       0
       0
       0
       0
       0
       0
       0
       0
       0
       0
       0
       0
       0
       0
       0
       0
       0
       0
       1
       0
       0
       0
       0
       0
       0
       0
       0
       0
       1
       0
       0
       0
       0
       0
       0
       0
       0
       0
       0
       0
       0
       0
       0
       0
       0
       0
       0
       0
       0
       0
       1
       0
       0
       0
       0
       0
       0
       0
       0
       0
       1
       0
       0
       1
       0
       0
       0
       0
       0
       0
       0
       1
       0
       0
       0
       0
       0
       0
       0
       0
       0
       0
       0
       0
       1
       0
       0
       0
       0
       0
       0
       0
       0
       0
       0
       0
       0
       0
       0
       0
       0
       0
       0
       0
       1
       0
       1
       0
       0
       0
       0
       0
       0
       0
       0
       0
       0
       0
       0
       0
       0
       0
       0
       0
       0
       0
       0
       0
       0
       0
       0
       0
       0
       0
       1
       0
       0
       0
       0
       0
       0
       0
       0
       0
       0
       0
       0
       0
       0
       0
       0
       0
       0
       0
       0
       0
       2
       0
       0
       0
       0
       0
       0
       0
       0
       0
       0
       0
       0
       0
       0
       0
       0
       0
       0
       0
       0
       0
       0
       0
       0
       0
       0
       1
       0
       0
       1
       0
       0
       0
       0
       0
       0
       1
       0
       0
       0
       0
       0
       0
       0
       0
       0
       0
       0
       0
       0
       0
       0
       0
       0
       0
       0
       0
       0
       0
       0
       0
       0
       0
       0
       0
       0
       0
       0
       0
       0
       0
       0
       0
       0
       0
       0
       0
       1
       0
       0
       0
       0
       0
       0
       0
       0
       0
       0
       0
       0
       0
       0
       0
       0
       0
       0
       0
       0
       0
       0
       0
       0
       0
       0
       0
       0
       0
       0
       0
       0
       0
       0
       0
       0
       0
       0
       0
       0
       0
       0
       0
       0
       0
       0
       0
       0
       0
       0
       2
       0
       0
       0
       0
       0
       0
       0
       0
       0
       0
       0
       0
       0
       0
       0
       0
       0
       0
       0
       0
       0
       0
       0
       0
       0
       0
       0
       0
       0
       0
       0
       0
       0
       0
       0
       0
       0
       0
       0
       0
       0
       0
       0
       0
       0
       0
       0
       0
       0
       0
       0
       0
       0
       0
       0
       0
       0
       0
       0
       0
       0
       0
       0
       0
       0
       0
       0
       0
       0
       0
       0
       1
       0
       0
       0
       0
       0
       0
       0
       0
       0
       0
       0
       0
       0
       0
       0
       1
       0
       0
       0
       1
       0
       1
       0
       0
       0
       0
       0
       0
       0
       0
       0
       0
       0
       0
       0
       0
       0
       0
       0
       0
       0
       0
       0
       0
       0
       0
       0
       0
       0
       0
       0
       0
       0
       0
       1
       0
       0
       0
       0
       0
       1
       0
       0
       0
       0
       0
       0
       0
       0
       0
       0
       0
       0
       0
       0
       0
       0
       0
       0
       0
       0
       0
       0
       0
       0
       0
       0
       0
       1
       0
       0
       0
       0
       0
       0
       0
       0
       0
       0
       0
       0
       0
       0
       0
       0
       0
       0
       0
       0
       0
       0
       0
       0
       0
       0
       0
       0
       0
       0
       0
       0
       0
       0
       0
       0
       0
       0
       0
       0
       0
       0
       0
       0
       0
       0
       0
       0
       0
       0
       0
       0
       0
       0
       0
       0
       0
       0
       0
       0
       0
       0
       0
       0
       0
       0
       0
       0
       0
       0
       0
       0
       0
       0
       0
       0
       0
       0
       0
       0
       0
       0
       0
       0
       0
       0
       0
       0
       0
       0
       0
       0
       0
       0
       0
       0
       0
       0
       0
       0
       0
       0
       0
       0
       0
       0
       0
       0
       0
       0
       0
       0
       0
       0
       0
       0
       0
       0
       0
       0
       0
       0
       0
       0
       0
       0
       0
       0
       0
       0
       0
       0
       0
       0
       0
       0
       0
       0
       0
       0
       0
       0
       0
       0
       0
       0
       0
       0
       0
       0
       0
       0
       0
       0
       0
       0
       0
       0
       0
       0
       0
       0
       0
       0
       0
       0
       0
       0
       0
       0
       0
       0
       0
       0
       0
       0
       0
       0
       0
       0
       0
       0
       0
       0
       0
       0
       0
       0
       0
       0
       0
       0
       0
       0
       0
       0
       0
       0
       0
$ROI:
19
143 159
196 212
298 314
607 627
687 707
750 770
857 879
886 908
981 1003
1652 1680
1940 1984
2242 2276
2410 2444
2714 2752
2779 2817
2910 2975
3330 3374
3517 3563
4577 4648
$PRESETS:
None
0
0
$ENER_FIT:
-0.340452 0.397081
$MCA_CAL:
3
-3.404519E-001 3.970808E-001 2.454251E-008 keV
$SHAPE_CAL:
3
2.851998E+000 3.101786E-003 -4.032600E-008
