$SPEC_ID:
Pulser
$SPEC_REM:
DET# 2
DETDESC# DETECTOR 2
AP# GammaVision Version 7.01.03
$DATE_MEA:
04/20/2017 07:36:29
$MEAS_TIM:
7832 7859
$DATA:
0 8191
       0
       0
       0
       0
       0
       0
       0
       0
       0
       0
       0
       0
       0
       0
       0
       0
       0
       0
       0
       0
       0
       0
       0
     141
    6269
    7746
    4151
    3440
    3233
    3082
    3495
    4311
    5850
    7412
    7777
    6513
    4845
    4031
    4516
    6127
    8896
   10933
   10540
    8661
    6123
    4500
    3695
    3654
    3909
    4056
    4281
    4401
    4114
    3587
    3321
    3172
    3063
    3010
    3081
    3176
    3142
    3095
    3149
    3090
    3069
    3085
    3127
    2993
    2952
    2945
    2895
    2947
    2871
    2850
    2851
    2927
    2910
    2906
    2938
    2991
    3022
    2927
    3013
    2913
    2927
    2968
    2970
    2988
    2960
    3065
    2937
    3067
    3007
    2929
    3112
    3085
    3040
    3129
    3084
    3276
    3170
    3183
    3194
    3262
    3384
    3303
    3320
    3334
    3333
    3484
    3401
    3518
    3445
    3553
    3553
    3583
    3586
    3739
    3689
    3846
    3774
    3854
    3788
    4048
    4196
    4460
    4432
    4289
    4336
    4362
    4557
    4637
    4766
    4721
    4731
    4903
    4838
    4710
    4624
    4692
    4722
    4685
    4745
    4649
    4848
    4798
    4840
    4968
    4903
    4894
    5077
    5009
    5024
    5135
    5082
    5044
    5438
    7406
   13366
   24049
   31907
   27865
   17224
    8938
    5775
    5222
    5282
    5338
    5468
    5274
    5556
    5711
    5749
    5907
    6099
    6164
    6206
    6193
    6279
    6496
    6517
    6511
    7350
    8385
    9144
    8332
    7544
    7582
    9020
   10521
   10178
    8509
    6705
    5966
    5761
    5818
    5891
    5788
    5806
    5768
    5753
    5734
    5755
    5674
    5651
    5787
    5770
    5751
    5889
    6100
    6514
    6878
    7429
    7952
    7953
    7376
    6278
    5684
    5517
    5603
    5852
    5838
    5577
    5359
    5300
    5222
    5525
    5668
    5794
    5789
    7294
   13728
   28656
   48287
   58647
   50950
   33369
   21671
   20482
   22764
   21017
   15077
    9096
    6392
    5504
    6460
   10838
   19711
   30519
   33861
   27019
   16239
    8482
    5303
    4616
    4236
    4229
    4122
    4155
    4100
    4148
    4086
    4192
    4038
    4117
    4196
    4245
    4141
    4040
    4083
    4082
    3950
    3995
    4139
    4379
    4578
    5067
    6032
    7964
   10403
   12369
   13170
   11819
    9640
    8372
    7608
    7071
    6460
    6620
    6978
    6809
    5805
    4667
    3681
    2945
    2761
    2548
    2567
    2495
    2643
    2497
    2549
    2575
    2638
    2558
    2744
    2564
    2455
    2531
    2434
    2549
    2542
    2597
    2556
    2532
    2527
    2468
    2491
    2472
    2575
    2514
    2516
    2567
    2423
    2523
    2505
    2429
    2569
    2525
    2596
    2572
    2650
    2637
    2597
    2537
    2543
    2515
    2542
    2477
    2340
    2418
    2386
    2417
    2470
    2443
    2416
    2395
    2452
    2363
    2390
    2420
    2426
    2443
    2394
    2431
    2435
    2322
    2499
    2395
    2375
    2630
    2904
    3305
    3625
    3389
    3048
    2518
    2283
    2295
    2281
    2315
    2188
    2314
    2315
    2272
    2344
    2299
    2240
    2236
    2189
    2331
    2272
    2240
    2225
    2343
    2218
    2328
    2277
    2258
    2220
    2137
    2162
    2144
    2196
    2173
    2122
    2200
    2178
    2207
    2193
    2063
    2235
    2197
    2133
    2062
    2052
    2090
    2118
    2035
    2237
    2351
    2602
    2708
    2721
    2522
    2252
    2144
    2120
    2037
    2044
    2125
    2046
    2068
    2092
    2114
    2038
    2039
    2087
    1992
    1999
    1948
    2075
    2029
    1945
    1997
    2062
    2011
    1970
    2004
    2002
    1901
    1964
    1938
    1941
    1994
    1971
    1957
    2017
    1968
    1951
    1925
    1993
    1918
    1930
    1928
    1892
    1889
    1897
    1906
    1910
    1942
    1933
    1910
    1870
    2043
    2703
    4103
    6145
    8286
    8902
    7349
    5076
    3189
    2146
    1906
    1879
    1803
    1855
    1757
    1794
    1779
    1762
    1727
    1873
    1753
    1810
    1837
    1782
    1803
    1733
    1837
    1759
    1888
    1806
    1704
    1804
    1754
    1770
    1713
    1709
    1696
    1708
    1775
    1704
    1623
    1664
    1687
    1736
    1774
    1782
    1763
    1805
    1752
    1787
    1703
    1776
    1982
    2171
    2268
    2168
    2044
    1800
    1723
    1655
    1555
    1629
    1646
    1648
    1584
    1658
    1557
    1566
    1602
    1553
    1548
    1489
    1628
    1537
    1555
    1596
    1556
    1638
    1589
    1571
    1559
    1615
    1550
    1477
    1537
    1502
    1520
    1457
    1577
    1513
    1555
    1503
    1494
    1509
    1441
    1614
    1547
    1483
    1533
    1428
    1339
    1443
    1449
    1403
    1506
    1484
    1464
    1506
    1560
    1575
    1555
    1488
    1401
    1477
    1466
    1405
    1418
    1461
    1408
    1476
    1364
    1425
    1415
    1461
    1379
    1434
    1437
    1385
    1402
    1369
    1359
    1426
    1395
    1472
    1405
    1381
    1394
    1328
    1403
    1353
    1385
    1365
    1385
    1331
    1317
    1367
    1366
    1288
    1341
    1353
    1308
    1287
    1333
    1375
    1358
    1347
    1370
    1285
    1331
    1335
    1325
    1252
    1329
    1326
    1355
    1328
    1296
    1311
    1307
    1214
    1259
    1298
    1247
    1242
    1262
    1283
    1278
    1259
    1209
    1276
    1268
    1263
    1303
    1345
    1392
    1446
    1642
    1729
    1669
    1619
    1476
    1322
    1248
    1193
    1249
    1262
    1198
    1242
    1293
    1199
    1308
    1224
    1177
    1233
    1185
    1183
    1195
    1203
    1185
    1223
    1163
    1244
    1206
    1149
    1196
    1238
    1233
    1179
    1211
    1134
    1175
    1163
    1181
    1199
    1122
    1108
    1189
    1139
    1209
    1160
    1101
    1127
    1179
    1204
    1080
    1101
    1104
    1216
    1146
    1113
    1082
    1163
    1136
    1116
    1165
    1172
    1133
    1130
    1081
    1101
    1056
    1082
    1102
    1125
    1076
    1095
    1131
    1147
    1071
    1106
    1103
    1164
    1069
    1094
    1123
    1079
    1076
    1056
    1061
    1071
    1073
    1082
    1134
    1127
    1120
    1113
    1096
    1154
    1101
    1104
    1127
    1037
    1158
    1044
    1044
    1037
    1036
    1023
    1087
     976
    1104
    1056
    1073
    1089
    1014
    1047
    1079
    1014
    1068
    1016
    1066
    1057
     987
    1050
    1037
    1097
    1050
    1009
    1024
    1061
    1029
    1017
    1035
    1051
    1015
    1002
    1029
    1013
    1033
    1001
    1047
    1029
    1019
    1020
    1006
    1022
     995
     997
    1049
    1001
     988
    1013
     981
    1057
    1014
     976
    1071
    1020
    1026
     966
     966
     992
     937
     971
    1000
     974
    1014
     973
     991
     966
     962
     969
     942
     972
     912
     978
     930
     988
     927
     952
     938
     930
     910
     984
     935
    1012
     968
     900
     967
     940
     994
     976
     970
     922
     917
     924
    1003
     964
     907
     925
     952
     953
     939
    1002
     925
     937
     874
     901
    1008
     908
     969
     935
     939
     975
     955
     972
     900
     903
     906
     983
     902
     890
     885
     875
     937
     876
     885
     915
     914
     903
     916
     954
     926
     914
     930
     971
     955
     943
     944
     916
     894
     910
     853
     907
     873
     915
     956
     847
     888
     876
     944
     914
     878
     877
     907
     924
     940
     859
     935
     906
     936
     915
     881
     822
     852
     841
     892
     932
     884
     904
     868
     883
     871
     908
     851
     928
     900
     886
     823
     818
     896
     871
     895
     895
     886
     903
     936
     856
     861
     907
     862
     869
     869
     906
     859
     937
     851
     834
     867
     874
     833
     808
     889
     887
     844
     794
     856
     851
     828
     802
     849
     883
     868
     897
     850
     878
     832
     862
     833
     884
     863
     858
     876
     857
     874
     824
     818
     809
     852
     862
     896
     816
     851
     868
     886
     849
     865
     806
     803
     848
     855
     806
     816
     816
     803
     810
     847
     854
     830
     826
     791
     827
     824
     850
     803
     823
     844
     850
     869
     784
     879
     837
     817
     813
     784
     770
     764
     780
     780
     838
     814
     796
     806
     769
     773
     754
     834
     781
     812
     792
     774
     824
     742
     812
     782
     783
     809
     772
     780
     772
     818
     713
     813
     815
     777
     810
     761
     773
     812
     799
     785
     805
     780
     778
     790
     784
     768
     834
     792
     773
     779
     778
     829
     764
     798
     778
     788
     767
     776
     771
     761
     811
     777
     797
     783
     750
     821
     729
     768
     803
     767
     774
     770
     812
     717
     806
     771
     780
     775
     726
     800
     801
     788
     785
     724
     769
     747
     733
     813
     754
     750
     782
     774
     778
     754
     747
     717
     736
     752
     753
     761
     751
     775
     767
     736
     799
     754
     748
     693
     777
     754
     752
     723
     793
     755
     706
     766
     758
     743
     751
     773
     748
     734
     771
     785
     761
     795
     739
     704
     784
     754
     758
     732
     746
     734
     752
     746
     725
     757
     728
     724
     722
     744
     782
     718
     770
     718
     755
     743
     748
     743
     784
     766
     723
     744
     752
     751
     719
     719
     730
     743
     730
     712
     741
     695
     703
     747
     724
     768
     781
     744
     743
     719
     770
     668
     718
     730
     742
     742
     710
     757
     716
     709
     739
     710
     730
     726
     750
     744
     705
     728
     712
     696
     745
     687
     772
     708
     751
     723
     732
     740
     663
     738
     708
     661
     702
     703
     715
     716
     714
     704
     718
     728
     703
     707
     663
     698
     724
     729
     726
     714
     676
     718
     682
     730
     696
     691
     653
     700
     669
     686
     706
     721
     704
     684
     686
     702
     714
     653
     709
     718
     688
     656
     656
     704
     678
     681
     712
     743
     684
     675
     688
     647
     656
     689
     680
     683
     677
     670
     710
     676
     707
     681
     629
     652
     737
     681
     722
     657
     659
     730
     652
     654
     678
     700
     687
     701
     679
     728
     720
     671
     715
     754
     713
     711
     674
     672
     709
     730
     692
     659
     707
     678
     701
     625
     665
     681
     663
     688
     660
     656
     671
     647
     710
     668
     666
     684
     725
     642
     713
     675
     656
     690
     631
     686
     667
     657
     724
     658
     675
     718
     671
     652
     676
     655
     696
     691
     682
     673
     650
     673
     713
     667
     625
     675
     664
     630
     649
     664
     687
     668
     678
     661
     654
     662
     638
     633
     633
     662
     674
     649
     652
     666
     683
     617
     627
     600
     653
     664
     671
     699
     678
     681
     645
     685
     620
     635
     657
     696
     652
     712
     661
     683
     653
     643
     651
     636
     662
     636
     676
     700
     725
     609
     598
     634
     610
     690
     656
     672
     607
     704
     654
     611
     623
     610
     640
     641
     605
     664
     616
     626
     667
     622
     642
     635
     633
     604
     637
     634
     617
     622
     649
     626
     661
     610
     666
     645
     647
     622
     639
     670
     603
     626
     607
     617
     635
     634
     633
     702
     711
     722
     707
     659
     663
     651
     651
     618
     660
     631
     566
     666
     659
     610
     628
     616
     597
     658
     622
     608
     606
     626
     622
     644
     591
     581
     577
     598
     642
     620
     624
     625
     565
     619
     576
     650
     646
     662
     602
     588
     633
     627
     632
     643
     661
     615
     632
     608
     609
     614
     570
     640
     638
     583
     575
     585
     580
     616
     580
     607
     620
     615
     597
     601
     595
     594
     615
     584
     561
     575
     619
     556
     599
     580
     618
     570
     595
     570
     605
     613
     622
     586
     599
     599
     589
     567
     585
     540
     563
     580
     593
     605
     615
     591
     572
     552
     582
     576
     611
     546
     603
     622
     589
     594
     554
     540
     589
     555
     568
     583
     615
     582
     591
     560
     583
     595
     561
     632
     562
     573
     568
     591
     575
     559
     574
     591
     535
     595
     588
     553
     572
     593
     544
     589
     563
     548
     564
     550
     560
     553
     605
     606
     578
     610
     560
     581
     541
     603
     619
     548
     618
     558
     582
     591
     599
     544
     578
     554
     592
     594
     604
     529
     543
     541
     620
     582
     557
     555
     552
     593
     543
     565
     577
     596
     607
     593
     559
     540
     564
     574
     561
     585
     608
     544
     552
     551
     561
     524
     554
     576
     552
     538
     566
     546
     539
     561
     553
     537
     539
     588
     588
     563
     549
     582
     563
     505
     562
     560
     536
     545
     552
     558
     563
     556
     553
     569
     565
     522
     521
     546
     574
     582
     545
     577
     563
     541
     539
     538
     547
     569
     607
     538
     582
     594
     520
     532
     558
     531
     537
     536
     581
     556
     576
     539
     545
     516
     552
     526
     514
     553
     538
     552
     563
     520
     556
     524
     545
     565
     507
     550
     493
     530
     511
     518
     534
     520
     563
     563
     539
     520
     530
     525
     533
     545
     529
     550
     546
     531
     525
     510
     542
     535
     532
     547
     549
     533
     536
     550
     565
     533
     549
     537
     538
     510
     537
     497
     527
     494
     516
     531
     513
     530
     572
     575
     534
     545
     544
     509
     554
     553
     553
     498
     525
     518
     547
     540
     535
     522
     506
     510
     556
     442
     499
     511
     510
     546
     498
     555
     517
     510
     501
     490
     510
     521
     532
     521
     512
     514
     533
     506
     500
     529
     497
     522
     575
     524
     496
     522
     473
     491
     511
     538
     490
     504
     455
     491
     516
     538
     517
     489
     515
     444
     508
     523
     484
     513
     516
     534
     510
     520
     515
     549
     527
     471
     486
     491
     496
     534
     532
     507
     503
     532
     535
     484
     493
     517
     498
     524
     508
     523
     466
     503
     520
     486
     482
     498
     527
     481
     483
     493
     469
     478
     522
     479
     541
     453
     450
     488
     485
     495
     545
     467
     514
     499
     491
     513
     496
     525
     548
     512
     470
     492
     470
     503
     506
     527
     476
     514
     517
     532
     543
     566
     571
     607
     624
     618
     627
     657
     618
     642
     659
     615
     559
     530
     514
     504
     493
     513
     460
     511
     495
     492
     444
     499
     527
     437
     470
     456
     468
     467
     460
     457
     497
     473
     473
     474
     505
     447
     458
     442
     454
     446
     487
     498
     455
     496
     495
     490
     500
     490
     469
     472
     444
     483
     452
     485
     500
     490
     518
     550
     560
     612
     648
     745
     782
     945
     984
    1051
     986
     954
     909
     804
     685
     557
     508
     513
     468
     448
     488
     475
     458
     465
     429
     465
     485
     470
     439
     476
     496
     488
     442
     474
     443
     444
     479
     490
     478
     445
     435
     454
     453
     499
     450
     483
     420
     454
     477
     459
     488
     496
     509
     496
     504
     516
     498
     531
     528
     529
     520
     597
     507
     489
     457
     493
     480
     461
     420
     454
     475
     494
     453
     441
     425
     452
     432
     404
     469
     437
     434
     435
     454
     455
     471
     448
     458
     465
     450
     409
     449
     426
     489
     419
     453
     419
     420
     407
     424
     445
     429
     437
     420
     402
     419
     434
     453
     462
     423
     424
     493
     458
     436
     414
     437
     402
     429
     392
     414
     369
     448
     428
     420
     448
     413
     406
     435
     395
     409
     398
     402
     412
     414
     399
     393
     408
     434
     397
     419
     386
     419
     420
     409
     386
     405
     408
     423
     440
     419
     400
     404
     398
     403
     393
     412
     389
     419
     417
     391
     470
     390
     370
     385
     441
     402
     394
     409
     397
     374
     412
     415
     360
     451
     427
     425
     431
     416
     380
     398
     385
     414
     418
     377
     370
     347
     382
     398
     376
     388
     391
     408
     368
     354
     376
     375
     381
     390
     384
     375
     397
     378
     355
     411
     401
     377
     398
     398
     401
     392
     376
     389
     404
     373
     379
     392
     383
     354
     378
     366
     416
     380
     389
     380
     374
     386
     371
     374
     372
     390
     357
     345
     389
     404
     349
     369
     400
     388
     380
     414
     370
     394
     329
     382
     358
     381
     340
     376
     389
     403
     394
     384
     389
     374
     382
     377
     365
     385
     362
     390
     336
     351
     369
     372
     364
     369
     374
     358
     339
     329
     377
     391
     343
     364
     364
     373
     371
     376
     367
     330
     363
     352
     380
     367
     345
     364
     365
     367
     422
     393
     357
     379
     368
     374
     340
     376
     393
     434
     400
     379
     394
     425
     380
     350
     407
     384
     380
     348
     347
     375
     364
     342
     349
     380
     342
     360
     330
     365
     335
     329
     358
     376
     340
     382
     354
     339
     327
     336
     321
     325
     355
     353
     355
     353
     374
     329
     320
     344
     314
     413
     301
     336
     340
     314
     332
     354
     329
     310
     337
     320
     350
     325
     342
     356
     366
     319
     328
     336
     337
     337
     311
     330
     320
     315
     338
     300
     326
     351
     325
     343
     354
     349
     332
     308
     338
     361
     323
     330
     288
     328
     310
     318
     344
     319
     350
     344
     365
     299
     315
     309
     325
     333
     337
     331
     334
     289
     366
     301
     311
     345
     363
     289
     352
     319
     340
     310
     355
     322
     358
     365
     354
     374
     323
     342
     342
     317
     355
     320
     333
     329
     307
     286
     301
     313
     333
     367
     322
     294
     314
     329
     306
     309
     326
     309
     328
     307
     298
     296
     332
     320
     315
     307
     267
     302
     299
     298
     280
     297
     302
     303
     319
     294
     274
     325
     333
     345
     330
     312
     339
     335
     339
     331
     317
     346
     354
     305
     319
     311
     322
     333
     294
     312
     310
     284
     304
     314
     312
     288
     287
     302
     300
     304
     269
     282
     320
     320
     306
     305
     302
     302
     295
     269
     276
     290
     258
     300
     322
     288
     298
     295
     280
     269
     261
     297
     278
     312
     262
     285
     296
     283
     300
     316
     293
     280
     323
     276
     281
     274
     299
     268
     282
     283
     289
     268
     304
     267
     305
     286
     273
     266
     265
     282
     298
     250
     265
     280
     317
     258
     302
     292
     297
     292
     292
     308
     263
     264
     259
     287
     285
     304
     272
     277
     282
     274
     255
     276
     280
     303
     273
     277
     275
     284
     279
     293
     271
     270
     271
     283
     273
     279
     269
     250
     275
     267
     282
     274
     277
     251
     275
     286
     301
     261
     288
     308
     277
     301
     286
     289
     335
     337
     326
     421
     481
     508
     563
     668
     828
     920
    1017
    1156
    1136
    1257
    1240
    1151
     981
     873
     658
     519
     418
     379
     307
     309
     255
     235
     272
     237
     227
     265
     263
     258
     226
     257
     273
     255
     270
     259
     251
     242
     232
     270
     238
     259
     229
     249
     232
     279
     251
     229
     225
     206
     244
     259
     244
     250
     231
     234
     279
     240
     237
     271
     229
     235
     212
     266
     255
     267
     248
     230
     250
     235
     218
     222
     252
     244
     239
     219
     243
     230
     239
     256
     227
     233
     239
     226
     231
     222
     244
     258
     277
     250
     234
     233
     221
     234
     241
     222
     221
     191
     218
     219
     222
     215
     229
     243
     220
     218
     251
     233
     233
     248
     225
     232
     216
     212
     228
     230
     222
     243
     235
     232
     250
     234
     222
     215
     219
     231
     182
     219
     221
     210
     222
     214
     253
     233
     207
     238
     200
     252
     203
     230
     228
     207
     215
     202
     210
     200
     209
     210
     230
     222
     223
     215
     225
     213
     203
     209
     227
     228
     209
     218
     254
     215
     236
     242
     211
     224
     211
     202
     222
     208
     227
     253
     205
     214
     219
     227
     212
     163
     226
     211
     219
     206
     231
     202
     178
     211
     221
     218
     210
     207
     212
     201
     178
     211
     195
     202
     217
     229
     196
     201
     226
     225
     206
     196
     194
     240
     212
     190
     214
     210
     196
     208
     205
     197
     208
     207
     195
     216
     196
     199
     215
     202
     210
     230
     221
     206
     170
     183
     185
     194
     190
     213
     232
     211
     213
     213
     194
     194
     190
     204
     200
     172
     186
     187
     181
     178
     180
     199
     189
     176
     189
     218
     189
     167
     233
     185
     196
     181
     173
     181
     196
     211
     177
     182
     209
     166
     194
     197
     192
     189
     177
     181
     213
     181
     185
     198
     197
     188
     187
     173
     183
     165
     194
     191
     160
     154
     180
     173
     170
     203
     175
     160
     185
     162
     169
     181
     188
     177
     181
     180
     181
     168
     154
     154
     177
     187
     163
     163
     173
     177
     177
     175
     185
     172
     198
     174
     189
     178
     174
     179
     173
     175
     183
     176
     188
     173
     180
     171
     177
     180
     167
     155
     174
     195
     171
     164
     160
     160
     153
     162
     162
     172
     160
     195
     181
     161
     163
     169
     172
     165
     153
     161
     163
     168
     162
     151
     167
     156
     159
     155
     173
     167
     175
     151
     144
     173
     187
     139
     164
     185
     170
     165
     162
     163
     155
     139
     184
     157
     146
     140
     168
     151
     143
     141
     154
     162
     145
     153
     169
     136
     167
     143
     167
     154
     152
     141
     179
     171
     164
     180
     158
     144
     141
     137
     166
     153
     180
     177
     148
     159
     173
     142
     148
     153
     165
     146
     140
     173
     162
     148
     128
     165
     138
     136
     160
     125
     173
     144
     160
     155
     139
     139
     166
     161
     138
     170
     140
     146
     156
     144
     152
     136
     144
     129
     154
     149
     128
     141
     139
     136
     167
     147
     120
     121
     132
     162
     131
     136
     149
     146
     150
     126
     132
     157
     150
     139
     139
     130
     143
     148
     137
     130
     142
     131
     162
     132
     135
     123
     146
     144
     146
     146
     132
     124
     119
     174
     125
     143
     122
     141
     150
     147
     155
     129
     156
     165
     134
     129
     159
     132
     129
     129
     140
     146
     129
     149
     146
     142
     120
     130
     121
      90
     141
     133
     124
     123
     130
     130
     131
     146
     136
     126
     130
     123
     139
     142
     134
     136
     131
     151
     145
     118
     118
     134
     116
     121
     137
     157
     126
     132
     122
     114
     124
     136
     134
     116
     113
     132
     114
     124
     124
     128
     110
     122
     126
     116
     123
     112
     123
     123
     112
     128
     114
     101
     118
     100
     109
      98
     125
     122
     112
     115
     111
     104
     115
     137
     114
     117
     133
     116
     111
     115
     107
     116
      98
     114
     129
      94
     117
     118
     131
      97
     128
     115
     103
     126
      94
     101
     106
     108
     111
     116
      96
     119
     109
     111
     119
     129
     118
     113
     123
     110
     104
     114
      96
     120
     109
     112
      88
     107
     110
     113
     103
     106
     109
     106
     108
     115
      92
     102
     107
     121
     119
      87
     109
     102
     117
     112
     107
     109
     110
      94
      95
     102
      85
      98
      96
     106
     101
     114
     100
     133
     105
      94
     100
      98
      88
      93
     109
     102
      88
     101
     110
     118
     102
     113
      97
     109
     104
      98
      98
     102
     126
      99
      88
      90
      94
      73
      96
      93
     102
     106
      97
     104
     110
      77
     112
     106
      94
     100
     111
      88
      90
     112
     119
      97
     116
      88
     100
     104
     104
      93
     108
      78
     107
      95
     100
     109
      80
      99
      90
      93
      92
      78
      93
      75
      70
      85
      94
      68
      80
      79
      89
     106
      82
      95
      79
      97
      92
      75
      89
      98
     101
      89
      79
      78
      80
     101
      80
      93
      82
      97
      96
      87
      84
      70
      92
      85
      58
      71
      90
      76
      87
      69
      94
      83
      88
      97
      89
      71
      75
      91
      97
      68
     102
      91
      99
      94
      86
      91
      78
      85
      72
      79
      94
      82
      79
      92
      92
      88
      84
      80
      67
      70
      73
      81
      78
      83
      87
      90
      67
      91
      76
      83
      73
      66
      91
      86
      72
      95
      58
      82
      81
      73
      76
      69
      80
      72
      83
      79
      63
      85
      64
      70
      75
      73
      69
      72
      69
      69
      77
      77
      87
      61
      64
      75
      81
      75
      60
      63
      74
      72
      69
      54
      74
      92
      69
      47
      67
      64
      78
      76
      63
      52
      56
      63
      65
      71
      57
      89
      68
      83
      67
      79
      64
      71
      46
      76
      68
      64
      79
      66
      73
      73
      85
      69
      75
      68
      62
      63
      74
      63
      71
      59
      49
      78
      70
      71
      58
      59
      72
      67
      63
      73
      49
      59
      67
      59
      62
      59
      53
      67
      71
      67
      67
      76
      59
      65
      59
      55
      53
      61
      57
      72
      66
      65
      52
      55
      56
      47
      60
      59
      53
      54
      52
      79
      72
      51
      57
      56
      65
      64
      67
      60
      60
      80
      60
      67
      54
      69
      59
      33
      57
      52
      63
      58
      54
      72
      54
      56
      60
      58
      64
      55
      55
      58
      61
      64
      57
      47
      56
      53
      49
      54
      47
      41
      53
      54
      51
      53
      52
      64
      51
      55
      44
      57
      43
      54
      42
      41
      39
      51
      41
      49
      35
      49
      45
      64
      54
      45
      52
      47
      57
      46
      58
      50
      47
      50
      46
      62
      44
      52
      40
      41
      58
      43
      42
      46
      44
      42
      57
      57
      40
      43
      40
      44
      42
      56
      44
      46
      46
      40
      35
      42
      37
      54
      41
      47
      40
      56
      41
      41
      41
      30
      66
      44
      41
      44
      52
      40
      45
      49
      47
      33
      38
      49
      31
      33
      47
      44
      39
      39
      36
      42
      37
      39
      47
      55
      51
      32
      52
      57
      51
      36
      45
      36
      45
      42
      40
      36
      29
      25
      33
      47
      41
      41
      35
      46
      40
      43
      44
      48
      43
      44
      41
      41
      44
      60
      30
      41
      48
      41
      32
      48
      40
      33
      33
      29
      22
      41
      36
      35
      48
      39
      33
      32
      39
      42
      41
      33
      48
      31
      31
      36
      42
      37
      44
      28
      45
      45
      37
      37
      28
      38
      32
      35
      32
      41
      44
      25
      38
      40
      34
      40
      33
      28
      39
      37
      37
      30
      28
      41
      34
      24
      31
      28
      37
      23
      36
      28
      41
      30
      43
      31
      31
      28
      33
      42
      30
      28
      37
      38
      28
      43
      39
      32
      32
      36
      37
      28
      23
      27
      23
      25
      34
      30
      39
      27
      36
      36
      32
      33
      33
      33
      22
      34
      44
      30
      25
      28
      24
      29
      28
      30
      29
      25
      28
      25
      26
      36
      29
      30
      29
      38
      28
      26
      26
      28
      27
      21
      29
      21
      26
      22
      24
      38
      26
      21
      38
      29
      18
      33
      23
      30
      25
      25
      22
      22
      17
      22
      26
      30
      19
      25
      22
      24
      37
      22
      14
      23
      33
      22
      14
      23
      21
      28
      28
      16
      22
      24
      22
      25
      27
      29
      28
      30
      22
      26
      18
      18
      24
      29
      20
      30
      23
      26
      23
      35
      28
      23
      17
      30
      23
      17
      15
      16
      21
      34
      20
      20
      12
      17
      32
      26
      22
      16
      18
      24
      19
      17
      25
      18
      15
      25
      21
      32
      29
      34
      28
      27
      35
      31
      22
      34
      22
      30
      26
      35
      30
      19
      20
      22
      15
      11
      22
      15
      23
      16
      23
      21
      22
      19
      16
       8
      16
      24
      16
      19
      17
      20
      12
      17
      19
      23
      16
      26
      19
      14
      18
      21
      11
      13
      17
      24
      27
      17
      19
      24
       8
      24
      18
      20
      18
      10
      15
      16
      17
      22
      20
      21
      18
      16
       9
      20
      21
      18
      12
      15
      12
      13
      10
      18
      16
      15
      23
      12
      13
       4
      13
      18
      24
      18
      28
      14
      15
       9
      13
      18
      14
      17
      14
       8
      18
      10
      21
      14
      10
      16
      14
      15
      20
      11
      14
      20
      16
      16
      20
      15
      11
      16
      23
      14
      13
      18
      12
      12
      24
      20
      13
      18
      18
      17
      19
      16
      10
      10
       9
      14
      12
      14
      12
      20
       7
      10
      18
      12
      14
      12
       9
      16
      10
       9
      24
      13
      11
       3
      12
      12
      14
      10
       8
      15
      13
      11
       9
       7
       8
      13
      14
      18
      13
       9
      13
      10
       8
       8
       7
       6
      16
      10
      15
      14
       8
       9
      10
      10
       7
      14
      16
       6
       9
       9
       9
      13
       8
      10
      10
       6
      11
       6
       8
      10
       7
       7
      11
       8
       8
       7
      12
      15
       8
      17
      13
      12
       9
      12
       4
      10
      13
       9
      11
       8
      16
       6
      18
      17
      10
      12
      10
      13
       6
      15
       6
       9
       6
       9
      12
      10
       7
      12
      10
      12
       9
      13
       6
       8
       7
       7
       8
       8
       4
      12
       4
      10
       6
       3
      10
       7
       4
      10
       7
       4
       3
       6
       8
       6
       7
       7
       8
      11
       9
       9
       7
       4
       5
       8
       6
       9
       6
       4
       5
      12
       6
       3
       9
       5
       4
       7
       5
       6
       3
      10
       6
       5
       5
       7
       7
       7
       5
       9
       2
       5
       5
       6
       6
       7
       4
       5
       7
       6
       3
       5
       6
       3
       3
       5
       5
       7
       8
       5
       6
       6
       4
       7
       4
       5
       6
       7
       6
       8
       5
       7
       8
       4
       6
       8
       4
       4
       0
       5
       5
      11
       6
       5
       6
       4
       9
       5
       4
       8
       5
       4
       6
       8
       3
       5
       7
       6
       7
       5
       4
       3
       4
       1
       6
       5
       5
       5
       5
       5
       2
       6
       3
       4
       4
       2
       3
       4
      10
       3
       7
       4
       4
       2
       5
       3
       9
       1
       5
       6
       2
       5
       7
       1
       3
       7
       7
       2
       5
       7
       1
       2
       2
       3
       9
       4
       5
       4
       6
       4
       4
       7
       1
       4
       1
       3
       4
       0
       5
       1
       2
       5
       4
       0
       6
       8
       5
       6
       1
       2
       5
       3
       1
       5
       5
       2
       3
       2
       4
       2
       1
       3
       0
       4
       2
       4
       1
       4
       1
       3
       3
       4
       5
       4
       3
       3
       5
       3
       2
       2
       3
       3
       5
       1
       3
       3
       1
       5
       3
       3
       3
       6
       1
       5
       2
       2
       2
       5
       2
       3
       3
       4
       2
       6
       3
       0
       5
       0
       3
       3
       2
       3
       4
       4
       5
       2
       1
       2
       3
       1
       3
       2
       3
       2
       2
       2
       2
       0
       0
       4
       2
       1
       1
       2
       1
       1
       2
       1
       2
       1
       1
       2
       1
       2
       2
       1
       3
       2
       4
       3
       3
       3
       2
       3
       2
       3
       0
       1
       2
       2
       3
       3
       3
       3
       1
       0
       3
       1
       2
       0
       3
       2
       3
       1
       1
       3
       5
       0
       1
       1
       1
       0
       4
       2
       1
       1
       1
       2
       3
       1
       4
       3
       1
       5
       3
      11
       6
       5
       4
       8
       9
      11
       9
       9
       7
      11
      12
      10
       5
      10
      12
       7
       8
       9
       2
       7
       6
       3
       1
       4
       1
       3
       0
       4
       2
       1
       2
       2
       5
       0
       0
       2
       4
       0
       2
       3
       1
       1
       1
       0
       1
       2
       2
       2
       1
       1
       1
       0
       4
       4
       2
       2
       1
       2
       1
       2
       6
       0
       2
       4
       3
       2
       1
       3
       9
       1
       6
       2
       6
       1
       3
       5
       4
       4
       5
       4
       4
       6
       6
       3
       4
       6
       7
       4
       1
       1
       2
       2
       2
       3
       1
       1
       0
       2
       0
       3
       1
       1
       0
       0
       0
       1
       2
       1
       2
       0
       0
       2
       1
       3
       0
       1
       1
       3
       1
       3
       1
       1
       3
       1
       0
       0
       1
       1
       1
       2
       0
       1
       3
       1
       0
       1
       0
       1
       1
       1
       0
       1
       1
       0
       0
       2
       0
       1
       2
       1
       1
       1
       0
       0
       0
       0
       0
       0
       2
       1
       1
       2
       1
       2
       1
       0
       1
       0
       0
       2
       0
       1
       1
       0
       2
       1
       2
       0
       1
       0
       1
       0
       1
       0
       3
       2
       1
       2
       0
       1
       3
       1
       2
       1
       2
       1
       1
       1
       0
       1
       2
       0
       0
       0
       1
       1
       0
       1
       0
       1
       2
       0
       1
       1
       0
       2
       0
       0
       1
       2
       0
       2
       0
       0
       1
       1
       2
       0
       0
       0
       1
       2
       2
       3
       4
       2
       4
       2
       4
       5
       7
       8
       3
      12
       7
       7
       6
       5
      10
      10
       8
       3
       3
       3
       2
       0
       1
       1
       3
       0
       0
       2
       2
       0
       0
       2
       0
       0
       0
       1
       1
       1
       1
       0
       0
       0
       0
       1
       0
       0
       1
       1
       0
       1
       0
       0
       2
       0
       1
       0
       0
       3
       1
       2
       0
       1
       0
       1
       0
       0
       1
       0
       1
       0
       0
       1
       1
       0
       0
       1
       0
       1
       0
       0
       0
       4
       1
       1
       1
       1
       3
       1
       6
       2
       2
       5
       5
       2
       5
       0
       8
       2
       1
       2
       7
       4
       2
       1
       5
       6
       6
       1
       5
       6
       3
       2
       7
       5
       3
       0
       0
       2
       6
       3
       1
       2
       6
       5
       2
       5
       0
       3
       5
       5
       3
       1
       1
       0
       2
       0
       0
       1
       0
       0
       1
       0
       0
       0
       1
       0
       3
       0
       1
       0
       0
       0
       1
       1
       0
       2
       1
       0
       2
       0
       1
       1
       3
       0
       0
       0
       2
       2
       1
       1
       2
       0
       1
       1
       0
       1
       2
       1
       1
       1
       1
       0
       0
       3
       0
       0
       0
       0
       0
       0
       1
       1
       0
       0
       0
       0
       0
       0
       0
       3
       1
       2
       2
       1
       3
       2
       2
       4
       3
       1
       3
       2
       2
       0
       4
       4
       3
       3
       2
       4
       0
       0
       0
       3
       0
       2
       1
       0
       0
       0
       0
       0
       0
       0
       0
       0
       0
       0
       2
       1
       1
       1
       2
       0
       0
       2
       1
       0
       1
       0
       0
       2
       0
       0
       0
       0
       1
       0
       0
       0
       2
       0
       0
       1
       2
       1
       1
       0
       1
       2
       2
       2
       2
       1
       3
       2
       0
       2
       2
       1
       3
       2
       2
       3
       0
       1
       0
       3
       1
       0
       2
       0
       0
       1
       0
       0
       0
       0
       0
       0
       1
       0
       1
       0
       0
       0
       0
       1
       1
       0
       1
       1
       0
       0
       0
       1
       0
       1
       0
       0
       0
       1
       0
       0
       1
       1
       1
       0
       0
       0
       0
       0
       1
       1
       1
       0
       0
       1
       1
       1
       1
       0
       0
       1
       1
       0
       0
       0
       0
       0
       1
       2
       1
       0
       0
       1
       0
       2
       0
       0
       0
       2
       1
       1
       0
       0
       0
       0
       1
       0
       1
       1
       0
       2
       1
       1
       0
       0
       0
       0
       0
       0
       0
       0
       1
       0
       0
       1
       0
       2
       1
       1
       0
       0
       0
       2
       0
       0
       1
       1
       0
       0
       0
       0
       1
       0
       1
       0
       0
       0
       0
       1
       0
       1
       0
       0
       1
       2
       0
       1
       0
       0
       0
       0
       0
       0
       0
       0
       0
       0
       0
       0
       0
       0
       0
       1
       0
       0
       1
       0
       1
       2
       0
       0
       1
       0
       0
       1
       0
       0
       1
       0
       0
       0
       1
       1
       0
       0
       1
       1
       0
       0
       0
       1
       0
       0
       1
       0
       1
       0
       0
       0
       0
       0
       0
       0
       0
       1
       1
       0
       0
       0
       0
       0
       2
       0
       0
       0
       1
       0
       0
       1
       1
       0
       0
       0
       2
       0
       1
       0
       0
       0
       0
       0
       1
       0
       1
       0
       0
       0
       1
       1
       0
       2
       1
       0
       0
       1
       0
       0
       0
       1
       0
       1
       1
       0
       0
       0
       1
       0
       0
       0
       0
       0
       1
       0
       0
       0
       0
       1
       0
       0
       0
       1
       0
       0
       0
       0
       0
       0
       1
       2
       0
       0
       1
       1
       0
       0
       0
       0
       0
       0
       0
       1
       1
       1
       0
       2
       0
       2
       1
       0
       0
       0
       0
       0
       0
       0
       0
       1
       1
       0
       1
       0
       0
       1
       0
       0
       0
       2
       0
       0
       1
       0
       0
       1
       0
       0
       0
       2
       1
       0
       0
       1
       0
       2
       0
       0
       0
       0
       1
       0
       0
       0
       0
       0
       1
       1
       0
       0
       0
       1
       0
       1
       1
       0
       0
       0
       1
       0
       0
       0
       0
       1
       0
       2
       0
       1
       0
       0
       0
       0
       0
       1
       0
       0
       0
       0
       0
       0
       1
       0
       0
       0
       0
       0
       0
       0
       1
       0
       1
       1
       0
       0
       2
       0
       0
       2
       0
       0
       0
       0
       0
       0
       0
       0
       0
       0
       0
       0
       0
       0
       0
       0
       1
       0
       1
       0
       1
       0
       1
       0
       1
       1
       0
       1
       1
       0
       0
       0
       0
       0
       1
       0
       0
       0
       2
       0
       1
       1
       0
       0
       2
       0
       1
       2
       2
       0
       0
       0
       0
       0
       0
       1
       1
       0
       0
       2
       0
       0
       0
       1
       0
       0
       0
       0
       1
       0
       2
       0
       0
       0
       0
       0
       3
       0
       1
       0
       0
       0
       0
       0
       0
       2
       0
       1
       0
       0
       0
       0
       1
       0
       0
       0
       1
       2
       1
       0
       0
       1
       1
       0
       0
       0
       0
       0
       0
       0
       0
       0
       0
       1
       0
       0
       0
       1
       1
       1
       1
       0
       0
       2
       0
       1
       1
       1
       0
       0
       0
       0
       0
       0
       0
       0
       0
       0
       0
       1
       0
       0
       0
       0
       0
       1
       0
       1
       0
       0
       0
       0
       0
       0
       1
       0
       0
       0
       0
       0
       0
       1
       0
       0
       0
       1
       0
       1
       1
       0
       0
       0
       0
       1
       0
       0
       0
       0
       0
       1
       1
       1
       1
       1
       0
       1
       0
       1
       1
       1
       0
       0
       0
       0
       0
       0
       0
       0
       0
       1
       1
       0
       0
       0
       0
       0
       0
       0
       0
       0
       0
       0
       0
       0
       0
       0
       0
       3
       0
       1
       1
       1
       1
       0
       0
       0
       1
       0
       0
       1
       0
       0
       0
       1
       1
       0
       0
       0
       0
       0
       0
       0
       0
       0
       0
       0
       0
       0
       0
       0
       1
       0
       0
       0
       0
       0
       0
       0
       0
       1
       0
       0
       0
       2
       1
       0
       0
       0
       0
       0
       1
       0
       2
       1
       1
       0
       1
       1
       1
       0
       0
       0
       1
       0
       0
       0
       0
       0
       0
       0
       1
       0
       1
       0
       0
       0
       1
       1
       0
       1
       0
       0
       0
       1
       0
       0
       0
       0
       0
       0
       1
       0
       1
       0
       0
       0
       0
       0
       0
       0
       0
       1
       0
       1
       0
       0
       1
       1
       0
       0
       2
       1
       0
       1
       0
       2
       0
       0
       0
       0
       0
       0
       0
       1
       0
       3
       0
       0
       0
       0
       0
       0
       0
       0
       0
       0
       0
       0
       0
       1
       0
       0
       0
       1
       0
       1
       0
       1
       1
       0
       0
       0
       1
       0
       0
       0
       0
       0
       1
       0
       1
       0
       0
       0
       0
       0
       0
       0
       0
       1
       0
       0
       0
       0
       0
       0
       1
       0
       0
       0
       0
       0
       0
       0
       1
       0
       1
       0
       0
       0
       0
       0
       0
       0
       0
       0
       0
       0
       0
       0
       1
       0
       0
       0
       0
       0
       0
       1
       2
       1
       0
       0
       0
       0
       0
       1
       0
       0
       0
       2
       0
       0
       1
       1
       0
       0
       0
       0
       0
       0
       0
       0
       1
       0
       0
       0
       0
       0
       0
       0
       1
       0
       3
       0
       0
       1
       1
       0
       3
       0
       1
       1
       0
       0
       1
       0
       1
       0
       1
       1
       1
       0
       0
       0
       0
       0
       0
       0
       0
       0
       0
       1
       1
       0
       1
       1
       0
       0
       0
       0
       1
       0
       0
       0
       0
       0
       0
       0
       0
       0
       0
       0
       1
       0
       1
       1
       0
       1
       0
       0
       0
       0
       1
       0
       0
       1
       0
       0
       0
       0
       0
       0
       0
       0
       0
       0
       0
       0
       1
       0
       0
       0
       1
       0
       0
       1
       0
       0
       0
       0
       0
       0
       1
       1
       0
       1
       1
       0
       0
       0
       0
       1
       0
       0
       1
       0
       0
       0
       0
       0
       1
       0
       0
       0
       0
       0
       1
       1
       2
       2
       0
       0
       0
       0
       2
       0
       0
       0
       1
       1
       0
       1
       0
       1
       0
       0
       0
       0
       0
       1
       0
       0
       0
       0
       1
       1
       0
       0
       0
       0
       1
       0
       0
       0
       0
       0
       1
       1
       1
       0
       1
       0
       0
       0
       1
       0
       0
       0
       1
       0
       0
       0
       0
       0
       0
       0
       0
       1
       0
       0
       0
       0
       0
       0
       0
       0
       1
       0
       0
       0
       1
       1
       1
       1
       3
       0
       0
       1
       0
       0
       0
       0
       0
       1
       0
       1
       0
       1
       1
       0
       2
       0
       0
       0
       0
       0
       0
       0
       0
       0
       0
       0
       0
       0
       0
       0
       1
       0
       0
       0
       0
       0
       0
       0
       0
       0
       0
       0
       0
       0
       0
       0
       0
       0
       1
       0
       1
       0
       0
       0
       0
       0
       0
       0
       0
       0
       0
       0
       0
       0
       1
       0
       0
       0
       0
       0
       2
       2
       0
       1
       0
       0
       0
       1
       1
       0
       1
       0
       0
       1
       0
       0
       1
       0
       0
       1
       1
       0
       1
       0
       0
       1
       0
       2
       0
       0
       0
       0
       1
       0
       1
       0
       0
       0
       0
       0
       0
       0
       0
       0
       0
       0
       0
       0
       1
       0
       0
       0
       0
       0
       1
       1
       0
       1
       0
       0
       0
       0
       0
       0
       0
       0
       0
       0
       1
       0
       0
       0
       0
       0
       1
       1
       0
       0
       0
       0
       1
       0
       0
       0
       0
       0
       0
       1
       0
       2
       0
       0
       1
       0
       0
       0
       0
       0
       0
       0
       0
       0
       0
       0
       0
       0
       1
       0
       0
       0
       0
       0
       0
       0
       0
       0
       0
       0
       2
       0
       0
       1
       0
       0
       0
       0
       0
       1
       0
       0
       0
       0
       0
       0
       0
       0
       0
       1
       0
       0
       0
       1
       0
       0
       0
       0
       0
       1
       0
       0
       0
       0
       0
       1
       0
       0
       0
       0
       1
       1
       0
       0
       0
       2
       1
       0
       0
       0
       1
       0
       0
       1
       0
       0
       0
       0
       0
       0
       0
       0
       0
       1
       0
       0
       0
       0
       0
       0
       1
       1
       0
       0
       0
       2
       0
       0
       0
       0
       0
       0
       1
       1
       0
       0
       1
       0
       0
       0
       0
       0
       1
       0
       0
       0
       0
       0
       0
       0
       2
       0
       0
       0
       0
       0
       0
       0
       0
       0
       0
       0
       0
       0
       0
       0
       0
       0
       0
       0
       0
       0
       0
       0
       0
       0
       0
       0
       0
       0
       0
       0
       0
       0
       0
       0
       0
       0
       0
       1
       0
       0
       0
       1
       0
       0
       0
       0
       0
       0
       0
       0
       2
       1
       0
       0
       1
       0
       0
       0
       1
       0
       0
       0
       0
       1
       0
       1
       0
       0
       1
       0
       0
       1
       0
       0
       0
       0
       0
       1
       0
       0
       1
       0
       0
       0
       0
       0
       0
       0
       1
       0
       0
       0
       0
       0
       0
       0
       0
       1
       0
       0
       0
       0
       0
       1
       1
       0
       0
       0
       0
       0
       1
       0
       0
       0
       1
       0
       0
       0
       0
       0
       1
       0
       0
       0
       0
       0
       0
       1
       0
       1
       0
       0
       0
       1
       0
       0
       0
       1
       0
       1
       0
       0
       1
       0
       1
       1
       0
       1
       0
       0
       0
       1
       0
       0
       0
       0
       0
       0
       0
       0
       1
       0
       0
       1
       0
       2
       0
       2
       0
       0
       0
       0
       0
       0
       0
       0
       2
       0
       0
       1
       0
       0
       1
       0
       1
       0
       0
       0
       0
       0
       0
       1
       0
       0
       0
       1
       0
       1
       0
       0
       0
       0
       0
       0
       0
       0
       0
       0
       0
       0
       0
       0
       0
       0
       1
       0
       0
       0
       1
       0
       1
       1
       0
       1
       0
       0
       0
       0
       0
       0
       0
       1
       0
       0
       0
       3
       0
       2
       0
       0
       0
       0
       0
       0
       0
       0
       0
       0
       0
       0
       0
       0
       0
       0
       0
       0
       0
       1
       0
       0
       0
       0
       0
       0
       1
       0
       1
       0
       0
       0
       0
       0
       0
       0
       0
       0
       0
       1
       0
       0
       0
       0
       0
       0
       0
       0
       0
       0
       1
       1
       0
       0
       0
       0
       0
       0
       0
       1
       0
       0
       0
       0
       0
       0
       0
       1
       1
       1
       0
       0
       0
       0
       0
       1
       0
       0
       0
       0
       0
       0
       0
       0
       0
       0
       1
       0
       0
       0
       0
       0
       0
       0
       2
       0
       0
       1
       0
       0
       0
       0
       0
       0
       0
       0
       0
       0
       1
       0
       1
       0
       0
       1
       0
       0
       1
       1
       1
       0
       0
       0
       2
       0
       0
       3
       0
       0
       1
       0
       0
       0
       1
       1
       2
       1
       1
       0
       0
       4
       2
       1
       0
       0
       0
       0
       0
       0
       0
       0
       0
       1
       0
       0
       0
       0
       0
       0
       0
       0
       1
       0
       0
       0
       1
       0
       0
       1
       0
       0
       0
       0
       0
       0
       0
       0
       0
       0
       2
       0
       0
       0
       0
       0
       0
       0
       0
       0
       0
       0
       0
       1
       0
       2
       0
       0
       0
       0
       0
       0
       1
       0
       0
       0
       1
       0
       1
       0
       0
       0
       1
       0
       0
       0
       0
       0
       0
       0
       0
       0
       0
       0
       0
       0
       1
       0
       0
       0
       0
       0
       0
       1
       0
       0
       2
       0
       0
       0
       0
       0
       1
       0
       0
       0
       0
       0
       0
       1
       0
       0
       0
       0
       0
       0
       0
       0
       0
       0
       0
       0
       0
       0
       0
       0
       0
       1
       0
       0
       0
       0
       1
       0
       0
       0
       0
       0
       1
       0
       0
       0
       0
       0
       1
       0
       1
       0
       0
       0
       0
       0
       0
       0
       0
       0
       0
       0
       0
       1
       1
       0
       0
       2
       0
       0
       0
       0
       0
       0
       0
       1
       1
       0
       0
       0
       0
       0
       1
       0
       1
       0
       0
       0
       0
       1
       0
       0
       1
       0
       0
       1
       0
       1
       0
       0
       0
       0
       0
       0
       1
       0
       0
       0
       0
       0
       0
       1
       2
       0
       1
       0
       0
       1
       0
       0
       0
       0
       0
       0
       1
       1
       0
       0
       0
       0
       0
       0
       0
       1
       0
       0
       2
       0
       0
       0
       1
       0
       0
       1
       1
       0
       0
       0
       0
       0
       0
       0
       0
       0
       0
       1
       0
       1
       1
       0
       0
       0
       0
       0
       0
       0
       0
       0
       0
       0
       1
       1
       0
       0
       0
       0
       0
       0
       0
       1
       0
       0
       0
       0
       1
       0
       0
       0
       0
       0
       0
       0
       1
       0
       0
       0
       0
       0
       0
       0
       0
       0
       0
       1
       0
       0
       0
       1
       0
       0
       0
       0
       0
       0
       0
       0
       0
       2
       1
       1
       0
       1
       0
       1
       0
       0
       0
       0
       1
       0
       0
       0
       0
       0
       0
       0
       0
       0
       1
       2
       0
       1
       0
       0
       0
       0
       1
       1
       1
       0
       0
       0
       0
       0
       0
       1
       0
       0
       0
       0
       0
       0
       0
       0
       0
       1
       1
       0
       1
       0
       2
       0
       0
       0
       0
       0
       0
       0
       1
       0
       1
       0
       0
       0
       1
       0
       1
       0
       0
       0
       0
       0
       0
       0
       0
       0
       0
       0
       0
       1
       1
       0
       1
       0
       0
       0
       0
       0
       0
       0
       0
       0
       0
       0
       0
       0
       0
       1
       0
       1
       0
       1
       0
       0
       0
       1
       2
       0
       0
       0
       0
       0
       0
       0
       0
       0
       0
       0
       0
       1
       0
       0
       0
       2
       0
       0
       0
       0
       0
       0
       0
       0
       1
       0
       0
       0
       0
       0
       0
       0
       0
       0
       0
       0
       0
       0
       0
       0
       1
       0
       0
       0
       0
       0
       0
       0
       1
       1
       0
       0
       0
       1
       0
       0
       0
       0
       0
       0
       1
       1
       0
       0
       0
       0
       0
       0
       0
       0
       0
       0
       0
       0
       0
       0
       0
       0
       1
       0
       0
       0
       0
       0
       1
       0
       0
       0
       1
       0
       0
       1
       0
       0
       0
       1
       0
       1
       0
       0
       0
       0
       0
       0
       0
       0
       0
       0
       0
       0
       0
       0
       0
       0
       0
       0
       0
       0
       0
       0
       0
       0
       0
       1
       0
       0
       0
       0
       0
       1
       0
       0
       0
       0
       0
       1
       0
       0
       1
       0
       0
       0
       0
       0
       0
       1
       1
       0
       1
       0
       0
       0
       0
       0
       0
       1
       0
       0
       0
       0
       0
       0
       0
       0
       0
       1
       0
       0
       0
       0
       0
       0
       0
       0
       0
       1
       0
       1
       0
       1
       1
       0
       0
       0
       0
       0
       0
       0
       0
       0
       0
       0
       0
       0
       0
       0
       1
       0
       1
       0
       0
       0
       0
       1
       0
       0
       0
       0
       0
       1
       0
       0
       0
       0
       1
       0
       0
       0
       0
       0
       0
       0
       1
       0
       0
       0
       0
       0
       1
       0
       0
       1
       0
       0
       0
       1
       0
       0
       0
       0
       0
       0
       0
       1
       0
       0
       1
       0
       0
       1
       0
       1
       0
       0
       0
       0
       0
       0
       0
       1
       0
       0
       1
       0
       0
       1
       1
       0
       0
       0
       0
       0
       0
       0
       1
       0
       1
       0
       0
       0
       0
       1
       0
       0
       0
       1
       0
       1
       0
       0
       0
       0
       0
       0
       0
       0
       1
       1
       0
       1
       1
       0
       0
       0
       0
       0
       0
       1
       0
       0
       0
       0
       1
       0
       0
       1
       0
       0
       0
       0
       0
       0
       0
       0
       0
       0
       1
       1
       1
       1
       0
       0
       0
       1
       0
       2
       0
       0
       0
       0
       0
       0
       0
       0
       0
       0
       0
       0
       0
       0
       0
       0
       0
       0
       0
       0
       0
       0
       0
       0
       1
       1
       1
       0
       0
       0
       0
       1
       0
       0
       0
       0
       0
       0
       0
       0
       0
       0
       0
       0
       1
       0
       0
       0
       0
       0
       0
       0
       1
       0
       1
       0
       0
       0
       0
       0
       0
       0
       1
       0
       0
       0
       0
       0
       0
       0
       0
       0
       0
       0
       0
       1
       0
       0
       1
       0
       1
       0
       2
       0
       0
       0
       0
       0
       0
       0
       0
       0
       0
       0
       0
       0
       0
       0
       0
       1
       0
       1
       0
       0
       0
       0
       0
       0
       1
       0
       0
       0
       0
       0
       0
       0
       0
       0
       1
       1
       0
       0
       0
       0
       1
       0
       0
       0
       0
       0
       0
       0
       1
       0
       0
       0
       0
       0
       0
       0
       0
       0
       0
       0
       0
       0
       0
       0
       0
       0
       0
       0
       0
       1
       0
       0
       0
       0
       0
       0
       0
       1
       0
       0
       0
       0
       0
       0
       0
       0
       0
       1
       1
       0
       0
       0
       0
       0
       0
       1
       1
       0
       0
       0
       1
       0
       0
       0
       1
       1
       2
       0
       0
       0
       0
       0
       0
       0
       0
       0
       1
       0
       0
       0
       0
       0
       0
       0
       0
       0
       1
       0
       1
       0
       1
       0
       1
       0
       0
       0
       0
       2
       0
       0
       0
       0
       2
       0
       0
       0
       0
       1
       0
       0
       0
       1
       0
       0
       0
       0
       0
       0
       1
       0
       2
       1
       0
       0
       0
       0
       0
       1
       0
       0
       0
       0
       0
       0
       0
       0
       1
       0
       0
       0
       0
       0
       0
       0
       0
       1
       0
       1
       0
       0
       0
       0
       0
       0
       0
       0
       0
       0
       0
       0
       1
       0
       0
       0
       0
       0
       0
       0
       1
       1
       0
       0
       1
       0
       0
       0
       1
       0
       0
       0
       0
       0
       0
       0
       0
       0
       0
       0
       1
       0
       0
       0
       0
       0
       1
       0
       0
       0
       1
       0
       0
       1
       0
       1
       0
       0
       0
       0
       0
       0
       1
       0
       0
       0
       1
       0
       0
       0
       1
       0
       0
       0
       0
       0
       0
       0
       0
       0
       1
       0
       0
       0
       1
       0
       0
       0
       0
       0
       1
       0
       1
       0
       0
       0
       0
       0
       0
       0
       0
       2
       1
       1
       1
       0
       0
       0
       0
       0
       0
       0
       0
       0
       0
       0
       0
       0
       0
       0
       0
       1
       0
       0
       0
       0
       0
       0
       0
       1
       0
       0
       0
       0
       0
       0
       1
       0
       0
       1
       0
       1
       0
       0
       1
       0
       0
       0
       0
       0
       0
       0
       0
       0
       1
       0
       0
       0
       0
       1
       0
       0
       1
       1
       1
       0
       1
       1
       0
       0
       0
       0
       0
       0
       0
       0
       0
       0
       0
       0
       1
       0
       1
       0
       0
       0
       0
       0
       1
       0
       1
       1
       0
       1
       0
       0
       1
       0
       0
       0
       0
       0
       0
       0
       0
       0
       0
       0
       0
       1
       0
       0
       0
       0
       0
       0
       0
       0
       1
       0
       0
       0
       1
       0
       0
       2
       0
       0
       1
       0
       0
       2
       0
       0
       1
       0
       0
       0
       0
       0
       0
       0
       0
       0
       0
       1
       1
       0
       0
       0
       0
       1
       1
       0
       0
       0
       0
       0
       0
       0
       0
       1
       0
       0
       0
       1
       0
       1
       0
       0
       0
       0
       0
       0
       0
       0
       0
       0
       0
       0
       0
       0
       1
       0
       0
       0
       0
       0
       1
       1
       0
       0
       0
       0
       0
       0
       0
       0
       0
       0
       0
       0
       0
       1
       0
       0
       0
       0
       0
       0
       1
       0
       0
       0
       0
       0
       0
       0
       0
       0
       0
       0
       0
       0
       0
       0
       0
       0
       0
       0
       0
       0
       0
       0
       0
       0
       0
       0
       0
       0
       0
       0
       0
       0
       1
       0
       0
       0
       0
       0
       0
       1
       0
       0
       0
       0
       0
       0
       0
       0
       0
       0
       0
       0
       0
       0
       0
       0
       0
       0
       1
       0
       0
       1
       0
       0
       0
       0
       0
       0
       0
       0
       0
       0
       0
       0
       0
       0
       0
       0
       0
       0
       0
       0
       0
       0
       0
       0
       0
       0
       0
       0
       0
       0
       0
       0
       0
       0
       0
       0
       0
       0
       0
       0
       0
       0
       0
       0
       0
       0
       0
       0
       0
       0
       0
       0
       0
       0
       0
       0
       0
       0
       0
       0
       0
       0
       0
       0
       0
       0
       0
       0
       0
       0
       0
       0
       0
       0
       0
       0
       0
       0
       0
       0
       0
       0
       0
       0
       0
       0
       0
       0
       0
       0
       0
       0
       0
       0
       0
       0
       0
       0
       0
       0
       0
       0
       0
       0
       0
       0
       0
       0
       0
       0
       0
       0
       0
       0
       0
       0
       0
       0
       0
       0
       0
       0
       0
       0
       0
       0
       0
       0
       0
       0
       0
       0
       0
       0
       0
       0
       0
       0
       0
       0
       0
       0
       0
       0
       0
       0
       0
       0
       0
       0
       0
       0
       0
       0
       0
       0
       0
       0
       0
       0
       0
       0
       0
       0
       0
       0
       0
       0
       0
       0
       0
       0
       0
       0
       0
       0
       0
       0
       0
       0
       0
       0
       0
       0
       0
       0
       0
       0
       0
       0
       0
       0
       0
       0
       0
       0
$ROI:
19
143 159
196 212
298 314
607 627
687 707
750 770
857 879
886 908
981 1003
1652 1680
1940 1984
2242 2276
2410 2444
2714 2752
2779 2817
2910 2975
3330 3374
3517 3563
4577 4648
$PRESETS:
None
0
0
$ENER_FIT:
-0.479946 0.397229
$MCA_CAL:
3
-4.799456E-001 3.972292E-001 -5.429660E-010 keV
$SHAPE_CAL:
3
3.059636E+000 2.410022E-003 1.166146E-007
