$SPEC_ID:
Pulser
$SPEC_REM:
DET# 2
DETDESC# DETECTOR 2
AP# GammaVision Version 7.01.03
$DATE_MEA:
04/24/2017 08:37:38
$MEAS_TIM:
142558 144039
$DATA:
0 8191
       0
       0
       0
       0
       0
       0
       0
       0
       0
       0
       0
       0
       0
       0
       0
       0
       0
       0
       0
       0
       0
       0
       1
    6727
  304513
  322282
  183266
  166953
  167978
  196038
  315475
  577734
  861730
  916378
  700823
  439154
  309751
  355726
  645701
 1294860
 2090555
 2341649
 1744676
  921750
  419269
  250911
  279778
  406433
  495056
  456996
  346519
  249183
  187277
  155788
  139609
  133337
  131367
  131784
  133608
  140376
  150143
  157661
  166777
  202771
  263818
  284174
  231414
  163429
  131102
  121498
  117588
  112933
  110336
  108918
  108007
  106575
  105882
  105382
  104296
  104131
  103700
  102713
  101193
   99409
   98183
   96829
   95762
   94522
   93600
   92403
   92433
   91579
   90865
   90837
   90868
   91325
   90799
   90946
   91595
   91784
   92411
   93290
   93667
   94216
   95050
   97392
  100374
  102841
  104721
  105744
  105980
  106254
  107795
  108901
  110955
  112272
  114222
  116612
  118455
  121510
  123028
  123483
  125574
  126142
  127455
  129299
  129751
  131261
  133579
  134049
  136835
  148605
  194956
  310692
  446389
  471322
  355556
  228016
  167090
  153093
  155242
  157681
  162964
  168579
  174921
  184933
  202633
  227987
  246961
  244848
  230489
  221093
  220506
  223324
  225269
  229209
  233718
  238015
  243489
  252528
  259355
  263991
  266361
  271235
  275295
  276942
  279130
  282733
  288284
  294085
  301916
  310916
  321057
  331561
  343340
  357039
  368736
  380717
  393875
  408557
  432621
  503733
  686814
  946909
 1067542
  919432
  712583
  746227
 1083584
 1425970
 1357756
  938831
  575342
  424525
  389507
  384382
  382354
  380649
  377664
  374503
  370818
  368767
  375979
  410001
  476078
  535945
  543071
  500040
  440576
  424409
  568062
 1007888
 1621202
 1932522
 1660921
 1082010
  608364
  372501
  308354
  325993
  362189
  370985
  340455
  312251
  351947
  529946
  841577
 1074769
 1004808
  704372
  436506
  335466
  376242
  550616
  885429
 1320607
 1705056
 2113829
 2689362
 3005436
 2578759
 1669380
  911055
  524497
  402675
  557461
 1271285
 2721518
 4229668
 4529694
 3350146
 1757926
  719899
  307341
  194710
  175301
  192035
  229253
  260293
  252205
  215339
  184810
  191605
  247725
  343610
  451641
  519586
  503962
  410780
  306466
  249623
  251270
  309624
  431289
  605045
  773686
  871430
  942609
 1103921
 1378815
 1634581
 1663532
 1362972
  891530
  511914
  325050
  306513
  410139
  575659
  693961
  675231
  543545
  390215
  270016
  198549
  165712
  152966
  146498
  144100
  140744
  140706
  142943
  156140
  192333
  246181
  286780
  276707
  226173
  175301
  146694
  137240
  135871
  137343
  137598
  140748
  142661
  142684
  140952
  137617
  135742
  134493
  133707
  134002
  133233
  132592
  131709
  131799
  130381
  130266
  128633
  127964
  126977
  125864
  124616
  123842
  123208
  123584
  123534
  122622
  122171
  121700
  123054
  124809
  123123
  118394
  112853
  108528
  106471
  104569
  102608
  101544
  100310
  102534
  108844
  119710
  127547
  124704
  115720
  118071
  187408
  438181
  953746
 1554617
 1819501
 1529591
  925992
  419104
  171132
   95049
   79571
   76081
   73017
   71217
   69458
   68363
   67919
   66819
   66401
   67073
   69899
   73886
   74757
   72594
   68107
   63181
   60713
   60096
   59573
   59013
   58655
   57069
   56909
   55799
   55878
   54993
   53978
   54400
   53828
   53844
   53150
   52978
   52443
   52654
   52342
   52122
   51341
   52291
   57817
   86713
  188193
  414930
  723094
  940597
  896329
  626074
  325842
  139910
   68739
   50465
   47548
   46758
   46852
   46322
   46582
   46140
   45963
   45442
   45082
   45151
   44822
   44964
   44273
   44045
   43594
   44126
   44259
   44867
   45494
   46406
   47020
   47356
   47428
   48018
   46834
   44920
   42340
   40395
   39294
   38674
   38288
   38611
   38935
   39207
   39186
   38376
   37342
   38095
   44366
   58926
   83156
  106785
  115426
  109431
  136984
  385879
 1330774
 3580932
 7059892
10181547
10803392
 8387486
 4701625
 1866207
  517779
  104305
   22384
   11737
   10504
    9628
    9014
    8866
    8759
    8879
    8872
    8548
    8390
    8743
   10763
   19236
   40955
   76850
  114616
  129105
  109078
   69731
   34546
   15409
    8988
    8094
    9457
   12181
   14912
   16084
   14515
   12501
   13665
   26879
   63124
  122838
  186950
  214471
  186197
  122848
   78903
  108277
  258492
  530185
  828054
  971550
  852220
  551042
  258392
   87252
   22483
    6171
    3428
    3206
    3154
    3033
    3043
    3023
    3047
    3023
    2888
    2873
    2818
    2717
    2679
    2851
    3171
    4122
    5601
    7317
    8254
    7880
    6266
    5074
    5680
    7276
    9486
   10134
    8860
    6562
    4698
    4336
    6469
   11455
   18177
   23419
   23949
   18605
   11582
    6066
    3375
    2547
    2347
    2273
    2339
    2364
    2485
    2508
    2430
    2379
    2492
    2629
    2927
    3209
    3395
    3261
    2963
    2543
    2320
    2132
    2140
    2253
    2786
    3763
    5365
    6796
    7653
    6814
    5482
    4473
    4609
    5179
    5874
    5780
    4909
    3698
    2822
    2415
    2210
    2376
    2783
    4197
    6714
   10582
   13638
   14234
   12021
    8110
    4777
    3204
    2294
    2108
    1916
    1961
    2077
    2426
    3637
    5756
    8537
   10793
   11184
    9207
    6340
    4031
    2607
    2235
    2187
    2177
    2220
    2187
    1989
    1994
    1849
    1972
    1963
    1991
    1966
    2038
    2012
    2189
    2346
    2722
    2883
    3017
    2959
    2791
    2513
    2314
    2336
    2191
    2179
    2206
    2363
    2291
    2251
    2128
    1980
    1878
    1715
    1748
    1730
    1704
    1783
    1709
    1802
    1832
    2091
    2363
    2644
    2685
    2593
    2556
    2397
    2548
    2742
    3384
    3749
    4024
    3979
    3649
    3706
    3518
    3245
    2764
    2308
    2060
    1972
    2161
    2770
    3681
    4557
    5253
    4924
    4142
    3162
    2472
    2369
    2503
    3042
    3390
    3576
    3266
    2797
    2558
    2361
    2172
    2183
    2144
    2252
    2444
    2634
    2696
    2778
    2566
    2197
    1837
    1576
    1580
    1585
    1495
    1417
    1277
    1204
    1196
    1316
    1566
    1727
    2040
    2489
    2828
    3337
    4021
    4341
    4312
    3637
    2734
    2023
    1718
    1738
    1935
    2333
    2509
    2545
    2298
    1964
    1690
    1359
    1212
    1229
    1135
    1288
    1541
    1845
    2133
    2135
    2092
    1838
    1779
    1715
    1628
    1739
    1560
    1332
    1189
    1054
    1075
     939
     951
     871
     819
     819
     793
     834
     816
     864
     896
     940
    1031
    1075
    1191
    1258
    1346
    1317
    1271
    1144
    1059
    1009
     969
     954
     873
     856
     839
     840
     877
     871
     891
     869
     841
     821
     787
     831
     728
     791
     778
     785
     725
     798
     810
     772
     826
     835
     954
    1093
    1207
    1242
    1166
    1028
     894
     837
     780
     804
     777
     800
     850
     861
    1003
    1130
    1213
    1374
    1378
    1280
    1021
     885
     739
     689
     691
     618
     749
     775
     750
     760
     780
     763
     757
     724
     734
     771
     772
     839
     984
     973
     964
     870
     774
     704
     641
     685
     629
     668
     711
     705
     726
     746
     911
    1110
    1783
    2720
    3823
    4914
    5256
    4865
    3583
    2377
    1441
     981
     768
     744
     815
    1022
    1402
    1962
    2656
    3393
    3726
    3419
    2843
    2136
    1472
    1017
     722
     703
     670
     742
     841
     807
     876
     879
     773
     685
     606
     593
     618
     593
     558
     608
     541
     571
     615
     556
     611
     597
     573
     606
     626
     607
     597
     627
     586
     635
     662
     737
     781
     823
     861
     934
     995
     865
     915
     853
     832
     888
     925
     909
     877
     784
     634
     572
     498
     423
     447
     450
     419
     412
     385
     434
     419
     415
     435
     438
     448
     422
     424
     421
     431
     449
     421
     423
     439
     429
     378
     429
     412
     441
     439
     430
     416
     402
     497
     540
     608
     864
    1052
    1494
    1627
    1713
    1602
    1386
    1059
     756
     594
     492
     471
     458
     466
     403
     365
     400
     343
     381
     357
     360
     347
     369
     330
     334
     374
     336
     375
     359
     385
     363
     365
     381
     390
     427
     513
     622
     722
     870
    1021
    1048
    1010
     859
     686
     656
     671
     744
     790
     787
     692
     558
     468
     408
     366
     369
     354
     378
     395
     409
     471
     447
     495
     531
     465
     419
     377
     367
     367
     355
     344
     360
     369
     315
     341
     324
     357
     372
     363
     355
     332
     362
     347
     351
     337
     338
     361
     346
     368
     385
     351
     377
     360
     355
     313
     320
     348
     348
     373
     379
     380
     410
     458
     440
     533
     540
     484
     493
     443
     383
     389
     404
     385
     373
     359
     317
     367
     378
     395
     376
     369
     389
     336
     339
     336
     337
     325
     303
     355
     306
     314
     341
     369
     296
     375
     328
     341
     332
     329
     349
     331
     325
     336
     354
     409
     343
     394
     380
     447
     457
     463
     372
     404
     403
     355
     374
     379
     364
     385
     363
     344
     382
     353
     307
     346
     351
     315
     346
     328
     331
     341
     342
     360
     402
     414
     420
     376
     328
     342
     377
     295
     310
     338
     341
     320
     366
     313
     326
     338
     307
     333
     360
     356
     334
     346
     345
     329
     300
     312
     342
     359
     314
     315
     357
     329
     338
     311
     297
     322
     340
     316
     318
     379
     338
     361
     320
     326
     300
     302
     298
     346
     322
     335
     332
     299
     326
     299
     331
     296
     294
     324
     323
     281
     299
     313
     314
     274
     301
     295
     309
     285
     293
     289
     282
     280
     299
     267
     261
     292
     266
     266
     264
     301
     287
     286
     318
     289
     284
     265
     265
     279
     266
     287
     301
     256
     283
     274
     286
     262
     250
     258
     287
     258
     287
     256
     244
     261
     242
     256
     279
     244
     259
     243
     264
     258
     258
     264
     272
     264
     259
     255
     273
     284
     262
     252
     253
     251
     288
     263
     254
     239
     254
     287
     265
     266
     268
     280
     279
     321
     339
     379
     465
     497
     551
     588
     626
     610
     639
     559
     472
     432
     329
     293
     305
     313
     242
     256
     246
     250
     233
     238
     245
     237
     263
     247
     240
     240
     261
     254
     255
     240
     229
     226
     250
     224
     242
     251
     232
     233
     218
     234
     219
     242
     184
     243
     256
     242
     226
     230
     229
     231
     232
     199
     226
     229
     237
     206
     237
     211
     225
     225
     237
     233
     197
     240
     223
     237
     220
     216
     207
     217
     230
     197
     204
     243
     216
     220
     201
     200
     224
     192
     223
     184
     218
     238
     207
     210
     215
     215
     218
     243
     221
     228
     223
     206
     211
     189
     179
     231
     214
     216
     206
     203
     220
     216
     209
     196
     201
     203
     220
     214
     209
     200
     240
     196
     198
     218
     192
     223
     189
     210
     200
     223
     198
     196
     215
     227
     223
     207
     188
     197
     208
     210
     187
     200
     194
     200
     192
     223
     230
     200
     220
     208
     236
     202
     237
     206
     223
     217
     231
     219
     226
     232
     238
     215
     210
     221
     207
     204
     212
     211
     198
     193
     232
     189
     206
     206
     203
     196
     189
     202
     207
     240
     203
     198
     184
     196
     221
     204
     226
     228
     237
     268
     201
     253
     225
     244
     250
     204
     223
     214
     219
     212
     212
     194
     176
     195
     192
     201
     173
     205
     173
     193
     171
     179
     187
     189
     189
     175
     181
     182
     195
     198
     165
     202
     186
     195
     203
     226
     202
     219
     198
     216
     211
     226
     214
     196
     231
     224
     202
     204
     193
     211
     215
     197
     179
     204
     215
     204
     209
     226
     203
     203
     224
     256
     290
     334
     387
     504
     661
     828
    1083
    1268
    1318
    1271
    1085
     846
     580
     404
     310
     258
     207
     195
     209
     196
     182
     197
     196
     215
     199
     204
     184
     197
     197
     200
     183
     211
     157
     175
     196
     164
     172
     169
     189
     193
     200
     187
     199
     213
     181
     168
     211
     192
     182
     190
     166
     177
     160
     194
     186
     183
     190
     183
     186
     181
     168
     181
     174
     171
     184
     153
     175
     175
     166
     192
     194
     175
     181
     187
     152
     176
     166
     158
     170
     175
     181
     174
     192
     188
     147
     171
     151
     189
     193
     159
     168
     161
     188
     162
     165
     192
     161
     177
     169
     166
     169
     162
     189
     156
     172
     171
     183
     168
     181
     166
     191
     169
     151
     178
     181
     169
     145
     175
     168
     191
     209
     166
     159
     170
     154
     160
     161
     186
     208
     238
     267
     349
     451
     741
    1042
    1473
    2085
    2630
    3315
    3669
    3747
    3526
    2974
    2201
    1415
     896
     563
     386
     276
     232
     216
     195
     191
     154
     150
     171
     163
     178
     151
     148
     158
     147
     161
     163
     136
     146
     169
     163
     151
     180
     140
     165
     160
     174
     151
     164
     147
     150
     153
     152
     154
     165
     167
     142
     153
     158
     150
     163
     149
     153
     155
     171
     153
     158
     125
     153
     155
     174
     144
     146
     150
     147
     166
     159
     135
     160
     141
     151
     158
     148
     162
     170
     164
     175
     179
     171
     176
     166
     167
     183
     178
     166
     145
     171
     153
     181
     176
     142
     178
     164
     177
     164
     174
     181
     164
     178
     165
     151
     170
     172
     166
     173
     150
     180
     178
     176
     202
     197
     159
     176
     200
     173
     169
     178
     170
     166
     154
     163
     170
     149
     165
     171
     185
     169
     164
     172
     152
     177
     156
     136
     152
     148
     149
     140
     138
     136
     152
     151
     160
     165
     135
     151
     165
     168
     150
     158
     176
     156
     169
     155
     146
     146
     144
     156
     132
     161
     135
     128
     161
     161
     147
     143
     146
     155
     145
     181
     142
     147
     154
     141
     139
     138
     142
     139
     137
     139
     135
     156
     157
     156
     142
     142
     139
     157
     138
     154
     166
     138
     153
     150
     155
     149
     142
     143
     169
     130
     154
     164
     141
     162
     175
     190
     190
     172
     200
     175
     152
     170
     156
     151
     136
     140
     154
     134
     145
     127
     132
     141
     138
     125
     124
     133
     131
     132
     163
     133
     116
     132
     122
     142
     132
     134
     147
     117
     146
     134
     138
     146
     149
     144
     149
     133
     145
     104
     130
     150
     141
     139
     143
     128
     144
     137
     151
     183
     170
     165
     170
     197
     215
     228
     259
     295
     340
     368
     372
     375
     346
     324
     281
     268
     236
     215
     169
     190
     175
     125
     126
     122
     151
     157
     125
     125
     125
     136
     123
     148
     148
     147
     106
     135
     128
     119
     137
     127
     131
     148
     137
     145
     126
     130
     142
     124
     139
     156
     143
     119
     130
     144
     143
     168
     166
     163
     153
     165
     164
     178
     164
     158
     158
     137
     128
     119
     131
     125
     134
     124
     111
     115
     127
     131
     118
     149
     129
     130
     145
     141
     154
     127
     129
     124
     143
     141
     126
     133
     150
     126
     122
     142
     130
     136
     150
     137
     144
     163
     136
     153
     145
     152
     144
     146
     143
     138
     132
     170
     168
     170
     137
     135
     140
     104
     139
     159
     126
     106
     131
     129
     105
     132
     132
     138
     125
     115
     114
     123
     125
     124
     118
     132
     107
     113
     105
     113
     120
     115
     129
     133
     117
     107
     125
     128
     119
     110
     132
     115
     117
     122
     122
     130
     114
     102
     131
     114
     129
     121
     132
     111
     111
     115
     114
     117
     147
     136
     179
     162
     176
     224
     208
     251
     264
     248
     254
     243
     218
     160
     185
     142
     124
     132
     107
     126
     128
     142
     129
     103
     129
     120
     152
     142
     106
     124
     129
     111
     118
     132
     131
     116
     129
     107
     116
     130
     134
     113
     132
     121
     145
     101
     128
     118
     126
     108
     113
     111
     113
     127
     110
     107
     126
     133
     119
     114
     118
     127
     112
     136
     124
     136
     111
     124
     112
     114
     117
     118
     129
     121
     102
     107
      98
     117
     106
     133
     114
     110
     130
     100
     111
     116
     119
     121
      97
     119
     110
     101
     103
     119
     120
     103
     108
     101
     118
     111
     116
     155
     119
     117
      91
     122
     131
     118
     114
     113
     116
     103
     125
     117
      96
     110
     117
     104
     118
     124
     119
     118
     105
     102
     116
     121
     103
     106
     107
     138
     113
     124
      97
     114
     110
     124
     107
     120
     110
     100
     104
     103
     127
     106
     107
     106
     113
     121
      99
      76
     117
     121
      84
     123
      88
     102
     121
     106
      90
     114
     103
     115
     125
     114
      87
     112
     109
     120
     100
      94
     108
     110
     117
     115
     138
     125
     122
     118
      98
     108
     111
     100
      94
      98
     103
     105
      99
      88
      98
      97
     102
     102
      86
     125
     107
     109
     105
     105
     115
      99
     101
     109
     122
     101
     123
     118
     135
     131
     104
     126
     120
     112
     111
      92
      98
      94
      94
      91
     123
     108
      81
     104
      85
     103
      93
     110
     111
      87
     105
     104
      97
     101
     110
     105
     104
     111
     105
     107
     101
      83
     106
     104
      83
     104
     118
     118
     119
     113
     109
     116
     104
      89
      91
     114
      96
     119
     100
      94
     111
     114
     103
     147
     130
     131
     131
     156
     123
     139
     117
     123
     116
     115
     105
     115
      90
     101
      87
     109
     104
      92
      88
      90
      85
     104
      99
      86
      86
      88
      83
     103
     108
     113
     105
     111
     110
     106
     105
      92
     104
     120
      92
     100
     101
      91
     103
      98
      97
      99
      87
      95
      84
      82
      92
     100
      83
      78
      82
     115
      81
      79
      96
      94
     107
     105
      82
      88
      94
      80
     100
     108
      96
     100
      90
      96
      88
     101
      96
      81
      92
     119
     101
      92
      82
      95
      85
      78
     100
      97
      83
     101
      90
     101
     111
     100
      78
      96
     105
      97
      91
      95
      90
      91
     100
      92
      92
      79
      78
     105
      82
      99
     105
      91
      94
      98
      78
      91
      82
      84
      84
      82
      86
      79
     118
      85
      83
      77
      78
      86
      81
      73
      76
      82
      89
      81
      71
      86
      90
      93
      84
      74
      76
      81
      78
      76
      85
      94
      93
      90
      68
      77
      95
      79
      91
      89
     100
      82
      92
      94
      79
     107
      99
     103
      88
      92
     112
     134
     144
     186
     170
     218
     275
     292
     333
     345
     338
     336
     303
     298
     245
     190
     192
     138
     102
     119
      80
      78
      95
      90
      76
      91
      91
      90
      82
      88
      76
      84
      87
      94
      77
      92
      64
      77
      90
      74
      82
      89
      81
      88
      85
      81
      73
      68
      66
      78
      89
      73
     109
      78
      84
      58
      80
      83
      79
      89
      88
      70
      87
      71
      88
      79
      77
      77
      85
      74
      94
      69
      74
      77
      87
      82
      79
      86
      88
      93
      82
      70
      77
      81
      80
      92
      84
      82
      79
      83
      70
      79
      85
      72
      70
      73
      82
      81
      79
      78
      78
      90
      71
      93
      71
      68
      71
      79
      68
      53
      73
      95
      81
      89
      76
      70
      86
      77
      73
      91
      80
      72
      84
      63
      66
      76
      98
      85
      82
      86
      90
      83
      80
      74
      83
      87
      82
      64
      87
      80
      63
      92
      67
      89
      72
      53
      76
      66
      76
      64
      77
      80
      92
      63
      77
      97
      89
      73
      75
      75
      81
      80
      81
      72
      80
      64
      75
      71
      70
      74
      83
      75
      79
      67
      73
      79
      77
      73
      63
      66
      75
      73
      73
      89
      84
      59
      69
      68
      64
      82
      67
      75
      73
      71
      88
      59
      92
      55
      66
      64
      70
      66
      61
      87
      72
      60
      84
      69
      68
      76
      60
      76
      54
      73
      79
      80
      68
      73
      92
      51
      64
      71
      57
      58
      57
      78
      70
      76
      62
      71
      74
      74
      78
      67
      73
      67
      84
      59
      73
      73
      61
      73
      74
      71
      62
      60
      74
      67
      58
      74
      68
      62
      84
      69
      72
      67
      63
      69
      69
      55
      60
      66
      71
      75
      71
      69
      55
      63
      77
      63
      67
      56
      56
      59
      62
      80
      73
      71
      70
      64
      71
      61
      61
      87
      72
      49
      65
      64
      61
      67
      66
      54
      84
      76
      65
      60
      71
      76
      88
      97
      79
     101
     111
     107
     126
     136
     161
     203
     180
     194
     205
     234
     194
     188
     188
     151
     126
     101
      71
      74
      88
      68
      73
      60
      67
      58
      58
      52
      64
      66
      57
      55
      64
      62
      62
      74
      68
      45
      66
      76
      60
      69
      85
      62
      69
      77
      62
      63
      72
      54
      56
      58
      52
      56
      60
      57
      57
      62
      57
      57
      53
      67
      53
      55
      54
      70
      63
      74
      66
      51
      51
      65
      60
      51
      63
      42
      72
      66
      74
      67
      60
      81
      51
      62
      49
      75
      64
      57
      56
      46
      65
      61
      61
      63
      61
      69
      77
      68
      85
      65
      72
      73
      73
      64
      65
      55
      69
      81
      55
      63
      53
      76
      59
      65
      55
      65
      54
      55
      63
      58
      62
      72
      71
      53
      56
      68
      55
      58
      61
      59
      54
      54
      49
      52
      54
      52
      49
      67
      54
      65
      53
      51
      40
      53
      50
      64
      61
      53
      60
      56
      47
      55
      54
      46
      46
      50
      50
      47
      73
      51
      62
      70
      65
      47
      44
      57
      58
      58
      61
      59
      63
      56
      56
      55
      60
      53
      55
      59
      55
      52
      61
      50
      38
      57
      57
      61
      58
      60
      51
      46
      69
      52
      52
      68
      64
      56
      53
      43
      68
      45
      56
      60
      72
      58
      51
      54
      62
      64
      49
      39
      44
      51
      42
      51
      45
      60
      51
      58
      57
      47
      49
      50
      48
      62
      66
      57
      63
      49
      61
      46
      51
      47
      59
      64
      60
      54
      52
      57
      49
      46
      51
      60
      59
      51
      59
      41
      52
      64
      51
      59
      53
      56
      41
      50
      57
      59
      46
      58
      48
      61
      55
      54
      58
      37
      56
      63
      45
      41
      43
      44
      60
      49
      49
      50
      48
      43
      45
      53
      53
      45
      54
      45
      54
      64
      43
      40
      50
      56
      54
      49
      41
      66
      62
      42
      44
      62
      53
      56
      77
      60
      89
      80
      97
     106
      84
      85
      99
      83
     106
     118
      96
      89
      93
      64
      66
      45
      52
      44
      38
      42
      42
      41
      54
      41
      46
      53
      52
      53
      56
      39
      49
      39
      53
      41
      53
      50
      41
      46
      30
      47
      47
      58
      58
      52
      51
      46
      41
      43
      45
      49
      57
      46
      42
      37
      54
      46
      44
      48
      45
      54
      41
      50
      57
      36
      44
      51
      51
      44
      44
      36
      50
      46
      49
      55
      36
      41
      46
      39
      40
      37
      45
      66
      42
      44
      29
      45
      48
      50
      39
      37
      47
      46
      49
      38
      41
      46
      40
      33
      37
      37
      39
      44
      45
      41
      48
      44
      54
      41
      40
      57
      39
      47
      64
      57
      43
      61
      52
      52
      48
      54
      53
      46
      42
      36
      33
      46
      30
      41
      34
      41
      41
      46
      30
      45
      38
      30
      36
      45
      38
      46
      36
      36
      49
      31
      34
      49
      56
      38
      46
      43
      57
      35
      46
      42
      49
      55
      49
      38
      51
      39
      30
      40
      39
      32
      41
      41
      41
      29
      39
      43
      30
      46
      44
      37
      39
      46
      46
      43
      43
      39
      44
      37
      32
      38
      41
      36
      40
      36
      31
      45
      35
      46
      39
      44
      48
      42
      35
      33
      44
      48
      34
      39
      39
      32
      41
      36
      29
      34
      37
      39
      46
      36
      41
      49
      38
      37
      31
      40
      30
      38
      39
      29
      41
      46
      36
      28
      30
      44
      38
      32
      41
      40
      40
      33
      42
      37
      45
      24
      42
      38
      32
      44
      38
      35
      33
      36
      35
      37
      31
      33
      27
      36
      30
      40
      37
      43
      36
      38
      38
      40
      41
      42
      39
      36
      27
      34
      41
      34
      36
      34
      42
      36
      40
      32
      41
      38
      44
      35
      27
      39
      41
      32
      34
      28
      32
      24
      32
      25
      29
      42
      33
      41
      39
      33
      55
      29
      37
      36
      36
      42
      39
      31
      28
      29
      34
      36
      30
      31
      27
      41
      35
      32
      32
      26
      40
      33
      45
      29
      30
      34
      42
      39
      35
      39
      29
      33
      30
      37
      36
      45
      29
      36
      28
      25
      35
      29
      40
      37
      32
      24
      32
      39
      35
      41
      32
      40
      33
      46
      35
      48
      61
      57
      43
      69
      54
      52
      62
      75
      63
      62
      63
      63
      62
      62
      47
      62
      42
      34
      32
      38
      37
      47
      53
      34
      32
      39
      32
      32
      40
      34
      45
      28
      27
      49
      42
      28
      28
      31
      19
      31
      28
      42
      26
      18
      32
      29
      27
      28
      38
      36
      26
      25
      43
      32
      34
      32
      37
      25
      21
      39
      39
      37
      22
      39
      33
      39
      34
      37
      47
      31
      41
      35
      40
      50
      44
      35
      35
      41
      43
      54
      37
      48
      30
      36
      40
      55
      52
      47
      38
      37
      43
      33
      42
      22
      34
      27
      34
      27
      35
      24
      26
      28
      39
      32
      30
      21
      25
      37
      22
      22
      32
      25
      24
      26
      30
      22
      30
      24
      20
      32
      28
      39
      29
      32
      34
      27
      36
      33
      30
      22
      18
      18
      30
      24
      35
      31
      24
      29
      34
      28
      31
      24
      34
      30
      25
      28
      39
      28
      19
      25
      25
      25
      30
      26
      41
      29
      31
      20
      27
      27
      31
      23
      29
      26
      24
      21
      22
      28
      22
      19
      26
      31
      26
      29
      27
      29
      33
      26
      23
      34
      20
      43
      25
      29
      28
      21
      24
      30
      25
      24
      16
      25
      32
      15
      34
      25
      24
      25
      31
      20
      26
      31
      31
      33
      31
      29
      30
      27
      28
      40
      30
      43
      38
      44
      70
      43
      48
      65
      58
      64
      75
      54
      57
      34
      53
      31
      36
      26
      28
      24
      33
      23
      32
      40
      30
      26
      17
      23
      29
      24
      28
      20
      33
      32
      29
      37
      18
      24
      24
      28
      24
      18
      22
      23
      32
      37
      25
      30
      26
      28
      23
      28
      27
      33
      33
      22
      25
      26
      29
      23
      28
      22
      30
      27
      39
      31
      25
      15
      29
      28
      25
      26
      25
      28
      23
      30
      18
      24
      32
      30
      24
      23
      24
      26
      22
      26
      33
      27
      19
      24
      23
      31
      23
      29
      20
      12
      21
      17
      26
      22
      24
      27
      32
      19
      18
      28
      22
      27
      21
      24
      18
      32
      35
      16
      28
      28
      27
      32
      30
      23
      26
      19
      33
      23
      46
      42
      37
      31
      35
      33
      37
      45
      35
      33
      38
      39
      26
      25
      25
      28
      27
      22
      21
      12
      20
      37
      21
      16
      23
      18
      17
      25
      23
      25
      22
      26
      35
      18
      20
      27
      26
      22
      15
      27
      13
      20
      27
      28
      24
      31
      26
      21
      22
      25
      20
      20
      13
      15
      20
      18
      22
      20
      25
      27
      25
      21
      19
      25
      16
      24
      19
      22
      23
      17
      27
      22
      21
      23
      28
      28
      16
      17
      29
      31
      30
      27
      27
      23
      18
      33
      21
      27
      25
      30
      21
      21
      23
      28
      21
      32
      13
      26
      22
      19
      26
      15
      22
      24
      19
      26
      22
      12
      21
      20
      22
      28
      19
      18
      17
      19
      25
      16
      21
      28
      28
       9
      23
      21
      23
      22
      20
      18
      19
      20
      28
      19
      29
      18
      24
      12
      20
      19
      22
      23
      23
      32
      22
      18
      17
      24
      21
      13
      20
      18
      23
      17
      12
      21
      13
      12
      15
      16
      22
      15
      24
      23
      18
      17
      24
      19
      15
      26
      21
      16
      24
      14
      20
      20
      20
      13
      11
      23
      20
      18
      21
      22
      13
      21
      20
      21
      27
      19
      17
      24
      21
      27
      19
      20
      23
      18
      23
      21
      24
      29
      23
      24
      24
      15
      14
      13
      24
      13
      15
      19
      20
      16
      21
      28
      24
      15
      22
      17
      18
      23
      21
      21
      20
      20
      24
      17
      19
      22
      26
      25
      23
      20
      24
      26
      15
      13
      21
      18
      19
      18
      16
      11
      14
      20
      16
      15
      17
      24
      29
      19
      24
      19
      12
      25
      14
      17
      13
      17
      16
      11
      14
      26
      13
      19
      19
      15
      16
      16
      12
      21
      20
      21
      19
      25
      16
      17
      21
      13
      21
      15
      26
      19
      18
      20
       9
      17
      12
      14
      13
      25
      19
      13
      25
      15
      13
      10
      10
      16
      18
      17
      15
      22
      18
       9
      18
      12
      14
      12
      23
      14
      14
      14
      15
      13
      14
      14
      14
      15
      14
      14
      10
       8
      10
      18
      16
      11
      13
      15
      12
      15
      15
      17
      20
      14
      14
      17
      10
      19
      18
      16
      21
      21
      16
      19
      15
      13
      14
      13
       9
      13
      22
       9
      12
      20
      17
      23
      17
      15
      25
      12
      10
       5
      12
      18
      13
      16
      17
      13
      14
      19
      18
      17
      13
      13
      13
      28
      21
      13
      12
      16
      19
      18
      23
      17
      18
      19
      15
      17
      22
      24
      12
      22
      19
      23
      15
      21
      13
      17
      21
      14
      12
      16
      13
      12
      14
      12
      16
      13
      19
      25
      13
      11
      17
      15
      17
      12
       7
      16
      13
       8
       9
      14
      15
      10
      17
      17
      15
      12
      19
      12
      15
      15
      20
      11
       9
       9
       8
      15
       7
      12
      17
      16
      16
      12
      14
       8
      19
       8
      15
       7
      15
      17
      15
      10
       9
       8
      16
      14
      11
      16
      13
      13
      17
      15
      13
       9
      12
      12
      15
      16
      15
      18
      18
      12
      11
      13
      15
      10
      15
      16
       9
      14
      11
       5
      22
      10
      17
      18
      17
      11
      13
      11
       7
      15
       8
      10
       8
      10
      16
       9
      13
      14
      12
       9
      18
      14
      16
      20
      10
      10
       6
       9
      16
      13
      14
      14
      15
      17
      11
      17
      13
      16
       9
      13
      10
      17
      12
      17
      11
      15
       9
      10
      13
      11
      17
      21
      10
      14
      12
      14
      12
      11
      15
      13
      12
      15
       7
      18
      17
       9
      15
      15
      17
      16
      24
      25
      21
      27
      20
      28
      28
      24
      38
      28
      34
      21
      21
      23
      13
      20
      20
      19
      15
      13
      14
      18
      16
      19
      11
      18
      15
      15
      10
      20
      13
      20
       7
      10
       8
       6
      12
       6
      10
       9
      19
      11
       5
       7
      11
      12
      13
      10
       9
       9
      14
       9
      10
      11
       9
       9
      11
      12
      10
       9
      10
      14
      12
       9
      15
      13
      14
      13
      16
       8
       7
      16
      14
      18
      11
      15
      15
      21
      20
      31
      25
      34
      28
      43
      29
      41
      53
      57
      63
      70
      68
      81
      88
      85
      88
      96
      65
      84
      63
      92
      71
      52
      49
      33
      26
      20
      19
      13
      13
       9
      12
      11
      17
      10
      13
       8
       9
      10
      10
       8
       9
      13
       9
      15
       7
      12
      10
       9
      12
       6
       8
      13
       7
       7
      10
      11
      12
      10
       8
       8
       4
       2
       5
      12
      10
       9
       9
       8
       6
      10
       6
      12
      10
       8
       8
      16
      13
       7
       8
       8
      11
      14
      15
       7
       6
      10
       9
       7
      11
      13
       7
      12
      11
       9
       8
       8
       8
       5
      11
      10
       8
       7
       9
      11
      11
       7
      11
      13
      14
       9
       6
       9
       8
      15
      13
      14
      10
       3
      13
       9
      13
      15
      16
      15
      12
      11
       9
       9
      10
       9
       6
      12
       9
       7
      13
      10
       7
      12
      10
       9
       4
      12
      13
      12
      11
       8
      12
      16
      13
      10
       9
       7
       8
      11
      10
      14
       9
      11
      10
      13
      10
      17
       8
      11
      22
      10
      12
      15
       7
      10
      14
      12
      14
      11
       8
      16
      15
      14
      11
      15
      18
      11
      16
      11
      15
      12
      10
      13
      12
       9
       7
       5
      11
       6
       5
       7
      11
      15
      13
      11
       8
       5
       7
      12
      16
      12
      19
      10
      11
      11
      13
      16
      10
      15
      15
      16
      16
      12
      23
       8
      15
      22
      10
      20
      16
      15
      12
      12
      24
      21
      19
      11
       9
      10
      12
      10
      11
      15
      16
      15
      17
       6
       5
       7
       5
      11
      12
      13
      10
       9
      10
      13
       1
      12
       8
       9
      10
      12
       7
       6
      12
      14
      17
       7
       5
      10
       9
       9
      12
      18
       9
      10
      10
      13
       8
      13
      11
      14
       6
      10
       9
      14
       8
      14
      15
      14
      10
       9
      10
      10
      14
      12
      10
       6
      21
       9
      12
      18
       7
       9
       8
      10
       9
       7
       9
       9
       7
       7
      11
      16
       9
       4
       9
       7
       7
       7
      10
       7
      14
      10
       6
       6
       8
      12
      13
       4
      10
      10
       7
      19
      10
      10
      10
      14
      11
       9
       9
       9
      10
      12
       9
      13
       7
       9
      11
      12
      10
      22
      16
      11
       2
      13
      11
      12
       6
       7
       8
       9
       7
       8
       8
       5
       9
      13
       4
      10
       3
      15
      11
       9
       7
       7
       6
       6
      13
       6
      13
       4
      10
      10
      14
      12
       8
      14
      11
       8
       8
       8
      11
       5
      14
      14
       7
       7
      13
      12
      13
      13
      11
       8
       7
       9
      11
      15
       9
       7
       5
      15
      14
       9
      15
      21
       9
      14
       6
       5
       1
       7
       6
      11
       5
       6
       9
      12
      12
       7
       9
      10
       8
      10
       9
       8
      11
      10
       6
       6
      16
       8
      15
       3
      12
       6
      12
       6
       7
      11
      11
       9
       8
       5
      14
      12
      10
      10
       8
       5
       8
      10
       9
       6
      11
      11
       5
       7
       3
       8
      10
       9
       3
       7
      11
      10
       4
       9
       8
      10
       7
       5
      10
      11
       9
      10
      15
      10
      13
       9
       7
       8
       5
       8
       3
      10
       6
      15
       4
      12
       6
       7
      10
       3
      13
       4
      10
       8
       6
       7
      11
       7
      12
      13
       7
       9
       8
       7
      11
       7
      11
       9
       9
      12
       3
      12
       2
       2
       6
       9
       6
       8
       5
       8
      10
       7
       9
      10
       4
       7
       9
       9
      12
      13
      10
       6
       6
       7
       9
       1
       6
      11
       8
       9
       2
      10
       6
      10
      11
       7
       2
      11
       9
       8
       4
      14
      12
       8
      14
       8
      10
      10
       6
       8
       6
       4
       3
       8
       9
       8
      11
       9
      14
       9
       8
       4
       7
      10
       8
       4
       7
       9
       4
       6
       9
       5
      10
       7
       7
       8
       2
       7
       5
       9
       7
       7
       5
       9
       5
       9
       6
       9
       6
       8
      12
       8
      12
       6
       3
       8
       5
       7
      10
       6
      11
       7
       6
       6
      10
       9
      11
       9
      11
       6
       9
       6
       9
       6
      11
       9
       7
      12
       5
       7
       3
       9
       4
       8
       4
      10
      10
       8
       8
      11
       4
       8
       7
       4
       8
      10
       6
       9
       7
       5
      11
      12
       7
       5
       7
       7
       9
       8
       6
       6
      10
       5
       7
       6
       6
       5
      10
      10
       7
       9
      10
       8
      11
      12
       4
       4
       6
       5
       4
       7
       7
       4
       6
       9
       3
       3
       7
       8
       6
       3
      12
       5
       7
      11
       5
       9
       0
      10
       5
       8
       8
       5
       6
       9
       8
       4
       1
       5
       8
      10
      13
       3
       5
      10
       2
      10
       4
      12
       2
       7
       5
       7
      11
       6
       9
       2
       6
       9
       9
       9
       9
       7
       7
       4
       5
      11
       7
       3
       6
       7
       8
       4
       9
       7
       7
       6
       8
       5
       6
       7
       6
       4
       5
       8
       6
      14
       8
       5
       8
       4
       8
       7
       3
       8
       6
       8
       8
       5
       6
       7
      11
       3
       4
       6
       7
       7
       4
      11
       8
       5
       6
       6
      10
       7
      10
       7
       6
       6
       4
      10
       8
       5
      11
      14
      13
       8
       9
       6
       7
       5
       3
       4
       9
      11
       8
       5
       7
       4
       6
       9
       6
       9
       8
       5
       7
      10
       9
       5
       5
       9
       7
       9
       6
      10
       8
       8
      12
      10
      13
      11
       6
       4
       3
       5
       5
       8
       8
       5
       3
      11
       5
       3
       3
       5
       8
       8
       7
      10
       8
       5
      11
       8
      12
       6
       7
       7
       8
       7
       2
      16
       6
       4
       9
       5
      19
       7
      14
       3
      10
       6
       6
       2
       4
      10
       7
       4
       9
      11
       7
      11
       7
       7
       7
       4
      14
       3
       7
      12
      11
      11
       8
       7
      13
      17
       3
      10
       9
       9
       9
       6
       8
      15
      15
       8
       7
      10
      14
       6
       7
      11
       2
       7
       7
       9
       9
       6
       4
       7
       5
       8
       6
       4
       4
       6
       6
       2
       7
      10
       4
      11
       4
       7
       5
       9
       6
       4
      12
      10
       9
       4
       3
       5
       6
       2
       7
      15
       7
      10
      10
       1
       4
       7
       9
       7
       3
       8
       4
      10
       6
       5
      12
       6
       5
       4
       9
       7
      12
       7
       8
       5
      14
       6
       7
       2
       2
       4
       4
       7
       6
       5
       9
       6
       4
       8
       7
       3
       5
       7
       9
       4
       6
       5
       5
      10
       8
       4
       7
       8
       9
       6
       5
       7
       3
       3
       5
       4
       7
       8
       5
       3
       4
       3
       3
       7
       7
       9
       8
      10
       6
       5
       9
       3
      11
      10
       6
       4
       5
       7
       9
       2
       5
       3
       0
       5
       4
       5
       4
       3
      10
      10
       5
       6
       2
      10
       7
       4
       6
      12
       6
       5
       6
       5
       6
       4
       4
       5
       8
       6
      12
       6
       9
       6
       5
       6
       2
       8
       8
       4
       2
       3
      10
       5
       6
       4
       5
       2
       6
       7
       6
      10
       7
       7
       8
       5
       5
       9
       5
      10
       7
      12
      14
       1
      13
       7
       7
       4
      12
      10
      10
      14
      10
      13
      17
      11
      18
      19
      14
      15
      20
      18
      23
      30
      21
      29
      22
      20
      17
      21
      16
      13
      19
       8
      10
      10
      15
      10
       6
       7
       5
       7
       4
       6
       4
       8
       6
       6
       8
       3
       7
       3
       8
       8
       6
       7
       6
       7
       7
      10
      11
       8
       6
      10
       8
       9
       7
       3
      12
       7
      11
      14
       5
       6
       6
       8
       7
      13
       8
      10
       6
       6
       8
       2
       3
       7
       5
       5
       6
       3
       9
       6
       6
       6
      13
       4
       4
       6
       6
       2
      11
       8
       4
       8
       2
       9
       7
       4
       2
       7
       6
       7
       5
       6
       3
       8
       5
       3
       2
       9
       4
       5
       5
       6
       8
       6
       6
       8
       3
       3
       3
       7
       5
       7
       5
       7
       2
       6
       8
       7
       4
       8
       5
       5
       5
       3
       4
       5
       9
       4
       6
       3
       3
       6
       5
       4
      10
       8
       5
       6
       7
       8
       6
       5
       6
       2
      12
       6
       8
       9
      10
       3
       6
       3
       6
       5
       6
       5
       4
       9
       7
       7
       3
       7
       6
       3
       7
       5
       4
       4
       5
       1
       4
       5
       1
      10
       5
       5
       4
       9
       2
       5
       4
       2
       3
       4
       3
       5
       6
       5
       8
       3
       6
       7
       6
       6
       2
       7
       4
       5
       6
       7
       6
       5
       7
       5
       1
       9
       6
       8
       1
       6
       6
       8
       7
       9
      11
       6
       3
       7
       5
       4
       3
       8
       9
       7
       7
       6
      11
       5
       6
       7
       3
       2
       3
       4
      12
       8
       3
       8
       6
       2
       4
       6
       3
       5
       8
       4
       5
       8
       3
       4
       6
       5
       4
       4
       6
       8
       6
       4
       4
       5
       4
       3
       6
       7
       6
       9
       4
       6
      10
       6
       4
       6
       7
       6
       4
       3
       3
       6
       8
       2
       5
       3
       4
       7
       1
       6
       4
       1
       4
       6
       3
       4
       8
       4
       3
       5
       4
       5
      14
       5
       4
       6
       5
       4
       2
       5
       3
       7
       4
       4
       9
       4
       3
      10
       4
       6
       3
       7
       6
       4
       3
       3
       6
       2
       7
       6
       3
       2
       4
       7
       2
       5
       7
       1
       7
       8
       4
       6
       4
       5
       6
       8
       2
       3
       6
       2
       8
       6
       9
       7
       3
       6
       3
       7
       5
       7
       9
       6
       5
       2
       4
       4
       2
       8
       5
       6
       4
       2
       4
       2
       5
       4
       2
       2
       2
       4
       5
       7
       4
       3
       3
       4
      10
       2
       4
       6
       5
       3
       4
       3
      11
       7
       2
       3
       5
       3
       8
       9
       7
       3
       3
       6
       8
       2
       8
       2
       5
       3
       6
       3
       9
       5
       3
       4
       3
       3
       6
       3
       5
       8
       9
       7
       5
       7
       4
       5
       3
       6
       6
       5
       6
       5
       8
       4
       6
       2
       4
       5
       3
       4
       6
       5
       8
       4
       2
       3
       6
       6
       6
       4
       4
       5
       4
       5
       2
       9
       4
       2
       6
       4
       2
       3
       6
       2
       3
       0
       8
       4
       3
       2
       5
       1
       3
       5
       4
       8
       7
       2
       4
       6
       2
       6
       8
       3
       7
       8
       3
       4
       4
       3
       6
       3
       6
       4
       5
      10
       3
       8
       3
      11
       7
       6
       2
       5
       5
       3
      10
       8
       4
       2
       1
       4
       5
       7
       4
       5
       4
       5
       4
       4
       4
       1
       7
       5
       7
       5
       7
       4
       5
       5
       2
       3
       4
       8
       7
       3
       5
       7
       6
       5
       4
       8
       5
       7
       3
       2
       3
       8
       4
       6
       8
       5
       5
       2
       7
       5
       7
       4
       3
       4
       3
       6
       7
       6
       6
       6
       0
       9
       5
       2
       6
       6
       5
       4
       7
       6
       3
       7
       2
       5
       7
       6
       3
       3
       7
       3
       4
       3
       7
       8
       4
       8
       4
       8
       4
       4
       3
       3
       7
       8
      11
       7
       5
       5
       1
       8
       8
      10
       7
       7
      11
       5
       6
      15
       1
      12
      10
      14
      11
       7
      10
       5
       6
       2
       7
       6
       7
       6
       5
      10
       7
       5
       8
       6
       7
       5
       4
       5
       7
       4
       8
       6
       4
       9
       5
       2
       5
       6
       7
       5
       3
       4
       5
       3
       4
       4
       9
       8
       5
       6
       2
       2
       1
       1
       2
       3
       2
       4
       9
       3
       3
       1
       5
       3
       5
       2
       4
       3
       5
       5
       5
      12
       5
       3
       8
       5
       5
       6
       2
       5
       6
       2
       6
       2
       5
       6
       4
       6
       4
       5
       3
       2
       4
       6
       3
       3
      10
       6
       3
       3
       6
       6
       6
       4
       7
       6
       4
       3
       5
       1
       5
       7
       5
       4
       7
       1
       3
       6
       4
       6
       5
       5
       4
       1
       6
       5
       3
       4
       4
       4
       8
       3
       3
       5
       7
       4
       5
       4
       7
       4
       3
       4
       2
       5
       3
       6
       5
       7
       6
       6
       6
       1
       5
       5
       0
       9
       4
       5
       2
       6
       3
       2
       3
       2
       2
       4
       4
       8
       3
       3
       3
       2
       8
       9
       6
       3
       4
       4
       5
       2
       6
       8
       6
       4
       5
       5
       3
       1
       5
       5
       2
       6
       3
       4
       3
       5
       2
      10
       5
       5
       3
      10
       5
       2
       7
       5
       6
       3
       2
       2
       6
       7
       4
       8
       8
       1
       7
       4
       4
      10
       9
       3
       2
       4
       1
       4
       5
       0
       8
       4
       8
       4
       8
       7
       6
       2
       3
       5
       4
       3
       1
       0
       4
       7
       4
       4
       4
       6
       6
       3
       3
       0
       4
       5
       2
       1
       5
       4
       2
       8
       5
       6
       3
       7
       5
       5
       7
       2
       4
       1
       5
       0
       0
       1
       6
       2
       0
       2
       4
       1
       7
       5
       4
       1
       4
       3
       3
       3
       6
       3
       3
       3
       1
       1
       3
       5
       9
       5
       5
       2
       2
       8
       6
       7
       4
       9
       3
       1
       8
       6
       5
       4
       2
       3
       3
       4
       4
       4
       3
       3
       3
       3
       2
       4
       5
       2
       4
       2
       4
       5
       3
       4
       4
       5
       3
       5
       8
       3
       6
       5
       4
       2
       2
       2
       6
       4
       6
       4
       5
       3
       5
       2
       4
       1
       2
       3
       8
       5
       6
       4
       4
       3
       4
       3
       4
       1
       3
       2
       7
       2
       5
       5
       3
       5
       5
       5
       4
       4
       6
       9
       3
       3
       6
       1
       6
       3
       6
       4
       2
       3
       7
       2
       6
       4
      10
       2
       9
       1
       6
       6
       6
       5
       5
       5
       4
       5
       5
       3
      10
       4
       9
       7
       5
      13
       9
      10
       5
      15
      11
      12
      10
      14
      13
      11
      11
      18
      17
      10
      12
      15
       9
      21
      15
      10
      11
       7
       9
       6
       8
       4
       3
       3
       3
       4
       4
       2
       5
       2
       1
       3
       1
       3
       5
       5
       8
       2
       4
       2
       4
       5
       3
       1
       3
       2
       6
       3
       5
       3
       3
       4
       6
       8
       2
       5
       5
       4
       3
       5
       2
       4
       1
       7
       3
       4
       8
       1
       3
       4
       7
       5
       2
       2
       2
       3
       4
       1
       3
       4
       3
       2
       4
       5
       7
       1
       2
       4
       2
       2
       7
       7
       4
       6
       8
       3
       3
       4
       2
       4
       2
       1
       8
       2
       4
       4
       3
       6
       2
       3
       5
       2
       3
       4
       1
       3
       2
       6
       3
       6
       3
       5
       6
       5
       5
       3
       7
       4
       4
      13
       4
       2
       1
       1
       5
       3
       4
       6
       4
       6
       2
       0
       4
       4
       1
       3
       3
       3
       4
       1
       1
       5
       3
       8
       2
       2
      10
       1
       2
       4
       8
       4
       5
       4
       5
       1
       3
       7
       6
       5
       5
       3
       3
       5
       3
       3
       3
       4
       3
       5
      10
       4
       4
       5
       1
       2
       3
       6
       5
       2
       5
       7
       5
       4
       1
       6
       4
       6
       2
       2
       3
       3
       6
       5
       4
       2
       2
       4
       6
       3
       5
       8
       4
       5
       1
       4
       2
       4
       4
       3
       1
       2
       1
       1
       2
       2
       3
       6
       2
       2
       4
       3
       2
       2
       5
       3
       2
       3
       4
       1
      10
       0
       4
       7
       1
       3
       4
       4
       1
       2
       4
       3
       3
       2
       4
       3
       4
       5
       6
       6
       9
       2
       1
       1
       6
       3
       4
       1
       2
       7
       3
       7
       2
      10
       9
       5
       4
       8
       4
       4
       5
       8
       5
       5
       5
       4
       5
       1
       1
       1
       3
       4
       2
       3
       3
       3
       3
       4
       3
       6
       5
       7
       3
       5
       6
       5
       4
       1
       2
       6
       2
       4
       4
       0
       4
       6
       4
       3
       8
       4
       2
       3
       4
       4
       3
       1
       4
       4
       3
       2
       3
       5
       4
       5
       4
       5
       9
       4
       1
       1
       3
       1
       4
       0
       1
       6
       4
       5
       5
       7
       7
       5
       5
       8
       4
       2
       5
       6
       3
       5
       5
       3
       3
       7
       2
       2
       4
       2
       4
       6
       2
       3
       2
       2
       3
       3
       4
       3
       5
       1
       6
       4
       5
       4
       1
       5
       1
       6
       9
       2
       2
       5
       3
       2
       6
       3
       5
       2
       2
       3
       1
       5
       2
       3
       2
       5
       4
       9
       5
       5
       7
       7
       3
       7
       4
       4
       4
       2
       3
       3
       8
       4
       6
       2
       3
       4
       4
       5
       2
       3
       4
       4
       7
       4
       2
       2
       2
       1
       5
       4
       4
       1
       8
       5
       1
       2
       8
       3
       5
       7
       3
       4
       4
       5
       3
       3
       2
       3
       2
       2
       6
       1
       3
       1
       5
       6
       4
       7
       4
       5
       4
       1
       4
       2
       8
       4
       3
       5
       5
       5
       5
       2
       2
       4
       2
       0
      10
       2
       8
       4
       3
       6
       4
       1
       4
       3
       4
       4
       5
       4
       2
       2
       3
       1
       5
       2
       2
       7
       0
       5
       7
       7
       6
       6
       3
       4
       5
       6
       2
       6
       2
       4
       1
       2
       3
       2
       6
       3
       4
       3
       0
       4
       4
       3
       2
       2
       4
       5
       2
       1
       5
      11
       3
       5
       5
       6
       2
       4
       2
       3
       4
       6
       1
       5
       5
       2
       3
       5
       3
       5
       3
       5
       1
       5
       4
       1
       5
       5
       5
       4
       2
       2
       2
       2
       4
       9
       5
       6
       5
       8
       5
       1
       1
       3
       2
       1
       1
       3
       0
       1
       7
       1
       4
       5
       0
       3
       5
       2
       2
       2
       4
       3
       3
       1
       2
       2
       2
       4
       1
       1
       6
       2
       1
       1
       5
       4
       5
       4
       3
       3
       3
       4
       3
       8
       5
       2
       0
       1
       3
       1
       1
       1
       3
       3
       6
       2
       5
       2
       2
       1
       4
       5
       4
       3
       3
       4
       2
       2
       1
       6
       0
       2
       2
       6
       1
       4
       3
       9
       1
       3
       0
       1
       2
       1
       3
       5
       4
       4
       6
       1
       5
       4
       6
       4
       3
       1
       3
       4
       6
       3
       6
       3
       2
       5
       3
       5
       1
       1
       3
       4
       2
       1
       1
       4
       3
       5
       1
       4
       6
       4
       6
       3
       4
       1
       4
       1
       2
      10
       2
       5
       1
       3
       8
       1
       3
       0
       2
       1
       2
       0
       2
       4
       2
       2
       2
       2
       6
       1
       4
       3
       1
       5
       4
       2
       1
       2
       5
       7
       2
       3
       6
       2
       4
       3
       5
       9
       3
       4
       4
       3
       4
       5
       2
       2
       3
       7
       3
       0
       2
       1
       7
       7
       6
       4
       3
       3
       5
       2
       3
       1
       4
       5
       0
       2
       2
       5
       3
       3
       2
       3
       2
       3
       1
       6
       6
       1
       5
       6
       2
       4
       2
       3
       3
       5
       4
       2
       6
       0
       4
       5
       5
       2
       3
       3
       3
       3
       4
       1
       2
       7
       2
       1
       8
       3
       0
       3
       5
       5
       3
       1
       4
       3
       3
       3
       3
       4
       7
       2
       1
       5
       6
       3
       1
       1
       5
       0
       2
       2
       5
       2
       6
       1
       1
       3
       6
       6
       3
       3
       5
       2
       2
       3
       3
       2
       7
       2
       6
       2
       7
       2
       5
       1
       7
       3
       5
       4
       4
       4
       1
       3
       3
       5
       1
       3
       3
       2
       7
       3
       7
       0
       2
       0
       4
       1
       4
       2
       4
       2
       2
       1
       6
       4
       3
       2
       2
       3
       7
       1
       3
       3
       1
       6
       2
       4
       3
       5
       1
       6
       3
       2
       1
       6
       1
       3
       5
       5
       5
       2
       4
       4
       5
       2
       2
       3
       5
       5
       4
       5
       2
       0
       1
       1
       0
       2
       5
       2
       4
       2
       3
       5
       4
       2
       3
       3
       6
       3
       3
       2
       5
       7
       6
       1
       5
       5
       4
       1
       2
       4
       3
       5
       4
       5
       1
       1
       7
       4
       5
       7
       2
       0
       3
       1
       2
       2
       3
       3
       3
       3
       2
       2
       4
       3
       0
       3
       3
       2
       5
       5
       5
       6
       3
       0
       0
       5
       1
       4
       0
       1
       3
       3
       4
       5
       1
       0
       1
       3
       6
       3
       5
       4
       6
       5
       8
       2
       4
       4
       2
       0
       6
       5
       4
       2
       2
       2
       3
       3
       3
       1
       2
       3
       3
       2
       2
       0
       8
       6
       3
       4
       3
       3
       2
       6
       0
       2
       0
       4
       1
       2
       2
       0
       3
       4
       4
       5
       0
       2
       4
       1
       1
       5
       3
       4
       3
       2
       3
       3
       3
       4
       6
       0
       4
       5
       3
       3
       1
       3
       3
       2
       7
       3
       2
       2
       3
       4
       1
       2
       4
       2
       0
       6
       6
       7
       1
       4
       5
       6
       5
       6
       1
       3
       2
       3
       6
       3
       0
       2
       5
       4
       2
       4
       3
       3
       4
       1
       2
       3
       3
       3
       4
       4
       4
       3
       2
       5
       2
       2
       2
       3
       0
       4
       3
       4
       8
       4
       2
       3
       1
       4
       4
       2
       8
       0
       2
       4
       4
       2
       1
       2
       5
       5
       7
       4
      10
       3
       1
       2
       7
       4
       4
       1
       3
       4
       3
       2
       7
       8
       7
       6
       2
       5
       2
       1
       2
       1
       3
       2
       2
       3
       2
       6
       3
       2
       2
       4
       2
       2
       4
       1
       1
       4
       7
       3
       2
       4
       2
       4
       8
       4
       3
       3
       3
       4
       3
       2
       3
       1
       4
       0
       3
       2
       4
       5
       3
       2
       2
       3
       3
       4
       5
       4
       3
       1
       2
       0
       2
       3
       4
       4
       1
       4
       4
       2
       5
       5
       5
       2
       4
       4
       2
       2
       3
       2
       2
       2
       2
       2
       4
       3
       5
       4
       3
       3
       2
       5
       3
       3
       5
       3
       1
       1
       4
       2
       2
       8
       2
       5
       3
       3
       1
       2
       0
       1
       2
       1
       4
       3
       2
       0
       6
       0
       5
       1
       3
       4
       0
       4
       3
       2
       2
       2
       3
       0
       4
       3
       5
       0
       2
       4
       1
       1
       2
       5
       1
       4
       3
       1
       2
       4
       1
       1
       3
       8
       2
       1
       1
       2
       3
       3
       0
       4
       3
       2
       4
       1
       3
       3
       5
       4
       2
       4
       3
       2
       3
       3
       1
       3
       5
       2
       3
       5
       0
       2
       3
       3
       5
       3
       5
       1
       1
       4
       5
       3
       3
       2
       4
       3
       2
       3
       3
       1
       3
       4
       4
       1
       1
       1
       0
       3
       4
       7
       2
       1
       5
       2
       2
       3
       4
       3
       5
       3
       2
       0
       4
       2
       4
       2
       4
       4
       1
       3
       1
       4
       3
       0
       2
       3
       4
       4
       6
       2
       6
       4
       0
       3
       4
       3
       1
       1
       5
       4
       3
       4
       4
       2
       3
       0
       1
       0
       2
       1
       3
       1
       1
       2
       3
       2
       1
       5
       2
       1
       0
       1
       0
       0
       0
       0
       0
       0
       0
       0
       0
       0
       0
       0
       0
       0
       0
       0
       0
       0
       0
       0
       0
       0
       0
       0
       0
       0
       0
       0
       0
       0
       0
       0
       0
       0
       0
       0
       0
       0
       0
       0
       0
       0
       0
       0
       0
       0
       0
       0
       0
       0
       0
       0
       0
       0
       0
       0
       0
       0
       0
       0
       0
       0
       0
       0
       0
       0
       0
       0
       0
       0
       0
       0
       0
       0
       0
       0
       0
       0
       0
       0
       0
       0
       0
       0
       0
       0
       0
       0
       0
       0
       0
       0
       0
       0
       0
       0
       0
       0
       0
       0
       0
       0
       0
       0
       0
       0
       0
       0
       0
       0
       0
       0
       0
       0
       0
       0
       0
       0
       0
       0
       0
       0
       0
       0
       0
       0
       0
       0
       0
       0
       0
       0
       0
       0
       0
       0
       0
       0
       0
       0
       0
       0
       0
       0
       0
       0
       0
       0
       0
       0
       0
       0
       0
       0
       0
       0
       0
       0
       0
       0
       0
       0
       0
       0
       0
       0
       0
       0
       0
       0
       0
       0
       0
       0
       0
       0
       0
       0
       0
       0
       0
       0
       0
$ROI:
24
43 57
143 159
196 212
298 314
354 370
455 478
509 527
607 627
687 707
750 770
857 879
886 908
981 1003
1652 1680
1940 1984
2242 2276
2410 2444
2500 2534
2714 2752
2779 2839
2910 2975
3330 3374
3517 3563
4577 4648
$PRESETS:
None
0
0
$ENER_FIT:
-0.423699 0.397254
$MCA_CAL:
3
-4.236994E-001 3.972545E-001 2.974716E-009 keV
$SHAPE_CAL:
3
2.937385E+000 2.583263E-003 6.394239E-008
