NIF_RUN Passive 18x snout on TANDM 90-348 Pinhole
  140    5    1    0    0  <-- KG    KA    IPNT  IACT  KQT  (5I5)
0.005  9.0  0.03  0.03        <-- ACVX  FCHN  FCVX  FS         (free format)
0.0   0   0  1 1.0  <-- AK1   NORML ILOG  TIME  ACNM (free fmt: R,I,I,R,R)
ZR902    1.706E-12 0.010                       IFX
IN115N   4.881E-13 0.007                       IFX
AU197G   8.079E-14 0.010            AUNG 3.937 IFX
IN115G   1.161E-13 0.020            INNG 39.37 IFX
AU1972   1.218E-11 0.053                       IFX
Flux Uncertainty 
   7                          <-- NGP  (I4)
 1E-11 1E-7 .5 1 10 13   20.1
 1     1  0.75  0.5 0.5 0.05 0.03
Input Flux Spectrum
 140 0 1.000E+00 0.000E+00 0.000E+00   <-- NGP, ITHERM, TNORM, TMPR, ETE  (2I4, 3F10.4)
3.4672E+14
3.4671E+13
2.3996E+13
1.1545E+13
1.1968E+13
7.9561E+12
5.6152E+12
3.6073E+12
2.4273E+12
1.7585E+12
1.0100E+12
6.5499E+11
4.3953E+11
2.9109E+11
1.7001E+11
1.6682E+11
8.3868E+11
6.2344E+11
9.9101E+11
7.2120E+11
7.9928E+11
9.2297E+11
8.1958E+11
7.2053E+11
6.6925E+11
5.4581E+11
4.8438E+11
4.0085E+11
3.1036E+11
2.6404E+11
2.1375E+11
1.6874E+11
1.6169E+11
1.4905E+11
1.9301E+11
2.5086E+11
2.8299E+11
3.3480E+11
3.6109E+11
3.6679E+11
3.5579E+11
3.6339E+11
3.5849E+11
3.4663E+11
3.1941E+11
2.9691E+11
2.8472E+11
2.6005E+11
2.4845E+11
2.2103E+11
2.0457E+11
1.9204E+11
1.8537E+11
1.7769E+11
1.7908E+11
1.7842E+11
1.8043E+11
1.8796E+11
2.0114E+11
2.1006E+11
2.2472E+11
2.3875E+11
2.5944E+11
2.7643E+11
2.9707E+11
3.1018E+11
3.1818E+11
3.2536E+11
3.3304E+11
2.9669E+11
2.8739E+11
2.5518E+11
2.5219E+11
2.3886E+11
1.8685E+11
1.5209E+11
2.0284E+11
9.0026E+10
7.8522E+10
8.3966E+10
8.0279E+10
7.1528E+10
7.0303E+10
7.1405E+10
7.3135E+10
8.4517E+10
8.6097E+10
8.6089E+10
9.1256E+10
8.7556E+10
6.9937E+10
7.8396E+10
9.9540E+10
1.2787E+12
1.4125E+12
 0.0000E+00 0.0000E+00 0.0000E+00
 0.0000E+00 0.0000E+00 0.0000E+00 0.0000E+00 0.0000E+00 0.0000E+00 0.0000E+00
 0.0000E+00 0.0000E+00 0.0000E+00 0.0000E+00 0.0000E+00 0.0000E+00 0.0000E+00
 0.0000E+00 0.0000E+00 0.0000E+00 0.0000E+00 0.0000E+00 0.0000E+00 0.0000E+00
 0.0000E+00 0.0000E+00 0.0000E+00 0.0000E+00 0.0000E+00 0.0000E+00 0.0000E+00
 0.0000E+00 0.0000E+00 0.0000E+00 0.0000E+00 0.0000E+00 0.0000E+00 0.0000E+00
 0.0000E+00 0.0000E+00 0.0000E+00 0.0000E+00 0.0000E+00 0.0000E+00 0.0000E+00 
  10  13  28  11  8  5  8  7 10 40
