NIF_RUN Passive 18x snout on TANDM 90-348 Pinhole
  140    6    1    0    1  <-- KG    KA    IPNT  IACT  KQT  (5I5)
0.005  9.0  0.03  0.001       <-- ACVX  FCHN  FCVX  FS         (free format)
0.0   0   0  1 1.0  <-- AK1   NORML ILOG  TIME  ACNM (free fmt: R,I,I,R,R)
ZR902    4.147E-14 0.011                       IFX
IN115N   1.039E-14 0.012                       IFX
AU197G   2.386E-14 0.012            AUNG 3.937 IFX
IN115G   3.612E-14 0.028            INNG 39.37 IFX
AU1972   2.606E-13 0.012                       IFX
Al27A    1.501E-14 0.012                       IFX
Flux Uncertainty 
 140                          <-- NGP  (I4)
 0.0000e+00
 0.0000e+00
 0.0000e+00
 0.0000e+00
 0.0000e+00
 0.0000e+00
 0.0000e+00
 0.0000e+00
 0.0000e+00
 0.0000e+00
 0.0000e+00
 0.0000e+00
 0.0000e+00
 0.0000e+00
 9.9970e-01
 9.9970e-01
 9.9970e-01
 9.9970e-01
 9.9970e-01
 9.9970e-01
 9.9970e-01
 9.9970e-01
 9.9970e-01
 9.9970e-01
 9.9970e-01
 9.9970e-01
 9.9970e-01
 9.9970e-01
 9.9970e-01
 9.9970e-01
 9.9970e-01
 9.9970e-01
 9.9970e-01
 9.9970e-01
 9.9970e-01
 9.9970e-01
 9.9970e-01
 9.9970e-01
 9.9970e-01
 9.9970e-01
 9.9970e-01
 9.9970e-01
 9.9970e-01
 9.9950e-01
 9.9950e-01
 9.9920e-01
 9.9870e-01
 9.9750e-01
 9.9510e-01
 9.9080e-01
 9.8290e-01
 9.6930e-01
 9.4730e-01
 9.1320e-01
 8.6340e-01
 7.9490e-01
 7.0610e-01
 5.9830e-01
 4.7630e-01
 3.4850e-01
 2.2640e-01
 1.2230e-01
 4.5400e-02
 1.4000e-02
 4.0200e-02
 1.1440e-01
 2.1640e-01
 3.3730e-01
 4.6510e-01
 5.8810e-01
 6.9740e-01
 7.8810e-01
 3.0800e-02
 3.1600e-02
 3.2300e-02
 3.2700e-02
 3.2900e-02
 3.2900e-02
 3.2900e-02
 3.2700e-02
 3.2300e-02
 3.1800e-02
 3.1200e-02
 3.0300e-02
 2.9200e-02
 2.7900e-02
 2.6400e-02
 2.4600e-02
 2.2700e-02
 2.0600e-02
 1.8600e-02
 1.6700e-02
 1.1100e-02
 1.0300e-02
 1.0200e-02
 1.1400e-02
 0.00
 0.00
 0.00
 0.00
 0.00
 0.00
 0.00
 0.00
 0.00
 0.00
 0.00
 0.00
 0.00
 0.00
 0.00
 0.00
 0.00
 0.00
 0.00
 0.00
 0.00
 0.00
 0.00
 0.00
 0.00
 0.00
 0.00
 0.00
 0.00
 0.00
 0.00
 0.00
 0.00
 0.00
 0.00
 0.00
 0.00
 0.00
 0.00
 0.00
 0.00
 0.00
 0.00
 0.00
Input Flux Spectrum
 140 0 1.000E+00 0.000E+00 0.000E+00   <-- NGP, ITHERM, TNORM, TMPR, ETE  (2I4, 3F10.4)
 0.0000e+00
 0.0000e+00
 0.0000e+00
 0.0000e+00
 0.0000e+00
 0.0000e+00
 0.0000e+00
 0.0000e+00
 0.0000e+00
 0.0000e+00
 0.0000e+00
 0.0000e+00
 0.0000e+00
 0.0000e+00
 8.7249e-28
 8.6557e-28
 8.6556e-28
 8.6856e-28
 8.7645e-28
 8.9240e-28
 9.0785e-28
 9.1339e-28
 9.2234e-28
 9.2109e-28
 9.1865e-28
 8.9430e-28
 8.7396e-28
 8.4112e-28
 8.0392e-28
 7.7044e-28
 7.4146e-28
 7.2516e-28
 7.2866e-28
 7.5621e-28
 8.1472e-28
 9.2008e-28
 1.1024e-27
 1.3696e-27
 3.1441e-25
 3.9185e-25
 2.7816e-24
 1.6771e-24
 3.4338e-24
 1.7504e-23
 6.2613e-23
 7.0779e-23
 7.8208e-24
 2.7230e-23
 4.3917e-23
 4.9086e-23
 6.1299e-23
 3.3238e-22
 8.6425e-22
 1.0758e-19
 3.1530e-17
 6.7151e-14
 4.2374e-10
 1.9536e-06
 4.2204e-02
 7.4808e+02
 1.8298e+06
 9.5620e+08
 3.2586e+10
 1.2038e+11
 5.0668e+10
 6.1662e+08
 1.1226e+06
 1.4735e+02
 1.0354e-02
 1.2176e-07
 1.6435e-12
 5.0438e-15
 2.6944e-22
 2.6922e-22
 2.6906e-22
 2.6879e-22
 2.6905e-22
 2.6875e-22
 2.6905e-22
 2.6923e-22
 2.6950e-22
 2.6988e-22
 2.7037e-22
 2.7098e-22
 2.7168e-22
 2.7268e-22
 2.7355e-22
 2.7410e-22
 2.7502e-22
 2.7615e-22
 2.7694e-22
 2.7760e-22
 9.2380e+10
 1.9817e-04
 2.9066e+05
 3.6502e+10
 0.00E+00
 0.00E+00
 0.00E+00
 0.00E+00
 0.00E+00
 0.00E+00
 0.00E+00
 0.00E+00
 0.00E+00
 0.00E+00
 0.00E+00
 0.00E+00
 0.00E+00
 0.00E+00
 0.00E+00
 0.00E+00
 0.00E+00
 0.00E+00
 0.00E+00
 0.00E+00
 0.00E+00
 0.00E+00
 0.00E+00
 0.00E+00
 0.00E+00
 0.00E+00
 0.00E+00
 0.00E+00
 0.00E+00
 0.00E+00
 0.00E+00
 0.00E+00
 0.00E+00
 0.00E+00
 0.00E+00
 0.00E+00
 0.00E+00
 0.00E+00
 0.00E+00
 0.00E+00
 0.00E+00
 0.00E+00
 0.00E+00
 0.00E+00
  10  13  28  11  8  5  8  7 10 40
