   E (MeV)	Unadj. F×Eavg	Adj. F×Eavg
 1.00000E-10	 1.94756E+05	 1.92126E+05
 1.00000E-09	 1.94756E+05	 1.92126E+05
 1.00000E-09	 1.94722E+05	 1.92090E+05
 1.00000E-08	 1.94722E+05	 1.92090E+05
 1.00000E-08	 4.04327E+05	 3.98865E+05
 2.30000E-08	 4.04327E+05	 3.98865E+05
 2.30000E-08	 4.30347E+05	 4.24536E+05
 5.00000E-08	 4.30347E+05	 4.24536E+05
 5.00000E-08	 7.69849E+05	 7.59430E+05
 7.60000E-08	 7.69849E+05	 7.59430E+05
 7.60000E-08	 7.75416E+05	 7.64837E+05
 1.15000E-07	 7.75416E+05	 7.64837E+05
 1.15000E-07	 8.15801E+05	 8.04482E+05
 1.70000E-07	 8.15801E+05	 8.04482E+05
 1.70000E-07	 7.80199E+05	 7.69055E+05
 2.55000E-07	 7.80199E+05	 7.69055E+05
 2.55000E-07	 7.82253E+05	 7.70584E+05
 3.80000E-07	 7.82253E+05	 7.70584E+05
 3.80000E-07	 8.26793E+05	 8.13710E+05
 5.50000E-07	 8.26793E+05	 8.13710E+05
 5.50000E-07	 7.06065E+05	 6.94029E+05
 8.40000E-07	 7.06065E+05	 6.94029E+05
 8.40000E-07	 6.92055E+05	 6.79168E+05
 1.27500E-06	 6.92055E+05	 6.79168E+05
 1.27500E-06	 6.91420E+05	 6.77198E+05
 1.90000E-06	 6.91420E+05	 6.77198E+05
 1.90000E-06	 6.71162E+05	 6.55790E+05
 2.80000E-06	 6.71162E+05	 6.55790E+05
 2.80000E-06	 5.81271E+05	 5.66382E+05
 4.25000E-06	 5.81271E+05	 5.66382E+05
 4.25000E-06	 8.42615E+05	 8.18450E+05
 6.30000E-06	 8.42615E+05	 8.18450E+05
 6.30000E-06	 6.13509E+06	 5.93843E+06
 9.20000E-06	 6.13509E+06	 5.93843E+06
 9.20000E-06	 6.57735E+06	 6.34261E+06
 1.35000E-05	 6.57735E+06	 6.34261E+06
 1.35000E-05	 1.56377E+07	 1.50199E+07
 2.10000E-05	 1.56377E+07	 1.50199E+07
 2.10000E-05	 1.65494E+07	 1.58308E+07
 3.00000E-05	 1.65494E+07	 1.58308E+07
 3.00000E-05	 2.65333E+07	 2.52770E+07
 4.50000E-05	 2.65333E+07	 2.52770E+07
 4.50000E-05	 4.58423E+07	 4.34955E+07
 6.90000E-05	 4.58423E+07	 4.34955E+07
 6.90000E-05	 5.94525E+07	 5.61904E+07
 1.00000E-04	 5.94525E+07	 5.61904E+07
 1.00000E-04	 7.16702E+07	 6.74924E+07
 1.35000E-04	 7.16702E+07	 6.74924E+07
 1.35000E-04	 8.53008E+07	 8.00636E+07
 1.70000E-04	 8.53008E+07	 8.00636E+07
 1.70000E-04	 8.79724E+07	 8.23311E+07
 2.20000E-04	 8.79724E+07	 8.23311E+07
 2.20000E-04	 9.91854E+07	 9.25954E+07
 2.80000E-04	 9.91854E+07	 9.25954E+07
 2.80000E-04	 1.04333E+08	 9.72054E+07
 3.60000E-04	 1.04333E+08	 9.72054E+07
 3.60000E-04	 1.01740E+08	 9.46450E+07
 4.50000E-04	 1.01740E+08	 9.46450E+07
 4.50000E-04	 1.09231E+08	 1.01508E+08
 5.75000E-04	 1.09231E+08	 1.01508E+08
 5.75000E-04	 1.15108E+08	 1.06911E+08
 7.60000E-04	 1.15108E+08	 1.06911E+08
 7.60000E-04	 1.17246E+08	 1.08888E+08
 9.60000E-04	 1.17246E+08	 1.08888E+08
 9.60000E-04	 1.46490E+08	 1.36102E+08
 1.27500E-03	 1.46490E+08	 1.36102E+08
 1.27500E-03	 1.74562E+08	 1.62321E+08
 1.60000E-03	 1.74562E+08	 1.62321E+08
 1.60000E-03	 2.84888E+08	 2.65249E+08
 2.00000E-03	 2.84888E+08	 2.65249E+08
 2.00000E-03	 4.87328E+08	 4.54496E+08
 2.70000E-03	 4.87328E+08	 4.54496E+08
 2.70000E-03	 7.20124E+08	 6.72978E+08
 3.40000E-03	 7.20124E+08	 6.72978E+08
 3.40000E-03	 1.11458E+09	 1.04406E+09
 4.50000E-03	 1.11458E+09	 1.04406E+09
 4.50000E-03	 1.53806E+09	 1.44446E+09
 5.50000E-03	 1.53806E+09	 1.44446E+09
 5.50000E-03	 2.00611E+09	 1.88916E+09
 7.20000E-03	 2.00611E+09	 1.88916E+09
 7.20000E-03	 2.54104E+09	 2.39952E+09
 9.20000E-03	 2.54104E+09	 2.39952E+09
 9.20000E-03	 3.39092E+09	 3.21065E+09
 1.20000E-02	 3.39092E+09	 3.21065E+09
 1.20000E-02	 4.30301E+09	 4.08440E+09
 1.50000E-02	 4.30301E+09	 4.08440E+09
 1.50000E-02	 5.28557E+09	 5.02807E+09
 1.90000E-02	 5.28557E+09	 5.02807E+09
 1.90000E-02	 6.42376E+09	 6.12204E+09
 2.55000E-02	 6.42376E+09	 6.12204E+09
 2.55000E-02	 7.76401E+09	 7.41007E+09
 3.20000E-02	 7.76401E+09	 7.41007E+09
 3.20000E-02	 9.36805E+09	 8.95090E+09
 4.00000E-02	 9.36805E+09	 8.95090E+09
 4.00000E-02	 1.10345E+10	 1.05524E+10
 5.25000E-02	 1.10345E+10	 1.05524E+10
 5.25000E-02	 1.35489E+10	 1.29680E+10
 6.60000E-02	 1.35489E+10	 1.29680E+10
 6.60000E-02	 1.57158E+10	 1.50587E+10
 8.80000E-02	 1.57158E+10	 1.50587E+10
 8.80000E-02	 1.87761E+10	 1.80218E+10
 1.10000E-01	 1.87761E+10	 1.80218E+10
 1.10000E-01	 2.19291E+10	 2.11055E+10
 1.35000E-01	 2.19291E+10	 2.11055E+10
 1.35000E-01	 2.56902E+10	 2.48280E+10
 1.60000E-01	 2.56902E+10	 2.48280E+10
 1.60000E-01	 2.95458E+10	 2.87250E+10
 1.90000E-01	 2.95458E+10	 2.87250E+10
 1.90000E-01	 3.54066E+10	 3.47034E+10
 2.20000E-01	 3.54066E+10	 3.47034E+10
 2.20000E-01	 4.16647E+10	 4.12665E+10
 2.55000E-01	 4.16647E+10	 4.12665E+10
 2.55000E-01	 4.94928E+10	 4.96528E+10
 2.90000E-01	 4.94928E+10	 4.96528E+10
 2.90000E-01	 5.93065E+10	 6.03991E+10
 3.20000E-01	 5.93065E+10	 6.03991E+10
 3.20000E-01	 7.29432E+10	 7.55457E+10
 3.60000E-01	 7.29432E+10	 7.55457E+10
 3.60000E-01	 8.79510E+10	 9.27374E+10
 4.00000E-01	 8.79510E+10	 9.27374E+10
 4.00000E-01	 1.08743E+11	 1.16767E+11
 4.50000E-01	 1.08743E+11	 1.16767E+11
 4.50000E-01	 1.33287E+11	 1.45637E+11
 5.00000E-01	 1.33287E+11	 1.45637E+11
 5.00000E-01	 1.63914E+11	 1.81902E+11
 5.50000E-01	 1.63914E+11	 1.81902E+11
 5.50000E-01	 1.93659E+11	 2.17581E+11
 6.00000E-01	 1.93659E+11	 2.17581E+11
 6.00000E-01	 2.29062E+11	 2.59402E+11
 6.60000E-01	 2.29062E+11	 2.59402E+11
 6.60000E-01	 2.61057E+11	 2.96310E+11
 7.20000E-01	 2.61057E+11	 2.96310E+11
 7.20000E-01	 2.88071E+11	 3.25536E+11
 7.80000E-01	 2.88071E+11	 3.25536E+11
 7.80000E-01	 3.12613E+11	 3.48930E+11
 8.40000E-01	 3.12613E+11	 3.48930E+11
 8.40000E-01	 3.38966E+11	 3.70646E+11
 9.20000E-01	 3.38966E+11	 3.70646E+11
 9.20000E-01	 3.19075E+11	 3.38844E+11
 1.00000E+00	 3.19075E+11	 3.38844E+11
 1.00000E+00	 3.41610E+11	 3.49026E+11
 1.20000E+00	 3.41610E+11	 3.49026E+11
 1.20000E+00	 3.43337E+11	 3.35793E+11
 1.40000E+00	 3.43337E+11	 3.35793E+11
 1.40000E+00	 3.71891E+11	 3.47726E+11
 1.60000E+00	 3.71891E+11	 3.47726E+11
 1.60000E+00	 3.76545E+11	 3.36947E+11
 1.80000E+00	 3.76545E+11	 3.36947E+11
 1.80000E+00	 3.09033E+11	 2.65752E+11
 2.00000E+00	 3.09033E+11	 2.65752E+11
 2.00000E+00	 2.66700E+11	 2.22410E+11
 2.30000E+00	 2.66700E+11	 2.22410E+11
 2.30000E+00	 3.80657E+11	 3.11890E+11
 2.60000E+00	 3.80657E+11	 3.11890E+11
 2.60000E+00	 1.79342E+11	 1.46461E+11
 2.90000E+00	 1.79342E+11	 1.46461E+11
 2.90000E+00	 1.68854E+11	 1.39748E+11
 3.30000E+00	 1.68854E+11	 1.39748E+11
 3.30000E+00	 1.98670E+11	 1.69274E+11
 3.70000E+00	 1.98670E+11	 1.69274E+11
 3.70000E+00	 2.10766E+11	 1.87138E+11
 4.10000E+00	 2.10766E+11	 1.87138E+11
 4.10000E+00	 2.11118E+11	 1.97009E+11
 4.50000E+00	 2.11118E+11	 1.97009E+11
 4.50000E+00	 2.39150E+11	 2.35496E+11
 5.00000E+00	 2.39150E+11	 2.35496E+11
 5.00000E+00	 2.85636E+11	 2.96473E+11
 5.50000E+00	 2.85636E+11	 2.96473E+11
 5.50000E+00	 3.45763E+11	 3.76185E+11
 6.00000E+00	 3.45763E+11	 3.76185E+11
 6.00000E+00	 4.79743E+11	 5.41796E+11
 6.70000E+00	 4.79743E+11	 5.41796E+11
 6.70000E+00	 5.90311E+11	 6.83103E+11
 7.40000E+00	 5.90311E+11	 6.83103E+11
 7.40000E+00	 7.06920E+11	 8.26056E+11
 8.20000E+00	 7.06920E+11	 8.26056E+11
 8.20000E+00	 8.85767E+11	 1.02886E+12
 9.00000E+00	 8.85767E+11	 1.02886E+12
 9.00000E+00	 9.93362E+11	 1.12856E+12
 1.00000E+01	 9.93362E+11	 1.12856E+12
 1.00000E+01	 8.70601E+11	 9.40859E+11
 1.10000E+01	 8.70601E+11	 9.40859E+11
 1.10000E+01	 1.00227E+12	 1.02457E+12
 1.20000E+01	 1.00227E+12	 1.02457E+12
 1.20000E+01	 1.33506E+12	 1.31335E+12
 1.30000E+01	 1.33506E+12	 1.31335E+12
 1.30000E+01	 1.82669E+13	 1.75503E+13
 1.40000E+01	 1.82669E+13	 1.75503E+13
 1.40000E+01	 2.15945E+13	 2.05284E+13
 1.50000E+01	 2.15945E+13	 2.05284E+13
 1.50000E+01	 0.00000E+00	 0.00000E+00
 1.60000E+01	 0.00000E+00	 0.00000E+00
 1.60000E+01	 0.00000E+00	 0.00000E+00
 1.70000E+01	 0.00000E+00	 0.00000E+00
 1.70000E+01	 0.00000E+00	 0.00000E+00
 1.80000E+01	 0.00000E+00	 0.00000E+00
 1.80000E+01	 0.00000E+00	 0.00000E+00
 1.90000E+01	 0.00000E+00	 0.00000E+00
 1.90000E+01	 0.00000E+00	 0.00000E+00
 2.00000E+01	 0.00000E+00	 0.00000E+00
 2.00000E+01	 0.00000E+00	 0.00000E+00
 2.10000E+01	 0.00000E+00	 0.00000E+00
 2.10000E+01	 0.00000E+00	 0.00000E+00
 2.20000E+01	 0.00000E+00	 0.00000E+00
 2.20000E+01	 0.00000E+00	 0.00000E+00
 2.30000E+01	 0.00000E+00	 0.00000E+00
 2.30000E+01	 0.00000E+00	 0.00000E+00
 2.40000E+01	 0.00000E+00	 0.00000E+00
 2.40000E+01	 0.00000E+00	 0.00000E+00
 2.50000E+01	 0.00000E+00	 0.00000E+00
 2.50000E+01	 0.00000E+00	 0.00000E+00
 2.60000E+01	 0.00000E+00	 0.00000E+00
 2.60000E+01	 0.00000E+00	 0.00000E+00
 2.70000E+01	 0.00000E+00	 0.00000E+00
 2.70000E+01	 0.00000E+00	 0.00000E+00
 2.80000E+01	 0.00000E+00	 0.00000E+00
 2.80000E+01	 0.00000E+00	 0.00000E+00
 2.90000E+01	 0.00000E+00	 0.00000E+00
 2.90000E+01	 0.00000E+00	 0.00000E+00
 3.00000E+01	 0.00000E+00	 0.00000E+00
 3.00000E+01	 0.00000E+00	 0.00000E+00
 3.10000E+01	 0.00000E+00	 0.00000E+00
 3.10000E+01	 0.00000E+00	 0.00000E+00
 3.20000E+01	 0.00000E+00	 0.00000E+00
 3.20000E+01	 0.00000E+00	 0.00000E+00
 3.30000E+01	 0.00000E+00	 0.00000E+00
 3.30000E+01	 0.00000E+00	 0.00000E+00
 3.40000E+01	 0.00000E+00	 0.00000E+00
 3.40000E+01	 0.00000E+00	 0.00000E+00
 3.50000E+01	 0.00000E+00	 0.00000E+00
 3.50000E+01	 0.00000E+00	 0.00000E+00
 3.60000E+01	 0.00000E+00	 0.00000E+00
 3.60000E+01	 0.00000E+00	 0.00000E+00
 3.70000E+01	 0.00000E+00	 0.00000E+00
 3.70000E+01	 0.00000E+00	 0.00000E+00
 3.80000E+01	 0.00000E+00	 0.00000E+00
 3.80000E+01	 0.00000E+00	 0.00000E+00
 3.90000E+01	 0.00000E+00	 0.00000E+00
 3.90000E+01	 0.00000E+00	 0.00000E+00
 4.00000E+01	 0.00000E+00	 0.00000E+00
 4.00000E+01	 0.00000E+00	 0.00000E+00
 4.10000E+01	 0.00000E+00	 0.00000E+00
 4.10000E+01	 0.00000E+00	 0.00000E+00
 4.20000E+01	 0.00000E+00	 0.00000E+00
 4.20000E+01	 0.00000E+00	 0.00000E+00
 4.30000E+01	 0.00000E+00	 0.00000E+00
 4.30000E+01	 0.00000E+00	 0.00000E+00
 4.40000E+01	 0.00000E+00	 0.00000E+00
 4.40000E+01	 0.00000E+00	 0.00000E+00
 4.50000E+01	 0.00000E+00	 0.00000E+00
 4.50000E+01	 0.00000E+00	 0.00000E+00
 4.60000E+01	 0.00000E+00	 0.00000E+00
 4.60000E+01	 0.00000E+00	 0.00000E+00
 4.70000E+01	 0.00000E+00	 0.00000E+00
 4.70000E+01	 0.00000E+00	 0.00000E+00
 4.80000E+01	 0.00000E+00	 0.00000E+00
 4.80000E+01	 0.00000E+00	 0.00000E+00
 4.90000E+01	 0.00000E+00	 0.00000E+00
 4.90000E+01	 0.00000E+00	 0.00000E+00
 5.00000E+01	 0.00000E+00	 0.00000E+00
 5.00000E+01	 0.00000E+00	 0.00000E+00
 5.10000E+01	 0.00000E+00	 0.00000E+00
 5.10000E+01	 0.00000E+00	 0.00000E+00
 5.20000E+01	 0.00000E+00	 0.00000E+00
 5.20000E+01	 0.00000E+00	 0.00000E+00
 5.30000E+01	 0.00000E+00	 0.00000E+00
 5.30000E+01	 0.00000E+00	 0.00000E+00
 5.40000E+01	 0.00000E+00	 0.00000E+00
 5.40000E+01	 0.00000E+00	 0.00000E+00
 5.50000E+01	 0.00000E+00	 0.00000E+00
 5.50000E+01	 0.00000E+00	 0.00000E+00
 5.60000E+01	 0.00000E+00	 0.00000E+00
 5.60000E+01	 0.00000E+00	 0.00000E+00
 5.70000E+01	 0.00000E+00	 0.00000E+00
 5.70000E+01	 0.00000E+00	 0.00000E+00
 5.80000E+01	 0.00000E+00	 0.00000E+00
 5.80000E+01	 0.00000E+00	 0.00000E+00
 5.90000E+01	 0.00000E+00	 0.00000E+00
 5.90000E+01	 0.00000E+00	 0.00000E+00
 6.00000E+01	 0.00000E+00	 0.00000E+00
