NIF_RUN Passive 18x snout on TANDM 90-348 Pinhole
  140    5    1    0    1  <-- KG    KA    IPNT  IACT  KQT  (5I5)
0.005  9.0  0.03  0.001        <-- ACVX  FCHN  FCVX  FS         (free format)
0.0   0   0  1 1.0  <-- AK1   NORML ILOG  TIME  ACNM (free fmt: R,I,I,R,R)
ZR902    1.706E-12 0.010                       IFX
IN115N   4.881E-13 0.007                       IFX
AU197G   8.079E-14 0.053            AUNG 3.937 IFX
IN115G   1.169E-13 0.020            INNG 39.37 IFX
AU1972   1.218E-11 0.053                       IFX
Flux Uncertainty 
 140                          <-- NGP  (I4)
 0
 0
 0
 0
 0
 0
 0
 0
 0
 0
 0
 0
 0
 0
 1
 1
 1
 1
 1
 1
 1
 1
 1
 1
 1
 1
 1
 1
 1
 1
 1
 1
 1
 1
 1
 1
 1
 1
 1
 1
 1
 1
 1
 1
 1
 1
 1
 1
 1
 1
 1
 1
 1
 1
 1
 1
 1
 1
 0.2
 0.2
 0.2
 0.2
 0.2
 0.2
 0.2
 0.2
 0.2
 0.2
 0.2
 0.2
 0.1
 0.1
 0.1
 0.1
 0.1
 0.1
 0.1
 0.1
 0.1
 0.1
 0.1
 0.1
 0.1
 0.1
 0.1
 0.1
 0.1
 0.1
 0.1
 0.1
 0.1
 0.1
 0.1
 0.1
 0.1
 0.1
 0
 0
 0
 0
 0
 0
 0
 0
 0
 0
 0
 0
 0
 0
 0
 0
 0
 0
 0
 0
 0
 0
 0
 0
 0
 0
 0
 0
 0
 0
 0
 0
 0
 0
 0
 0
 0
 0
 0
 0
 0
 0
 0
 0
Input Flux Spectrum
 140 0 1.000E+00 0.000E+00 0.000E+00   <-- NGP, ITHERM, TNORM, TMPR, ETE  (2I4, 3F10.4)
 0.00E+00
 0.00E+00
 0.00E+00
 0.00E+00
 0.00E+00
 0.00E+00
 0.00E+00
 0.00E+00
 0.00E+00
 0.00E+00
 0.00E+00
 0.00E+00
 0.00E+00
 0.00E+00
 8.74E+06
 8.74E+06
 8.74E+06
 8.74E+06
 8.74E+06
 8.74E+06
 8.74E+06
 8.74E+06
 8.74E+06
 8.74E+06
 8.74E+06
 8.74E+06
 8.74E+06
 8.74E+06
 8.74E+06
 8.74E+06
 8.74E+06
 8.74E+06
 8.74E+06
 8.74E+06
 8.74E+06
 8.74E+06
 8.74E+06
 3.32E+07
 4.06E+06
 3.54E+07
 6.66E+06
 6.66E+06
 4.95E+07
 2.98E+07
 3.59E+07
 2.35E+07
 1.22E+07
 1.13E+08
 9.57E+07
 1.69E+08
 2.15E+08
 3.12E+08
 2.94E+08
 2.97E+08
 3.38E+08
 3.76E+08
 4.06E+08
 2.91E+08
 4.65E+08
 4.42E+08
 6.21E+08
 7.68E+08
 6.26E+08
 6.08E+08
 1.05E+09
 9.65E+08
 1.06E+09
 7.72E+08
 1.27E+09
 1.04E+09
 2.99E+09
 2.84E+09
 2.33E+09
 2.34E+09
 2.48E+09
 3.45E+09
 3.03E+09
 2.30E+09
 3.12E+09
 3.05E+09
 2.89E+09
 2.84E+09
 3.77E+09
 2.92E+09
 2.74E+09
 3.64E+09
 3.30E+09
 2.50E+09
 2.09E+09
 2.86E+09
 2.57E+09
 2.86E+09
 1.46E+10
 2.38E+12
 3.28E+12
 1.00E+10
 0.00E+00
 0.00E+00
 0.00E+00
 0.00E+00
 0.00E+00
 0.00E+00
 0.00E+00
 0.00E+00
 0.00E+00
 0.00E+00
 0.00E+00
 0.00E+00
 0.00E+00
 0.00E+00
 0.00E+00
 0.00E+00
 0.00E+00
 0.00E+00
 0.00E+00
 0.00E+00
 0.00E+00
 0.00E+00
 0.00E+00
 0.00E+00
 0.00E+00
 0.00E+00
 0.00E+00
 0.00E+00
 0.00E+00
 0.00E+00
 0.00E+00
 0.00E+00
 0.00E+00
 0.00E+00
 0.00E+00
 0.00E+00
 0.00E+00
 0.00E+00
 0.00E+00
 0.00E+00
 0.00E+00
 0.00E+00
 0.00E+00
 0.00E+00
  10  13  28  11  8  5  8  7 10 40
