NIF_RUN Passive 18x snout on TANDM 90-348 KBAS
  140    6    1    0    1     <-- KG    KA    IPNT  IACT  KQT  (5I5)
0.005  10.0  0.005  0.001        <-- ACVX  FCHN  FCVX  FS         (free format)
0.0   0   0  1.0  1.0  <-- AK1   NORML ILOG  TIME  ACNM (free fmt: R,I,I,R,R)
AL27A    4.690E-15 0.079                       IFX
ZR902    1.060E-14 0.015                       IFX
IN115N   3.388E-15 0.012                       IFX
AU197G   7.483E-15 0.016            AUNG 1.00  IFX
IN115G   2.603E-14 0.016            INNG 10.00 IFX
AU1972   3.770E-15 0.012                       IFX
Flux Uncertainty
   4                          <-- NGP  (I4)
0.99E-10  0.01  13  20.1
1 1 1   0.9
Input Flux Spectrum
 140 0 1.000E+00 0.000E+00 0.000E+00   <-- NGP, ITHERM, TNORM, TMPR, ETE  (2I4, 3F10.4)
2.1657E+5
2.1658E+5
1.4995E+5
7.2201E+5
7.4981E+5
4.9988E+5
3.5447E+5
2.2937E+5
1.5597E+5
1.1468E+5
6.7229E+5
4.4819E+5
3.1193E+5
2.1662E+5
1.3445E+5
9.5092E+5
6.7216E+5
4.5329E+5
2.5987E+5
2.1654E+5
1.2991E+5
8.1189E+5
6.2851E+5
5.5663E+5
5.5659E+5
3.8959E+5
3.2464E+5
2.4346E+5
2.1640E+5
1.5580E+5
1.0527E+5
9.7371E+5
6.1822E+5
5.9918E+5
4.8683E+5
2.7818E+5
2.7818E+5
1.7702E+5
1.9472E+5
1.1454E+5
9.7360E+5
6.9542E+5
6.4906E+5
4.8679E+5
2.9956E+5
2.9956E+5
2.4339E+5
1.5577E+5
1.4423E+5
8.8507E+5
8.8506E+5
7.7886E+5
7.7886E+5
6.4905E+5
6.4905E+5
5.5632E+5
5.5632E+5
6.4904E+5
4.8678E+5
4.8678E+5
3.8943E+5
3.8943E+5
3.8943E+5
3.8892E+5
3.2416E+5
3.2390E+5
3.2347E+5
3.2278E+5
2.4127E+5
2.4002E+5
9.5262E+5
9.4169E+5
9.2643E+5
9.0628E+5
8.8003E+5
5.6445E+5
5.3705E+5
5.0355E+5
3.4832E+5
3.1521E+5
2.7848E+5
2.3927E+5
1.5989E+5
1.3002E+5
1.0318E+5
5.8924E+5
5.3890E+5
4.6740E+5
4.7560E+5
4.5488E+5
5.9519E+5
7.7821E+5
9.9553E+5
4.08E+08
5.92E+08
 0.0000E+00 0.0000E+00 0.0000E+00
 0.0000E+00 0.0000E+00 0.0000E+00 0.0000E+00 0.0000E+00 0.0000E+00 0.0000E+00
 0.0000E+00 0.0000E+00 0.0000E+00 0.0000E+00 0.0000E+00 0.0000E+00 0.0000E+00
 0.0000E+00 0.0000E+00 0.0000E+00 0.0000E+00 0.0000E+00 0.0000E+00 0.0000E+00
 0.0000E+00 0.0000E+00 0.0000E+00 0.0000E+00 0.0000E+00 0.0000E+00 0.0000E+00
 0.0000E+00 0.0000E+00 0.0000E+00 0.0000E+00 0.0000E+00 0.0000E+00 0.0000E+00
 0.0000E+00 0.0000E+00 0.0000E+00 0.0000E+00 0.0000E+00 0.0000E+00 0.0000E+00 
  10  13  28  11  8  5  8  7 10 40
