   E (MeV)	Unadj. F×Eavg	Adj. F×Eavg
 1.00000E-10	 2.90106E+05	 4.09917E+06
 1.00000E-09	 2.90106E+05	 4.09917E+06
 1.00000E-09	 2.90120E+05	 4.36608E+06
 1.00000E-08	 2.90120E+05	 4.36608E+06
 1.00000E-08	 4.17182E+05	 6.56207E+06
 2.30000E-08	 4.17182E+05	 6.56207E+06
 2.30000E-08	 2.13949E+06	 3.44723E+07
 5.00000E-08	 2.13949E+06	 3.44723E+07
 5.00000E-08	 3.98251E+06	 6.43118E+07
 7.60000E-08	 3.98251E+06	 6.43118E+07
 7.60000E-08	 2.68314E+06	 4.23996E+07
 1.15000E-07	 2.68314E+06	 4.23996E+07
 1.15000E-07	 2.01312E+06	 3.03084E+07
 1.70000E-07	 2.01312E+06	 3.03084E+07
 1.70000E-07	 1.25694E+06	 1.74856E+07
 2.55000E-07	 1.25694E+06	 1.74856E+07
 2.55000E-07	 8.68387E+05	 1.07643E+07
 3.80000E-07	 8.68387E+05	 1.07643E+07
 3.80000E-07	 6.87591E+05	 7.25965E+06
 5.50000E-07	 6.87591E+05	 7.25965E+06
 5.50000E-07	 3.53169E+06	 2.99094E+07
 8.40000E-07	 3.53169E+06	 2.99094E+07
 8.40000E-07	 2.38832E+06	 1.48453E+07
 1.27500E-06	 2.38832E+06	 1.48453E+07
 1.27500E-06	 1.73672E+06	 6.76993E+06
 1.90000E-06	 1.73672E+06	 6.76993E+06
 1.90000E-06	 1.23983E+06	 2.00775E+06
 2.80000E-06	 1.23983E+06	 2.00775E+06
 2.80000E-06	 7.16458E+05	 6.89218E+04
 4.25000E-06	 7.16458E+05	 6.89218E+04
 4.25000E-06	 5.36354E+06	 7.62630E+04
 6.30000E-06	 5.36354E+06	 7.62630E+04
 6.30000E-06	 3.93745E+06	 1.11601E+04
 9.20000E-06	 3.93745E+06	 1.11601E+04
 9.20000E-06	 2.62266E+06	 2.09804E+03
 1.35000E-05	 2.62266E+06	 2.09804E+03
 1.35000E-05	 1.31015E+06	 4.28867E+02
 2.10000E-05	 1.31015E+06	 4.28867E+02
 2.10000E-05	 1.34485E+06	 2.60816E+02
 3.00000E-05	 1.34485E+06	 2.60816E+02
 3.00000E-05	 7.11904E+05	 1.15630E+02
 4.50000E-05	 7.11904E+05	 1.15630E+02
 4.50000E-05	 4.22668E+06	 7.79142E+02
 6.90000E-05	 4.22668E+06	 7.79142E+02
 6.90000E-05	 3.75531E+06	 1.00766E+03
 1.00000E-04	 3.75531E+06	 1.00766E+03
 1.00000E-04	 4.09614E+06	 1.92930E+03
 1.35000E-04	 4.09614E+06	 1.92930E+03
 1.35000E-04	 5.31589E+06	 4.97869E+03
 1.70000E-04	 5.31589E+06	 4.97869E+03
 1.70000E-04	 3.33051E+06	 6.62826E+03
 2.20000E-04	 3.33051E+06	 6.62826E+03
 2.20000E-04	 2.96503E+06	 1.27410E+04
 2.80000E-04	 2.96503E+06	 1.27410E+04
 2.80000E-04	 2.13465E+06	 1.93303E+04
 3.60000E-04	 2.13465E+06	 1.93303E+04
 3.60000E-04	 2.13456E+06	 3.86120E+04
 4.50000E-04	 2.13456E+06	 3.86120E+04
 4.50000E-04	 1.40020E+06	 4.70768E+04
 5.75000E-04	 1.40020E+06	 4.70768E+04
 5.75000E-04	 8.32574E+05	 4.79690E+04
 7.60000E-04	 8.32574E+05	 4.79690E+04
 7.60000E-04	 9.17776E+06	 8.34027E+05
 9.60000E-04	 9.17776E+06	 8.34027E+05
 9.60000E-04	 4.80749E+06	 6.36826E+05
 1.27500E-03	 4.80749E+06	 6.36826E+05
 1.27500E-03	 5.80925E+06	 1.04452E+06
 1.60000E-03	 5.80925E+06	 1.04452E+06
 1.60000E-03	 4.80207E+06	 1.67358E+06
 2.00000E-03	 4.80207E+06	 1.67358E+06
 2.00000E-03	 2.04708E+06	 1.10536E+06
 2.70000E-03	 2.04708E+06	 1.10536E+06
 2.70000E-03	 2.65685E+06	 1.83042E+06
 3.40000E-03	 2.65685E+06	 1.83042E+06
 3.40000E-03	 1.39337E+06	 1.12006E+06
 4.50000E-03	 1.39337E+06	 1.12006E+06
 4.50000E-03	 2.13412E+06	 1.90334E+06
 5.50000E-03	 2.13412E+06	 1.90334E+06
 5.50000E-03	 9.37822E+05	 8.99216E+05
 7.20000E-03	 9.37822E+05	 8.99216E+05
 7.20000E-03	 8.74990E+06	 8.83256E+06
 9.20000E-03	 8.74990E+06	 8.83256E+06
 9.20000E-03	 5.77077E+06	 6.04288E+06
 1.20000E-02	 5.77077E+06	 6.04288E+06
 1.20000E-02	 6.40230E+06	 6.88145E+06
 1.50000E-02	 6.40230E+06	 6.88145E+06
 1.50000E-02	 4.53491E+06	 4.96548E+06
 1.90000E-02	 4.53491E+06	 4.96548E+06
 1.90000E-02	 2.24770E+06	 2.49408E+06
 2.55000E-02	 2.24770E+06	 2.49408E+06
 2.55000E-02	 2.90434E+06	 3.25226E+06
 3.20000E-02	 2.90434E+06	 3.25226E+06
 3.20000E-02	 2.40079E+06	 2.70897E+06
 4.00000E-02	 2.40079E+06	 2.70897E+06
 4.00000E-02	 1.26335E+06	 1.43157E+06
 5.25000E-02	 1.26335E+06	 1.43157E+06
 5.25000E-02	 1.38755E+06	 1.57922E+06
 6.60000E-02	 1.38755E+06	 1.57922E+06
 6.60000E-02	 6.79023E+06	 7.77240E+06
 8.80000E-02	 6.79023E+06	 7.77240E+06
 8.80000E-02	 8.73019E+06	 1.00776E+07
 1.10000E-01	 8.73019E+06	 1.00776E+07
 1.10000E-01	 8.36554E+06	 9.78121E+06
 1.35000E-01	 8.36554E+06	 9.78121E+06
 1.35000E-01	 1.00728E+07	 1.20042E+07
 1.60000E-01	 1.00728E+07	 1.20042E+07
 1.60000E-01	 8.29915E+06	 1.01628E+07
 1.90000E-01	 8.29915E+06	 1.01628E+07
 1.90000E-01	 9.72186E+06	 1.23574E+07
 2.20000E-01	 9.72186E+06	 1.23574E+07
 2.20000E-01	 8.27482E+06	 1.10491E+07
 2.55000E-01	 8.27482E+06	 1.10491E+07
 2.55000E-01	 9.49427E+06	 1.34945E+07
 2.90000E-01	 9.49427E+06	 1.34945E+07
 2.90000E-01	 1.44640E+07	 2.21882E+07
 3.20000E-01	 1.44640E+07	 2.21882E+07
 3.20000E-01	 9.06964E+06	 1.52215E+07
 3.60000E-01	 9.06964E+06	 1.52215E+07
 3.60000E-01	 1.01367E+07	 1.88439E+07
 4.00000E-01	 1.01367E+07	 1.88439E+07
 4.00000E-01	 7.25583E+06	 1.50965E+07
 4.50000E-01	 7.25583E+06	 1.50965E+07
 4.50000E-01	 8.10945E+06	 1.90312E+07
 5.00000E-01	 8.10945E+06	 1.90312E+07
 5.00000E-01	 8.96308E+06	 2.38405E+07
 5.50000E-01	 8.96308E+06	 2.38405E+07
 5.50000E-01	 9.80385E+06	 2.95769E+07
 6.00000E-01	 9.80385E+06	 2.95769E+07
 6.00000E-01	 7.46083E+06	 2.55424E+07
 6.60000E-01	 7.46083E+06	 2.55424E+07
 6.60000E-01	 8.16483E+06	 3.15912E+07
 7.20000E-01	 8.16483E+06	 3.15912E+07
 7.20000E-01	 8.86304E+06	 3.85378E+07
 7.80000E-01	 8.86304E+06	 3.85378E+07
 7.80000E-01	 9.55166E+06	 4.63276E+07
 8.40000E-01	 9.55166E+06	 4.63276E+07
 8.40000E-01	 5.81748E+06	 3.11962E+07
 9.20000E-01	 5.81748E+06	 3.11962E+07
 9.20000E-01	 6.31346E+06	 3.70596E+07
 1.00000E+00	 6.31346E+06	 3.70596E+07
 1.00000E+00	 1.14847E+07	 7.29959E+07
 1.20000E+00	 1.14847E+07	 7.29959E+07
 1.20000E+00	 1.34171E+07	 9.12762E+07
 1.40000E+00	 1.34171E+07	 9.12762E+07
 1.40000E+00	 1.52304E+07	 1.09564E+08
 1.60000E+00	 1.52304E+07	 1.09564E+08
 1.60000E+00	 1.68857E+07	 1.26842E+08
 1.80000E+00	 1.68857E+07	 1.26842E+08
 1.80000E+00	 1.83257E+07	 1.41883E+08
 2.00000E+00	 1.83257E+07	 1.41883E+08
 2.00000E+00	 8.86709E+06	 6.98106E+07
 2.30000E+00	 8.86709E+06	 6.98106E+07
 2.30000E+00	 9.61387E+06	 7.58959E+07
 2.60000E+00	 9.61387E+06	 7.58959E+07
 2.60000E+00	 1.01180E+07	 7.89264E+07
 2.90000E+00	 1.01180E+07	 7.89264E+07
 2.90000E+00	 5.91723E+06	 4.49090E+07
 3.30000E+00	 5.91723E+06	 4.49090E+07
 3.30000E+00	 6.04570E+06	 4.39111E+07
 3.70000E+00	 6.04570E+06	 4.39111E+07
 3.70000E+00	 5.95165E+06	 4.06392E+07
 4.10000E+00	 5.95165E+06	 4.06392E+07
 4.10000E+00	 5.63813E+06	 3.54974E+07
 4.50000E+00	 5.63813E+06	 3.54974E+07
 4.50000E+00	 3.32953E+06	 1.89202E+07
 5.00000E+00	 3.32953E+06	 1.89202E+07
 5.00000E+00	 2.99253E+06	 1.49893E+07
 5.50000E+00	 2.99253E+06	 1.49893E+07
 5.50000E+00	 2.60095E+06	 1.11847E+07
 6.00000E+00	 2.60095E+06	 1.11847E+07
 6.00000E+00	 1.17167E+07	 4.20031E+07
 6.70000E+00	 1.17167E+07	 4.20031E+07
 6.70000E+00	 1.18970E+07	 3.44193E+07
 7.40000E+00	 1.18970E+07	 3.44193E+07
 7.40000E+00	 9.98923E+06	 2.25255E+07
 8.20000E+00	 9.98923E+06	 2.25255E+07
 8.20000E+00	 1.12070E+07	 1.90313E+07
 9.00000E+00	 1.12070E+07	 1.90313E+07
 9.00000E+00	 9.47238E+06	 1.17979E+07
 1.00000E+01	 9.47238E+06	 1.17979E+07
 1.00000E+01	 1.36988E+07	 1.25052E+07
 1.10000E+01	 1.36988E+07	 1.25052E+07
 1.10000E+01	 1.96170E+07	 1.38793E+07
 1.20000E+01	 1.96170E+07	 1.38793E+07
 1.20000E+01	 2.72774E+07	 1.71105E+07
 1.30000E+01	 2.72774E+07	 1.71105E+07
 1.30000E+01	 1.20735E+10	 8.01416E+09
 1.40000E+01	 1.20735E+10	 8.01416E+09
 1.40000E+01	 1.88160E+10	 1.49414E+10
 1.50000E+01	 1.88160E+10	 1.49414E+10
 1.50000E+01	 0.00000E+00	 0.00000E+00
 1.60000E+01	 0.00000E+00	 0.00000E+00
 1.60000E+01	 0.00000E+00	 0.00000E+00
 1.70000E+01	 0.00000E+00	 0.00000E+00
 1.70000E+01	 0.00000E+00	 0.00000E+00
 1.80000E+01	 0.00000E+00	 0.00000E+00
 1.80000E+01	 0.00000E+00	 0.00000E+00
 1.90000E+01	 0.00000E+00	 0.00000E+00
 1.90000E+01	 0.00000E+00	 0.00000E+00
 2.00000E+01	 0.00000E+00	 0.00000E+00
 2.00000E+01	 0.00000E+00	 0.00000E+00
 2.10000E+01	 0.00000E+00	 0.00000E+00
 2.10000E+01	 0.00000E+00	 0.00000E+00
 2.20000E+01	 0.00000E+00	 0.00000E+00
 2.20000E+01	 0.00000E+00	 0.00000E+00
 2.30000E+01	 0.00000E+00	 0.00000E+00
 2.30000E+01	 0.00000E+00	 0.00000E+00
 2.40000E+01	 0.00000E+00	 0.00000E+00
 2.40000E+01	 0.00000E+00	 0.00000E+00
 2.50000E+01	 0.00000E+00	 0.00000E+00
 2.50000E+01	 0.00000E+00	 0.00000E+00
 2.60000E+01	 0.00000E+00	 0.00000E+00
 2.60000E+01	 0.00000E+00	 0.00000E+00
 2.70000E+01	 0.00000E+00	 0.00000E+00
 2.70000E+01	 0.00000E+00	 0.00000E+00
 2.80000E+01	 0.00000E+00	 0.00000E+00
 2.80000E+01	 0.00000E+00	 0.00000E+00
 2.90000E+01	 0.00000E+00	 0.00000E+00
 2.90000E+01	 0.00000E+00	 0.00000E+00
 3.00000E+01	 0.00000E+00	 0.00000E+00
 3.00000E+01	 0.00000E+00	 0.00000E+00
 3.10000E+01	 0.00000E+00	 0.00000E+00
 3.10000E+01	 0.00000E+00	 0.00000E+00
 3.20000E+01	 0.00000E+00	 0.00000E+00
 3.20000E+01	 0.00000E+00	 0.00000E+00
 3.30000E+01	 0.00000E+00	 0.00000E+00
 3.30000E+01	 0.00000E+00	 0.00000E+00
 3.40000E+01	 0.00000E+00	 0.00000E+00
 3.40000E+01	 0.00000E+00	 0.00000E+00
 3.50000E+01	 0.00000E+00	 0.00000E+00
 3.50000E+01	 0.00000E+00	 0.00000E+00
 3.60000E+01	 0.00000E+00	 0.00000E+00
 3.60000E+01	 0.00000E+00	 0.00000E+00
 3.70000E+01	 0.00000E+00	 0.00000E+00
 3.70000E+01	 0.00000E+00	 0.00000E+00
 3.80000E+01	 0.00000E+00	 0.00000E+00
 3.80000E+01	 0.00000E+00	 0.00000E+00
 3.90000E+01	 0.00000E+00	 0.00000E+00
 3.90000E+01	 0.00000E+00	 0.00000E+00
 4.00000E+01	 0.00000E+00	 0.00000E+00
 4.00000E+01	 0.00000E+00	 0.00000E+00
 4.10000E+01	 0.00000E+00	 0.00000E+00
 4.10000E+01	 0.00000E+00	 0.00000E+00
 4.20000E+01	 0.00000E+00	 0.00000E+00
 4.20000E+01	 0.00000E+00	 0.00000E+00
 4.30000E+01	 0.00000E+00	 0.00000E+00
 4.30000E+01	 0.00000E+00	 0.00000E+00
 4.40000E+01	 0.00000E+00	 0.00000E+00
 4.40000E+01	 0.00000E+00	 0.00000E+00
 4.50000E+01	 0.00000E+00	 0.00000E+00
 4.50000E+01	 0.00000E+00	 0.00000E+00
 4.60000E+01	 0.00000E+00	 0.00000E+00
 4.60000E+01	 0.00000E+00	 0.00000E+00
 4.70000E+01	 0.00000E+00	 0.00000E+00
 4.70000E+01	 0.00000E+00	 0.00000E+00
 4.80000E+01	 0.00000E+00	 0.00000E+00
 4.80000E+01	 0.00000E+00	 0.00000E+00
 4.90000E+01	 0.00000E+00	 0.00000E+00
 4.90000E+01	 0.00000E+00	 0.00000E+00
 5.00000E+01	 0.00000E+00	 0.00000E+00
 5.00000E+01	 0.00000E+00	 0.00000E+00
 5.10000E+01	 0.00000E+00	 0.00000E+00
 5.10000E+01	 0.00000E+00	 0.00000E+00
 5.20000E+01	 0.00000E+00	 0.00000E+00
 5.20000E+01	 0.00000E+00	 0.00000E+00
 5.30000E+01	 0.00000E+00	 0.00000E+00
 5.30000E+01	 0.00000E+00	 0.00000E+00
 5.40000E+01	 0.00000E+00	 0.00000E+00
 5.40000E+01	 0.00000E+00	 0.00000E+00
 5.50000E+01	 0.00000E+00	 0.00000E+00
 5.50000E+01	 0.00000E+00	 0.00000E+00
 5.60000E+01	 0.00000E+00	 0.00000E+00
 5.60000E+01	 0.00000E+00	 0.00000E+00
 5.70000E+01	 0.00000E+00	 0.00000E+00
 5.70000E+01	 0.00000E+00	 0.00000E+00
 5.80000E+01	 0.00000E+00	 0.00000E+00
 5.80000E+01	 0.00000E+00	 0.00000E+00
 5.90000E+01	 0.00000E+00	 0.00000E+00
 5.90000E+01	 0.00000E+00	 0.00000E+00
 6.00000E+01	 0.00000E+00	 0.00000E+00
