   E (MeV)	Unadj. F×Eavg	Adj. F×Eavg
 1.00000E-10	 0.00000E+00	 0.00000E+00
 1.00000E-09	 0.00000E+00	 0.00000E+00
 1.00000E-09	 0.00000E+00	 0.00000E+00
 1.00000E-08	 0.00000E+00	 0.00000E+00
 1.00000E-08	 0.00000E+00	 0.00000E+00
 2.30000E-08	 0.00000E+00	 0.00000E+00
 2.30000E-08	 0.00000E+00	 0.00000E+00
 5.00000E-08	 0.00000E+00	 0.00000E+00
 5.00000E-08	 0.00000E+00	 0.00000E+00
 7.60000E-08	 0.00000E+00	 0.00000E+00
 7.60000E-08	 0.00000E+00	 0.00000E+00
 1.15000E-07	 0.00000E+00	 0.00000E+00
 1.15000E-07	 0.00000E+00	 0.00000E+00
 1.70000E-07	 0.00000E+00	 0.00000E+00
 1.70000E-07	 0.00000E+00	 0.00000E+00
 2.55000E-07	 0.00000E+00	 0.00000E+00
 2.55000E-07	 0.00000E+00	 0.00000E+00
 3.80000E-07	 0.00000E+00	 0.00000E+00
 3.80000E-07	 0.00000E+00	 0.00000E+00
 5.50000E-07	 0.00000E+00	 0.00000E+00
 5.50000E-07	 0.00000E+00	 0.00000E+00
 8.40000E-07	 0.00000E+00	 0.00000E+00
 8.40000E-07	 0.00000E+00	 0.00000E+00
 1.27500E-06	 0.00000E+00	 0.00000E+00
 1.27500E-06	 0.00000E+00	 0.00000E+00
 1.90000E-06	 0.00000E+00	 0.00000E+00
 1.90000E-06	 0.00000E+00	 0.00000E+00
 2.80000E-06	 0.00000E+00	 0.00000E+00
 2.80000E-06	 2.86517E+04	 2.86371E+04
 4.25000E-06	 2.86517E+04	 2.86371E+04
 4.25000E-06	 6.39230E+04	 6.38892E+04
 6.30000E-06	 6.39230E+04	 6.38892E+04
 6.30000E-06	 7.32994E+05	 7.32598E+05
 9.20000E-06	 7.32994E+05	 7.32598E+05
 9.20000E-06	 1.26105E+06	 1.26037E+06
 1.35000E-05	 1.26105E+06	 1.26037E+06
 1.35000E-05	 4.90675E+06	 4.90415E+06
 2.10000E-05	 4.90675E+06	 4.90415E+06
 2.10000E-05	 8.68628E+06	 8.68187E+06
 3.00000E-05	 8.68628E+06	 8.68187E+06
 3.00000E-05	 2.41381E+07	 2.41265E+07
 4.50000E-05	 2.41381E+07	 2.41265E+07
 4.50000E-05	 7.63374E+07	 7.63034E+07
 6.90000E-05	 7.63374E+07	 7.63034E+07
 6.90000E-05	 1.96695E+08	 1.96613E+08
 1.00000E-04	 1.96695E+08	 1.96613E+08
 1.00000E-04	 3.40654E+08	 3.40520E+08
 1.35000E-04	 3.40654E+08	 3.40520E+08
 1.35000E-04	 5.58639E+08	 5.58429E+08
 1.70000E-04	 5.58639E+08	 5.58429E+08
 1.70000E-04	 7.57064E+08	 7.56786E+08
 2.20000E-04	 7.57064E+08	 7.56786E+08
 2.20000E-04	 1.07031E+09	 1.06992E+09
 2.80000E-04	 1.07031E+09	 1.06992E+09
 2.80000E-04	 1.32550E+09	 1.32502E+09
 3.60000E-04	 1.32550E+09	 1.32502E+09
 3.60000E-04	 1.42438E+09	 1.42386E+09
 4.50000E-04	 1.42438E+09	 1.42386E+09
 4.50000E-04	 1.57931E+09	 1.57873E+09
 5.75000E-04	 1.57931E+09	 1.57873E+09
 5.75000E-04	 1.60164E+09	 1.60105E+09
 7.60000E-04	 1.60164E+09	 1.60105E+09
 7.60000E-04	 1.46087E+09	 1.46034E+09
 9.60000E-04	 1.46087E+09	 1.46034E+09
 9.60000E-04	 1.53249E+09	 1.53192E+09
 1.27500E-03	 1.53249E+09	 1.53192E+09
 1.27500E-03	 1.43158E+09	 1.43104E+09
 1.60000E-03	 1.43158E+09	 1.43104E+09
 1.60000E-03	 1.28365E+09	 1.28316E+09
 2.00000E-03	 1.28365E+09	 1.28316E+09
 2.00000E-03	 1.18784E+09	 1.18737E+09
 2.70000E-03	 1.18784E+09	 1.18737E+09
 2.70000E-03	 1.03938E+09	 1.03896E+09
 3.40000E-03	 1.03938E+09	 1.03896E+09
 3.40000E-03	 9.96093E+08	 9.95675E+08
 4.50000E-03	 9.96093E+08	 9.95675E+08
 4.50000E-03	 8.81659E+08	 8.81280E+08
 5.50000E-03	 8.81659E+08	 8.81280E+08
 5.50000E-03	 7.59844E+08	 7.59508E+08
 7.20000E-03	 7.59844E+08	 7.59508E+08
 7.20000E-03	 6.58728E+08	 6.58425E+08
 9.20000E-03	 6.58728E+08	 6.58425E+08
 9.20000E-03	 6.16338E+08	 6.16038E+08
 1.20000E-02	 6.16338E+08	 6.16038E+08
 1.20000E-02	 5.62459E+08	 5.62164E+08
 1.50000E-02	 5.62459E+08	 5.62164E+08
 1.50000E-02	 5.12929E+08	 5.12634E+08
 1.90000E-02	 5.12929E+08	 5.12634E+08
 1.90000E-02	 4.72988E+08	 4.72688E+08
 2.55000E-02	 4.72988E+08	 4.72688E+08
 2.55000E-02	 4.47311E+08	 4.46998E+08
 3.20000E-02	 4.47311E+08	 4.46998E+08
 3.20000E-02	 4.36966E+08	 4.36628E+08
 4.00000E-02	 4.36966E+08	 4.36628E+08
 4.00000E-02	 4.27302E+08	 4.26941E+08
 5.25000E-02	 4.27302E+08	 4.26941E+08
 5.25000E-02	 4.52152E+08	 4.51737E+08
 6.60000E-02	 4.52152E+08	 4.51737E+08
 6.60000E-02	 4.66915E+08	 4.66455E+08
 8.80000E-02	 4.66915E+08	 4.66455E+08
 8.80000E-02	 5.07897E+08	 5.07366E+08
 1.10000E-01	 5.07897E+08	 5.07366E+08
 1.10000E-01	 5.48092E+08	 5.47490E+08
 1.35000E-01	 5.48092E+08	 5.47490E+08
 1.35000E-01	 5.97323E+08	 5.96640E+08
 1.60000E-01	 5.97323E+08	 5.96640E+08
 1.60000E-01	 6.34050E+08	 6.33303E+08
 1.90000E-01	 6.34050E+08	 6.33303E+08
 1.90000E-01	 6.95643E+08	 6.94806E+08
 2.20000E-01	 6.95643E+08	 6.94806E+08
 2.20000E-01	 7.27114E+08	 7.26229E+08
 2.55000E-01	 7.27114E+08	 7.26229E+08
 2.55000E-01	 7.45124E+08	 7.44215E+08
 2.90000E-01	 7.45124E+08	 7.44215E+08
 2.90000E-01	 7.44198E+08	 7.43297E+08
 3.20000E-01	 7.44198E+08	 7.43297E+08
 3.20000E-01	 7.36060E+08	 7.35183E+08
 3.60000E-01	 7.36060E+08	 7.35183E+08
 3.60000E-01	 6.82682E+08	 6.81889E+08
 4.00000E-01	 6.82682E+08	 6.81889E+08
 4.00000E-01	 6.22793E+08	 6.22096E+08
 4.50000E-01	 6.22793E+08	 6.22096E+08
 4.50000E-01	 5.33500E+08	 5.32929E+08
 5.00000E-01	 5.33500E+08	 5.32929E+08
 5.00000E-01	 4.26999E+08	 4.26568E+08
 5.50000E-01	 4.26999E+08	 4.26568E+08
 5.50000E-01	 3.83394E+08	 3.83032E+08
 6.00000E-01	 3.83394E+08	 3.83032E+08
 6.00000E-01	 3.88490E+08	 3.88153E+08
 6.60000E-01	 3.88490E+08	 3.88153E+08
 6.60000E-01	 3.91148E+08	 3.90840E+08
 7.20000E-01	 3.91148E+08	 3.90840E+08
 7.20000E-01	 3.95323E+08	 3.95044E+08
 7.80000E-01	 3.95323E+08	 3.95044E+08
 7.80000E-01	 4.11850E+08	 4.11591E+08
 8.40000E-01	 4.11850E+08	 4.11591E+08
 8.40000E-01	 4.47464E+08	 4.47215E+08
 9.20000E-01	 4.47464E+08	 4.47215E+08
 9.20000E-01	 4.44085E+08	 4.43865E+08
 1.00000E+00	 4.44085E+08	 4.43865E+08
 1.00000E+00	 5.41618E+08	 5.41378E+08
 1.20000E+00	 5.41618E+08	 5.41378E+08
 1.20000E+00	 6.68277E+08	 6.68006E+08
 1.40000E+00	 6.68277E+08	 6.68006E+08
 1.40000E+00	 1.26592E+09	 1.26544E+09
 1.60000E+00	 1.26592E+09	 1.26544E+09
 1.60000E+00	 2.09797E+09	 2.09721E+09
 1.80000E+00	 2.09797E+09	 2.09721E+09
 1.80000E+00	 2.60729E+09	 2.60635E+09
 2.00000E+00	 2.60729E+09	 2.60635E+09
 2.00000E+00	 3.15555E+09	 3.15440E+09
 2.30000E+00	 3.15555E+09	 3.15440E+09
 2.30000E+00	 5.85347E+09	 5.85133E+09
 2.60000E+00	 5.85347E+09	 5.85133E+09
 2.60000E+00	 3.28484E+09	 3.28362E+09
 2.90000E+00	 3.28484E+09	 3.28362E+09
 2.90000E+00	 3.26718E+09	 3.26596E+09
 3.30000E+00	 3.26718E+09	 3.26596E+09
 3.30000E+00	 3.55290E+09	 3.55154E+09
 3.70000E+00	 3.55290E+09	 3.55154E+09
 3.70000E+00	 2.88796E+09	 2.88683E+09
 4.10000E+00	 2.88796E+09	 2.88683E+09
 4.10000E+00	 1.78673E+09	 1.78598E+09
 4.50000E+00	 1.78673E+09	 1.78598E+09
 4.50000E+00	 8.83575E+08	 8.83119E+08
 5.00000E+00	 8.83575E+08	 8.83119E+08
 5.00000E+00	 1.72249E+08	 1.72128E+08
 5.50000E+00	 1.72249E+08	 1.72128E+08
 5.50000E+00	 9.26184E+07	 9.25285E+07
 6.00000E+00	 9.26184E+07	 9.25285E+07
 6.00000E+00	 7.11426E+07	 7.10521E+07
 6.70000E+00	 7.11426E+07	 7.10521E+07
 6.70000E+00	 6.22426E+07	 6.21486E+07
 7.40000E+00	 6.22426E+07	 6.21486E+07
 7.40000E+00	 6.82563E+07	 6.81478E+07
 8.20000E+00	 6.82563E+07	 6.81478E+07
 8.20000E+00	 1.00885E+08	 1.00737E+08
 9.00000E+00	 1.00885E+08	 1.00737E+08
 9.00000E+00	 1.70376E+08	 1.70174E+08
 1.00000E+01	 1.70376E+08	 1.70174E+08
 1.00000E+01	 2.98605E+08	 2.98353E+08
 1.10000E+01	 2.98605E+08	 2.98353E+08
 1.10000E+01	 6.14799E+08	 6.14470E+08
 1.20000E+01	 6.14799E+08	 6.14470E+08
 1.20000E+01	 1.51574E+09	 1.51512E+09
 1.30000E+01	 1.51574E+09	 1.51512E+09
 1.30000E+01	 4.76258E+10	 4.76064E+10
 1.40000E+01	 4.76258E+10	 4.76064E+10
 1.40000E+01	 8.19613E+10	 8.19282E+10
 1.50000E+01	 8.19613E+10	 8.19282E+10
 1.50000E+01	 0.00000E+00	 0.00000E+00
 1.60000E+01	 0.00000E+00	 0.00000E+00
 1.60000E+01	 0.00000E+00	 0.00000E+00
 1.70000E+01	 0.00000E+00	 0.00000E+00
 1.70000E+01	 0.00000E+00	 0.00000E+00
 1.80000E+01	 0.00000E+00	 0.00000E+00
 1.80000E+01	 0.00000E+00	 0.00000E+00
 1.90000E+01	 0.00000E+00	 0.00000E+00
 1.90000E+01	 0.00000E+00	 0.00000E+00
 2.00000E+01	 0.00000E+00	 0.00000E+00
 2.00000E+01	 0.00000E+00	 0.00000E+00
 2.10000E+01	 0.00000E+00	 0.00000E+00
 2.10000E+01	 0.00000E+00	 0.00000E+00
 2.20000E+01	 0.00000E+00	 0.00000E+00
 2.20000E+01	 0.00000E+00	 0.00000E+00
 2.30000E+01	 0.00000E+00	 0.00000E+00
 2.30000E+01	 0.00000E+00	 0.00000E+00
 2.40000E+01	 0.00000E+00	 0.00000E+00
 2.40000E+01	 0.00000E+00	 0.00000E+00
 2.50000E+01	 0.00000E+00	 0.00000E+00
 2.50000E+01	 0.00000E+00	 0.00000E+00
 2.60000E+01	 0.00000E+00	 0.00000E+00
 2.60000E+01	 0.00000E+00	 0.00000E+00
 2.70000E+01	 0.00000E+00	 0.00000E+00
 2.70000E+01	 0.00000E+00	 0.00000E+00
 2.80000E+01	 0.00000E+00	 0.00000E+00
 2.80000E+01	 0.00000E+00	 0.00000E+00
 2.90000E+01	 0.00000E+00	 0.00000E+00
 2.90000E+01	 0.00000E+00	 0.00000E+00
 3.00000E+01	 0.00000E+00	 0.00000E+00
 3.00000E+01	 0.00000E+00	 0.00000E+00
 3.10000E+01	 0.00000E+00	 0.00000E+00
 3.10000E+01	 0.00000E+00	 0.00000E+00
 3.20000E+01	 0.00000E+00	 0.00000E+00
 3.20000E+01	 0.00000E+00	 0.00000E+00
 3.30000E+01	 0.00000E+00	 0.00000E+00
 3.30000E+01	 0.00000E+00	 0.00000E+00
 3.40000E+01	 0.00000E+00	 0.00000E+00
 3.40000E+01	 0.00000E+00	 0.00000E+00
 3.50000E+01	 0.00000E+00	 0.00000E+00
 3.50000E+01	 0.00000E+00	 0.00000E+00
 3.60000E+01	 0.00000E+00	 0.00000E+00
 3.60000E+01	 0.00000E+00	 0.00000E+00
 3.70000E+01	 0.00000E+00	 0.00000E+00
 3.70000E+01	 0.00000E+00	 0.00000E+00
 3.80000E+01	 0.00000E+00	 0.00000E+00
 3.80000E+01	 0.00000E+00	 0.00000E+00
 3.90000E+01	 0.00000E+00	 0.00000E+00
 3.90000E+01	 0.00000E+00	 0.00000E+00
 4.00000E+01	 0.00000E+00	 0.00000E+00
 4.00000E+01	 0.00000E+00	 0.00000E+00
 4.10000E+01	 0.00000E+00	 0.00000E+00
 4.10000E+01	 0.00000E+00	 0.00000E+00
 4.20000E+01	 0.00000E+00	 0.00000E+00
 4.20000E+01	 0.00000E+00	 0.00000E+00
 4.30000E+01	 0.00000E+00	 0.00000E+00
 4.30000E+01	 0.00000E+00	 0.00000E+00
 4.40000E+01	 0.00000E+00	 0.00000E+00
 4.40000E+01	 0.00000E+00	 0.00000E+00
 4.50000E+01	 0.00000E+00	 0.00000E+00
 4.50000E+01	 0.00000E+00	 0.00000E+00
 4.60000E+01	 0.00000E+00	 0.00000E+00
 4.60000E+01	 0.00000E+00	 0.00000E+00
 4.70000E+01	 0.00000E+00	 0.00000E+00
 4.70000E+01	 0.00000E+00	 0.00000E+00
 4.80000E+01	 0.00000E+00	 0.00000E+00
 4.80000E+01	 0.00000E+00	 0.00000E+00
 4.90000E+01	 0.00000E+00	 0.00000E+00
 4.90000E+01	 0.00000E+00	 0.00000E+00
 5.00000E+01	 0.00000E+00	 0.00000E+00
 5.00000E+01	 0.00000E+00	 0.00000E+00
 5.10000E+01	 0.00000E+00	 0.00000E+00
 5.10000E+01	 0.00000E+00	 0.00000E+00
 5.20000E+01	 0.00000E+00	 0.00000E+00
 5.20000E+01	 0.00000E+00	 0.00000E+00
 5.30000E+01	 0.00000E+00	 0.00000E+00
 5.30000E+01	 0.00000E+00	 0.00000E+00
 5.40000E+01	 0.00000E+00	 0.00000E+00
 5.40000E+01	 0.00000E+00	 0.00000E+00
 5.50000E+01	 0.00000E+00	 0.00000E+00
 5.50000E+01	 0.00000E+00	 0.00000E+00
 5.60000E+01	 0.00000E+00	 0.00000E+00
 5.60000E+01	 0.00000E+00	 0.00000E+00
 5.70000E+01	 0.00000E+00	 0.00000E+00
 5.70000E+01	 0.00000E+00	 0.00000E+00
 5.80000E+01	 0.00000E+00	 0.00000E+00
 5.80000E+01	 0.00000E+00	 0.00000E+00
 5.90000E+01	 0.00000E+00	 0.00000E+00
 5.90000E+01	 0.00000E+00	 0.00000E+00
 6.00000E+01	 0.00000E+00	 0.00000E+00
