NIF_RUN Passive 18x snout on TANDM 90-348 Pinhole
  140    6    1    0    1  <-- KG    KA    IPNT  IACT  KQT  (5I5)
0.005  9.0  0.03  0.001        <-- ACVX  FCHN  FCVX  FS         (free format)
0.0   0   0  1 1.0  <-- AK1   NORML ILOG  TIME  ACNM (free fmt: R,I,I,R,R)
ZR902    5.587E-15 0.015                       IFX
IN115N   1.817E-15 0.012                       IFX
AU197G   3.975E-14 0.016            AUNG 3.937 IFX
IN115G   1.329E-14 0.016            INNG 39.37 IFX
AU1972   1.991E-14 0.012                       IFX
Al27A    1.015E-15 0.079                       IFX
Flux Uncertainty 
 140                          <-- NGP  (I4)
 0.0000e+00 0.0000e+00 0.0000e+00 0.0000e+00 0.0000e+00 0.0000e+00 0.0000e+00
 0.0000e+00 0.0000e+00 0.0000e+00 0.0000e+00 0.0000e+00 0.0000e+00 0.0000e+00
 8.4430e-01 7.7330e-01 6.8460e-01 5.8140e-01 4.7010e-01 3.6000e-01 2.5970e-01
 1.7610e-01 1.1230e-01 6.7900e-02 4.0400e-02 2.6300e-02 2.0900e-02 1.9500e-02
 1.9100e-02 1.9100e-02 1.9400e-02 2.0300e-02 2.2500e-02 2.6600e-02 3.2700e-02
 3.9400e-02 4.6000e-02 5.1800e-02 5.7400e-02 6.4500e-02 7.5200e-02 9.1400e-02
 1.1430e-01 1.4450e-01 1.8120e-01 2.2320e-01 2.6910e-01 3.1730e-01 3.6670e-01
 4.1590e-01 4.6470e-01 5.1220e-01 5.5860e-01 6.0310e-01 6.4590e-01 6.8620e-01
 7.2330e-01 7.5660e-01 7.8440e-01 8.0490e-01 8.1620e-01 8.1490e-01 7.9890e-01
 7.6460e-01 7.1020e-01 6.3540e-01 5.4270e-01 4.3860e-01 3.3160e-01 2.3200e-01
 1.4830e-01 8.5300e-02 4.4500e-02 2.3800e-02 1.7700e-02 1.6600e-02 1.6100e-02
 1.6000e-02 1.5900e-02 1.6200e-02 1.7300e-02 2.5400e-02 5.0200e-02 9.2200e-02
 1.4450e-01 1.9380e-01 2.2380e-01 2.2360e-01 1.9190e-01 1.3920e-01 8.0900e-02
 3.0900e-02 1.0600e-02 1.0400e-02 1.0400e-02 0.0000E+00 0.0000E+00 0.0000E+00
 0.0000E+00 0.0000E+00 0.0000E+00 0.0000E+00 0.0000E+00 0.0000E+00 0.0000E+00
 0.0000E+00 0.0000E+00 0.0000E+00 0.0000E+00 0.0000E+00 0.0000E+00 0.0000E+00
 0.0000E+00 0.0000E+00 0.0000E+00 0.0000E+00 0.0000E+00 0.0000E+00 0.0000E+00
 0.0000E+00 0.0000E+00 0.0000E+00 0.0000E+00 0.0000E+00 0.0000E+00 0.0000E+00
 0.0000E+00 0.0000E+00 0.0000E+00 0.0000E+00 0.0000E+00 0.0000E+00 0.0000E+00
 0.0000E+00 0.0000E+00 0.0000E+00 0.0000E+00 0.0000E+00 0.0000E+00 0.0000E+00 
Input Flux Spectrum
 140 0 1.000E+00 0.000E+00 0.000E+00   <-- NGP, ITHERM, TNORM, TMPR, ETE  (2I4, 3F10.4)
 0.0000e+00 0.0000e+00 0.0000e+00 0.0000e+00 0.0000e+00 0.0000e+00 0.0000e+00
 0.0000e+00 0.0000e+00 0.0000e+00 0.0000e+00 0.0000e+00 0.0000e+00 0.0000e+00
 1.1781e+04
 2.4832e+04
 2.7417e+05
 4.7756e+05
 2.1325e+06
 3.0645e+06
 9.6513e+06
 3.2129e+07
 7.2131e+07
 1.0143e+08
 1.2816e+08
 1.9404e+08
 2.5677e+08
 3.3124e+08
 3.1640e+08
 3.8504e+08
 4.4372e+08
 3.3960e+08
 4.3180e+08
 3.2353e+08
 2.8514e+08
 3.5368e+08
 2.3845e+08
 2.7728e+08
 1.7626e+08
 2.0334e+08
 1.6060e+08
 1.6274e+08
 1.2494e+08
 1.2064e+08
 1.3812e+08
 1.0109e+08
 9.7064e+07
 1.1544e+08
 1.0298e+08
 1.3335e+08
 1.1282e+08
 1.1181e+08
 1.0120e+08
 1.0865e+08
 1.0176e+08
 1.0711e+08
 9.5665e+07
 7.3170e+07
 8.6560e+07
 7.1832e+07
 7.3240e+07
 5.6135e+07
 4.0650e+07
 3.3325e+07
 3.6984e+07
 3.3999e+07
 3.1613e+07
 3.0495e+07
 4.0662e+07
 3.6992e+07
 9.8436e+07
 1.0277e+08
 1.6872e+08
 2.4672e+08
 2.7434e+08
 4.4013e+08
 7.1646e+08
 3.5820e+08
 4.2140e+08
 4.0588e+08
 2.9608e+08
 1.6614e+08
 9.2970e+07
 1.6398e+07
 8.0505e+06
 7.8393e+06
 6.1776e+06
 6.9978e+06
 9.3808e+06
 1.7927e+07
 2.8427e+07
 5.3439e+07
 1.2121e+08
 3.5264e+09
 5.6502e+09
 0.0000E+00 0.0000E+00 0.0000E+00
 0.0000E+00 0.0000E+00 0.0000E+00 0.0000E+00 0.0000E+00 0.0000E+00 0.0000E+00
 0.0000E+00 0.0000E+00 0.0000E+00 0.0000E+00 0.0000E+00 0.0000E+00 0.0000E+00
 0.0000E+00 0.0000E+00 0.0000E+00 0.0000E+00 0.0000E+00 0.0000E+00 0.0000E+00
 0.0000E+00 0.0000E+00 0.0000E+00 0.0000E+00 0.0000E+00 0.0000E+00 0.0000E+00
 0.0000E+00 0.0000E+00 0.0000E+00 0.0000E+00 0.0000E+00 0.0000E+00 0.0000E+00
 0.0000E+00 0.0000E+00 0.0000E+00 0.0000E+00 0.0000E+00 0.0000E+00 0.0000E+00 
  10  13  28  11  8  5  8  7 10 40
