NIF_RUN Passive 18x snout on TANDM 90-348 Pinhole
  140    6    1    0    1  <-- KG    KA    IPNT  IACT  KQT  (5I5)
0.005  9.0  0.03  0.001       <-- ACVX  FCHN  FCVX  FS         (free format)
0.0   0   0  1 1.0  <-- AK1   NORML ILOG  TIME  ACNM (free fmt: R,I,I,R,R)
ZR902    4.147E-14 0.011                       IFX
IN115N   1.039E-14 0.012                       IFX
AU197G   2.386E-14 0.012            AUNG 3.937 IFX
IN115G   3.612E-14 0.028            INNG 39.37 IFX
AU1972   2.606E-13 0.012                       IFX
Al27A    1.501E-14 0.012                       IFX
Flux Uncertainty 
 140                          <-- NGP  (I4)
 0.00
 0.00
 0.00
 0.00
 0.00
 0.00
 0.00
 0.00
 0.00
 0.00
 0.00
 0.00
 0.00
 0.00
 2.00
 2.00
 2.00
 2.00
 2.00
 2.00
 2.00
 2.00
 2.00
 2.00
 2.00
 2.00
 2.00
 2.00
 2.00
 2.00
 2.00
 2.00
 2.00
 2.00
 2.00
 2.00
 2.00
 2.00
 2.00
 2.00
 2.00
 2.00
 2.00
 2.00
 2.00
 2.00
 2.00
 2.00
 2.00
 2.00
 2.00
 2.00
 2.00
 2.00
 2.00
 2.00
 2.00
 2.00
 2.00
 2.00
 2.00
 2.00
 2.00
 2.00
 2.00
 2.00
 2.00
 2.00
 2.00
 2.00
 2.00
 2.00
 2.00
 2.00
 2.00
 2.00
 2.00
 2.00
 2.00
 2.00
 2.00
 2.00
 2.00
 2.00
 2.00
 2.00
 2.00
 2.00
 2.00
 2.00
 2.00
 2.00
 2.00
 0.20 
 0.20
 0.20
 0.00
 0.00
 0.00
 0.00
 0.00
 0.00
 0.00
 0.00
 0.00
 0.00
 0.00
 0.00
 0.00
 0.00
 0.00
 0.00
 0.00
 0.00
 0.00
 0.00
 0.00
 0.00
 0.00
 0.00
 0.00
 0.00
 0.00
 0.00
 0.00
 0.00
 0.00
 0.00
 0.00
 0.00
 0.00
 0.00
 0.00
 0.00
 0.00
 0.00
 0.00
 0.00
 0.00
 0.00
Input Flux Spectrum
 140 0 1.000E+00 0.000E+00 0.000E+00   <-- NGP, ITHERM, TNORM, TMPR, ETE  (2I4, 3F10.4)
 0.0000e+00
 0.0000e+00
 0.0000e+00
 0.0000e+00
 0.0000e+00
 0.0000e+00
 0.0000e+00
 0.0000e+00
 0.0000e+00
 0.0000e+00
 0.0000e+00
 0.0000e+00
 0.0000e+00
 0.0000e+00
 3.5851e+00
 3.4850e+00
 3.4765e+00
 3.5579e+00
 3.7163e+00
 3.9497e+00
 4.2380e+00
 4.5454e+00
 4.8571e+00
 5.1289e+00
 5.3344e+00
 5.4160e+00
 5.3932e+00
 5.2343e+00
 4.9458e+00
 4.5537e+00
 4.0550e+00
 3.4326e+00
 2.6391e+00
 2.1701e+00
 2.2134e+00
 2.3248e+00
 2.5237e+00
 2.7554e+00
 5.4382e+02
 5.7404e+02
 3.3898e+03
 1.6533e+03
 2.6056e+03
 9.4092e+03
 2.1094e+04
 1.8543e+04
 1.0556e+03
 1.2835e+03
 4.5112e+02
 4.9128e+01
 1.9990e+00
 6.0903e-01
 3.6185e-02
 4.3236e-02
 7.6257e-02
 7.2118e-01
 1.8333e+01
 3.7812e+02
 5.1564e+04
 5.5012e+06
 3.6257e+08
 1.1082e+10
 5.1140e+10
 8.6090e+10
 5.0629e+10
 2.9354e+09
 5.0029e+07
 2.2271e+05
 8.9616e+02
 2.5886e+00
 2.0936e-02
 7.3930e-05
 2.5386e-07
 1.6000e-09
 2.6066e-12
 4.7025e-15
 1.5299e-18
 1.3398e-22
 5.6952e-28
 1.1171e-34
 6.0680e-43
 6.7680e-53
 9.9775e-64
 1.7684e-76
 5.2880e-89
 2.6083e-98
 1.4345e-99
 7.9302e-92
 3.6490e-74
 8.6289e-52
 5.9224e-29
 6.0144e-08
 7.1614e+10
 1.2202e+10
 4.1787e+10
 2.0713e+08
 0.00E+00
 0.00E+00
 0.00E+00
 0.00E+00
 0.00E+00
 0.00E+00
 0.00E+00
 0.00E+00
 0.00E+00
 0.00E+00
 0.00E+00
 0.00E+00
 0.00E+00
 0.00E+00
 0.00E+00
 0.00E+00
 0.00E+00
 0.00E+00
 0.00E+00
 0.00E+00
 0.00E+00
 0.00E+00
 0.00E+00
 0.00E+00
 0.00E+00
 0.00E+00
 0.00E+00
 0.00E+00
 0.00E+00
 0.00E+00
 0.00E+00
 0.00E+00
 0.00E+00
 0.00E+00
 0.00E+00
 0.00E+00
 0.00E+00
 0.00E+00
 0.00E+00
 0.00E+00
 0.00E+00
 0.00E+00
 0.00E+00
 0.00E+00
  10  13  28  11  8  5  8  7 10 40
