NIF_RUN Passive 18x snout on TANDM 90-348 Pinhole
  140    5    1    0    0  <-- KG    KA    IPNT  IACT  KQT  (5I5)
0.005  9.0  0.005  0.001        <-- ACVX  FCHN  FCVX  FS         (free format)
0.0   0   0  1 1.0  <-- AK1   NORML ILOG  TIME  ACNM (free fmt: R,I,I,R,R)
ZR902    1.706E-12 0.010                       IFX
IN115N   4.881E-13 0.007                       IFX
AU197G   8.079E-14 0.010            AUNG 3.937 IFX
IN115G   1.161E-13 0.020            INNG 39.37 IFX
AU1972   1.218E-11 0.053                       IFX
Flux Uncertainty 
   4                          <-- NGP  (I4)
 1.00E-11  12.9 12.99   20.1
 1  1 0.1 0.03
Input Flux Spectrum
 140 0 1.000E+00 0.000E+00 0.000E+00   <-- NGP, ITHERM, TNORM, TMPR, ETE  (2I4, 3F10.4)
7.3506E+13
5.6065E+12
3.1672E+12
1.3507E+12
1.2443E+12
7.3714E+11
4.5642E+11
2.5413E+11
1.4700E+11
9.1495E+10
4.5185E+10
2.5298E+10
1.4835E+10
8.7198E+07
4.5924E+07
2.7642E+07
1.6704E+07
9.6573E+07
4.7458E+07
3.4038E+07
1.7677E+07
9.5986E+07
6.5163E+07
5.1275E+07
4.6192E+07
2.9489E+07
2.2678E+07
1.5886E+07
1.3339E+07
9.1674E+07
5.9620E+07
5.3475E+07
3.3117E+07
3.1456E+07
2.5143E+07
1.4171E+07
1.4009E+07
8.8295E+07
9.6343E+07
5.6287E+07
4.7567E+07
3.3812E+07
3.1431E+07
2.3495E+07
1.4419E+07
1.4385E+07
1.1667E+07
7.4561E+07
6.8955E+07
4.2272E+07
4.2239E+07
3.7148E+07
3.7129E+07
3.0929E+07
3.0919E+07
2.6496E+07
2.6490E+07
3.0899E+07
2.3172E+07
2.3168E+07
1.8533E+07
1.8532E+07
1.8529E+07
1.8529E+07
1.5439E+07
1.5439E+07
1.5556E+07
1.5528E+07
1.1700E+07
1.1792E+07
4.7771E+07
4.8722E+07
5.0201E+07
5.2441E+07
5.5749E+07
4.0321E+07
4.4708E+07
5.0661E+07
4.3815E+07
5.1052E+07
5.9566E+07
6.8756E+07
6.1904E+07
6.6859E+07
6.8121E+07
4.5650E+07
3.8176E+07
2.3550E+07
1.2361E+07
2.5487E+07
2.0707E+07
5.3886E+07
1.1977E+07
1.1577E+12
1.6971E+12
 0.0000E+00 0.0000E+00 0.0000E+00
 0.0000E+00 0.0000E+00 0.0000E+00 0.0000E+00 0.0000E+00 0.0000E+00 0.0000E+00
 0.0000E+00 0.0000E+00 0.0000E+00 0.0000E+00 0.0000E+00 0.0000E+00 0.0000E+00
 0.0000E+00 0.0000E+00 0.0000E+00 0.0000E+00 0.0000E+00 0.0000E+00 0.0000E+00
 0.0000E+00 0.0000E+00 0.0000E+00 0.0000E+00 0.0000E+00 0.0000E+00 0.0000E+00
 0.0000E+00 0.0000E+00 0.0000E+00 0.0000E+00 0.0000E+00 0.0000E+00 0.0000E+00
 0.0000E+00 0.0000E+00 0.0000E+00 0.0000E+00 0.0000E+00 0.0000E+00 0.0000E+00 
  10  13  28  11  8  5  8  7 10 40
