   E (MeV)	Unadj. F×Eavg	Adj. F×Eavg
 1.00000E-10	 0.00000E+00	 0.00000E+00
 1.00000E-09	 0.00000E+00	 0.00000E+00
 1.00000E-09	 0.00000E+00	 0.00000E+00
 1.00000E-08	 0.00000E+00	 0.00000E+00
 1.00000E-08	 0.00000E+00	 0.00000E+00
 2.30000E-08	 0.00000E+00	 0.00000E+00
 2.30000E-08	 0.00000E+00	 0.00000E+00
 5.00000E-08	 0.00000E+00	 0.00000E+00
 5.00000E-08	 0.00000E+00	 0.00000E+00
 7.60000E-08	 0.00000E+00	 0.00000E+00
 7.60000E-08	 0.00000E+00	 0.00000E+00
 1.15000E-07	 0.00000E+00	 0.00000E+00
 1.15000E-07	 0.00000E+00	 0.00000E+00
 1.70000E-07	 0.00000E+00	 0.00000E+00
 1.70000E-07	 0.00000E+00	 0.00000E+00
 2.55000E-07	 0.00000E+00	 0.00000E+00
 2.55000E-07	 0.00000E+00	 0.00000E+00
 3.80000E-07	 0.00000E+00	 0.00000E+00
 3.80000E-07	 0.00000E+00	 0.00000E+00
 5.50000E-07	 0.00000E+00	 0.00000E+00
 5.50000E-07	 0.00000E+00	 0.00000E+00
 8.40000E-07	 0.00000E+00	 0.00000E+00
 8.40000E-07	 0.00000E+00	 0.00000E+00
 1.27500E-06	 0.00000E+00	 0.00000E+00
 1.27500E-06	 0.00000E+00	 0.00000E+00
 1.90000E-06	 0.00000E+00	 0.00000E+00
 1.90000E-06	 0.00000E+00	 0.00000E+00
 2.80000E-06	 0.00000E+00	 0.00000E+00
 2.80000E-06	 1.66468E-12	 2.50161E-12
 4.25000E-06	 1.66468E-12	 2.50161E-12
 4.25000E-06	 2.25085E-12	 3.38248E-12
 6.30000E-06	 2.25085E-12	 3.38248E-12
 6.30000E-06	 3.23520E-12	 4.86172E-12
 9.20000E-06	 3.23520E-12	 4.86172E-12
 9.20000E-06	 4.35717E-12	 6.54777E-12
 1.35000E-05	 4.35717E-12	 6.54777E-12
 1.35000E-05	 1.41169E-11	 2.12142E-11
 2.10000E-05	 1.41169E-11	 2.12142E-11
 2.10000E-05	 2.56013E-11	 3.84725E-11
 3.00000E-05	 2.56013E-11	 3.84725E-11
 3.00000E-05	 2.43241E-11	 3.65532E-11
 4.50000E-05	 2.43241E-11	 3.65532E-11
 4.50000E-05	 2.08251E-11	 3.12950E-11
 6.90000E-05	 2.08251E-11	 3.12950E-11
 6.90000E-05	 1.85392E-11	 2.78598E-11
 1.00000E-04	 1.85392E-11	 2.78598E-11
 1.00000E-04	 1.58020E-11	 2.37465E-11
 1.35000E-04	 1.58020E-11	 2.37465E-11
 1.35000E-04	 1.81260E-11	 2.72390E-11
 1.70000E-04	 1.81260E-11	 2.72390E-11
 1.70000E-04	 1.43261E-11	 2.15286E-11
 2.20000E-04	 1.43261E-11	 2.15286E-11
 2.20000E-04	 1.37690E-11	 2.06914E-11
 2.80000E-04	 1.37690E-11	 2.06914E-11
 2.80000E-04	 1.22663E-11	 1.84332E-11
 3.60000E-04	 1.22663E-11	 1.84332E-11
 3.60000E-04	 1.33289E-11	 2.00300E-11
 4.50000E-04	 1.33289E-11	 2.00300E-11
 4.50000E-04	 1.22054E-11	 1.83417E-11
 5.75000E-04	 1.22054E-11	 1.83417E-11
 5.75000E-04	 1.74028E-11	 2.61521E-11
 7.60000E-04	 1.74028E-11	 2.61521E-11
 7.60000E-04	 4.71575E-11	 7.08663E-11
 9.60000E-04	 4.71575E-11	 7.08663E-11
 9.60000E-04	 6.73365E-11	 1.01190E-10
 1.27500E-03	 6.73365E-11	 1.01190E-10
 1.27500E-03	 1.32638E-10	 1.99323E-10
 1.60000E-03	 1.32638E-10	 1.99323E-10
 1.60000E-03	 2.05527E-10	 3.08857E-10
 2.00000E-03	 2.05527E-10	 3.08857E-10
 2.00000E-03	 3.05241E-10	 4.58709E-10
 2.70000E-03	 3.05241E-10	 4.58709E-10
 2.70000E-03	 7.97836E-10	 1.19905E-09
 3.40000E-03	 7.97836E-10	 1.19905E-09
 3.40000E-03	 1.11685E-09	 1.67879E-09
 4.50000E-03	 1.11685E-09	 1.67879E-09
 4.50000E-03	 2.37816E-09	 3.57591E-09
 5.50000E-03	 2.37816E-09	 3.57591E-09
 5.50000E-03	 2.51727E-09	 3.78724E-09
 7.20000E-03	 2.51727E-09	 3.78724E-09
 7.20000E-03	 4.47913E-09	 6.74575E-09
 9.20000E-03	 4.47913E-09	 6.74575E-09
 9.20000E-03	 6.51580E-09	 9.83082E-09
 1.20000E-02	 6.51580E-09	 9.83082E-09
 1.20000E-02	 1.09388E-08	 1.65541E-08
 1.50000E-02	 1.09388E-08	 1.65541E-08
 1.50000E-02	 1.34969E-08	 2.05264E-08
 1.90000E-02	 1.34969E-08	 2.05264E-08
 1.90000E-02	 1.35329E-08	 2.07438E-08
 2.55000E-02	 1.35329E-08	 2.07438E-08
 2.55000E-02	 2.15150E-08	 3.33851E-08
 3.20000E-02	 2.15150E-08	 3.33851E-08
 3.20000E-02	 2.78050E-08	 4.39486E-08
 4.00000E-02	 2.78050E-08	 4.39486E-08
 4.00000E-02	 3.16350E-08	 5.13660E-08
 5.25000E-02	 3.16350E-08	 5.13660E-08
 5.25000E-02	 6.04497E-08	 1.01940E-07
 6.60000E-02	 6.04497E-08	 1.01940E-07
 6.60000E-02	 9.75378E-08	 1.73133E-07
 8.80000E-02	 9.75378E-08	 1.73133E-07
 8.80000E-02	 3.45683E-07	 6.55777E-07
 1.10000E-01	 3.45683E-07	 6.55777E-07
 1.10000E-01	 1.53133E-06	 3.15450E-06
 1.35000E-01	 1.53133E-06	 3.15450E-06
 1.35000E-01	 1.17894E-05	 2.67631E-05
 1.60000E-01	 1.17894E-05	 2.67631E-05
 1.60000E-01	 1.21722E-04	 3.08062E-04
 1.90000E-01	 1.21722E-04	 3.08062E-04
 1.90000E-01	 2.42502E-03	 6.88277E-03
 2.20000E-01	 2.42502E-03	 6.88277E-03
 2.20000E-01	 6.37101E-02	 2.02497E-01
 2.55000E-01	 6.37101E-02	 2.02497E-01
 2.55000E-01	 2.74627E+00	 9.67166E+00
 2.90000E-01	 2.74627E+00	 9.67166E+00
 2.90000E-01	 1.69142E+02	 6.46440E+02
 3.20000E-01	 1.69142E+02	 6.46440E+02
 3.20000E-01	 7.21988E+03	 2.90290E+04
 3.60000E-01	 7.21988E+03	 2.90290E+04
 3.60000E-01	 3.81368E+05	 1.54824E+06
 4.00000E-01	 3.81368E+05	 1.54824E+06
 4.00000E-01	 1.27839E+07	 4.98563E+07
 4.50000E-01	 1.27839E+07	 4.98563E+07
 4.50000E-01	 3.68477E+08	 1.30682E+09
 5.00000E-01	 3.68477E+08	 1.30682E+09
 5.00000E-01	 6.36639E+09	 1.94577E+10
 5.50000E-01	 6.36639E+09	 1.94577E+10
 5.50000E-01	 5.93473E+10	 1.50051E+11
 6.00000E-01	 5.93473E+10	 1.50051E+11
 6.00000E-01	 2.30153E+11	 4.76230E+11
 6.60000E-01	 2.30153E+11	 4.76230E+11
 6.60000E-01	 5.25507E+11	 9.27921E+11
 7.20000E-01	 5.25507E+11	 9.27921E+11
 7.20000E-01	 5.86932E+11	 9.83710E+11
 7.80000E-01	 5.86932E+11	 9.83710E+11
 7.80000E-01	 7.20070E+11	 1.22214E+12
 8.40000E-01	 7.20070E+11	 1.22214E+12
 8.40000E-01	 4.31836E+11	 8.21751E+11
 9.20000E-01	 4.31836E+11	 8.21751E+11
 9.20000E-01	 1.50366E+11	 3.45465E+11
 1.00000E+00	 1.50366E+11	 3.45465E+11
 1.00000E+00	 9.04992E+09	 2.53599E+10
 1.20000E+00	 9.04992E+09	 2.53599E+10
 1.20000E+00	 5.21137E+08	 1.73003E+09
 1.40000E+00	 5.21137E+08	 1.73003E+09
 1.40000E+00	 6.68081E+06	 2.50497E+07
 1.60000E+00	 6.68081E+06	 2.50497E+07
 1.60000E+00	 5.83969E+03	 2.35089E+04
 1.80000E+00	 5.83969E+03	 2.35089E+04
 1.80000E+00	 1.24772E+00	 5.15908E+00
 2.00000E+00	 1.24772E+00	 5.15908E+00
 2.00000E+00	 1.20215E-04	 4.94439E-04
 2.30000E+00	 1.20215E-04	 4.94439E-04
 2.30000E+00	 2.07145E-08	 8.34289E-08
 2.60000E+00	 2.07145E-08	 8.34289E-08
 2.60000E+00	 2.64569E-12	 1.04595E-11
 2.90000E+00	 2.64569E-12	 1.04595E-11
 2.90000E+00	 2.86721E-16	 1.13430E-15
 3.30000E+00	 2.86721E-16	 1.13430E-15
 3.30000E+00	 7.60493E-20	 3.10467E-19
 3.70000E+00	 7.60493E-20	 3.10467E-19
 3.70000E+00	 6.31659E-23	 2.75046E-22
 4.10000E+00	 6.31659E-23	 2.75046E-22
 4.10000E+00	 2.94867E-25	 1.40629E-24
 4.50000E+00	 2.94867E-25	 1.40629E-24
 4.50000E+00	 1.11246E-26	 5.88915E-26
 5.00000E+00	 1.11246E-26	 5.88915E-26
 5.00000E+00	 8.90302E-27	 5.21843E-26
 5.50000E+00	 8.90302E-27	 5.21843E-26
 5.50000E+00	 4.00447E-25	 2.55351E-24
 6.00000E+00	 4.00447E-25	 2.55351E-24
 6.00000E+00	 1.46197E-22	 9.83152E-22
 6.70000E+00	 1.46197E-22	 9.83152E-22
 6.70000E+00	 1.43941E-18	 9.78080E-18
 7.40000E+00	 1.43941E-18	 9.78080E-18
 7.40000E+00	 2.61769E-13	 1.70603E-12
 8.20000E+00	 2.61769E-13	 1.70603E-12
 8.20000E+00	 7.85959E-07	 4.62545E-06
 9.00000E+00	 7.85959E-07	 4.62545E-06
 9.00000E+00	 2.39891E+00	 1.18957E+01
 1.00000E+01	 2.39891E+00	 1.18957E+01
 1.00000E+01	 1.50411E+06	 5.78195E+06
 1.10000E+01	 1.50411E+06	 5.78195E+06
 1.10000E+01	 2.76190E+11	 7.37788E+11
 1.20000E+01	 2.76190E+11	 7.37788E+11
 1.20000E+01	 5.89791E+13	 1.12579E+14
 1.30000E+01	 5.89791E+13	 1.12579E+14
 1.30000E+01	 8.58506E-07	 1.60321E-06
 1.40000E+01	 8.58506E-07	 1.60321E-06
 1.40000E+01	 1.17781E-06	 2.20419E-06
 1.50000E+01	 1.17781E-06	 2.20419E-06
 1.50000E+01	 0.00000E+00	 0.00000E+00
 1.60000E+01	 0.00000E+00	 0.00000E+00
 1.60000E+01	 0.00000E+00	 0.00000E+00
 1.70000E+01	 0.00000E+00	 0.00000E+00
 1.70000E+01	 0.00000E+00	 0.00000E+00
 1.80000E+01	 0.00000E+00	 0.00000E+00
 1.80000E+01	 0.00000E+00	 0.00000E+00
 1.90000E+01	 0.00000E+00	 0.00000E+00
 1.90000E+01	 0.00000E+00	 0.00000E+00
 2.00000E+01	 0.00000E+00	 0.00000E+00
 2.00000E+01	 0.00000E+00	 0.00000E+00
 2.10000E+01	 0.00000E+00	 0.00000E+00
 2.10000E+01	 0.00000E+00	 0.00000E+00
 2.20000E+01	 0.00000E+00	 0.00000E+00
 2.20000E+01	 0.00000E+00	 0.00000E+00
 2.30000E+01	 0.00000E+00	 0.00000E+00
 2.30000E+01	 0.00000E+00	 0.00000E+00
 2.40000E+01	 0.00000E+00	 0.00000E+00
 2.40000E+01	 0.00000E+00	 0.00000E+00
 2.50000E+01	 0.00000E+00	 0.00000E+00
 2.50000E+01	 0.00000E+00	 0.00000E+00
 2.60000E+01	 0.00000E+00	 0.00000E+00
 2.60000E+01	 0.00000E+00	 0.00000E+00
 2.70000E+01	 0.00000E+00	 0.00000E+00
 2.70000E+01	 0.00000E+00	 0.00000E+00
 2.80000E+01	 0.00000E+00	 0.00000E+00
 2.80000E+01	 0.00000E+00	 0.00000E+00
 2.90000E+01	 0.00000E+00	 0.00000E+00
 2.90000E+01	 0.00000E+00	 0.00000E+00
 3.00000E+01	 0.00000E+00	 0.00000E+00
 3.00000E+01	 0.00000E+00	 0.00000E+00
 3.10000E+01	 0.00000E+00	 0.00000E+00
 3.10000E+01	 0.00000E+00	 0.00000E+00
 3.20000E+01	 0.00000E+00	 0.00000E+00
 3.20000E+01	 0.00000E+00	 0.00000E+00
 3.30000E+01	 0.00000E+00	 0.00000E+00
 3.30000E+01	 0.00000E+00	 0.00000E+00
 3.40000E+01	 0.00000E+00	 0.00000E+00
 3.40000E+01	 0.00000E+00	 0.00000E+00
 3.50000E+01	 0.00000E+00	 0.00000E+00
 3.50000E+01	 0.00000E+00	 0.00000E+00
 3.60000E+01	 0.00000E+00	 0.00000E+00
 3.60000E+01	 0.00000E+00	 0.00000E+00
 3.70000E+01	 0.00000E+00	 0.00000E+00
 3.70000E+01	 0.00000E+00	 0.00000E+00
 3.80000E+01	 0.00000E+00	 0.00000E+00
 3.80000E+01	 0.00000E+00	 0.00000E+00
 3.90000E+01	 0.00000E+00	 0.00000E+00
 3.90000E+01	 0.00000E+00	 0.00000E+00
 4.00000E+01	 0.00000E+00	 0.00000E+00
 4.00000E+01	 0.00000E+00	 0.00000E+00
 4.10000E+01	 0.00000E+00	 0.00000E+00
 4.10000E+01	 0.00000E+00	 0.00000E+00
 4.20000E+01	 0.00000E+00	 0.00000E+00
 4.20000E+01	 0.00000E+00	 0.00000E+00
 4.30000E+01	 0.00000E+00	 0.00000E+00
 4.30000E+01	 0.00000E+00	 0.00000E+00
 4.40000E+01	 0.00000E+00	 0.00000E+00
 4.40000E+01	 0.00000E+00	 0.00000E+00
 4.50000E+01	 0.00000E+00	 0.00000E+00
 4.50000E+01	 0.00000E+00	 0.00000E+00
 4.60000E+01	 0.00000E+00	 0.00000E+00
 4.60000E+01	 0.00000E+00	 0.00000E+00
 4.70000E+01	 0.00000E+00	 0.00000E+00
 4.70000E+01	 0.00000E+00	 0.00000E+00
 4.80000E+01	 0.00000E+00	 0.00000E+00
 4.80000E+01	 0.00000E+00	 0.00000E+00
 4.90000E+01	 0.00000E+00	 0.00000E+00
 4.90000E+01	 0.00000E+00	 0.00000E+00
 5.00000E+01	 0.00000E+00	 0.00000E+00
 5.00000E+01	 0.00000E+00	 0.00000E+00
 5.10000E+01	 0.00000E+00	 0.00000E+00
 5.10000E+01	 0.00000E+00	 0.00000E+00
 5.20000E+01	 0.00000E+00	 0.00000E+00
 5.20000E+01	 0.00000E+00	 0.00000E+00
 5.30000E+01	 0.00000E+00	 0.00000E+00
 5.30000E+01	 0.00000E+00	 0.00000E+00
 5.40000E+01	 0.00000E+00	 0.00000E+00
 5.40000E+01	 0.00000E+00	 0.00000E+00
 5.50000E+01	 0.00000E+00	 0.00000E+00
 5.50000E+01	 0.00000E+00	 0.00000E+00
 5.60000E+01	 0.00000E+00	 0.00000E+00
 5.60000E+01	 0.00000E+00	 0.00000E+00
 5.70000E+01	 0.00000E+00	 0.00000E+00
 5.70000E+01	 0.00000E+00	 0.00000E+00
 5.80000E+01	 0.00000E+00	 0.00000E+00
 5.80000E+01	 0.00000E+00	 0.00000E+00
 5.90000E+01	 0.00000E+00	 0.00000E+00
 5.90000E+01	 0.00000E+00	 0.00000E+00
 6.00000E+01	 0.00000E+00	 0.00000E+00
