   E (MeV)	Unadj. F×Eavg	Adj. F×Eavg
 1.00000E-10	 0.00000E+00	 0.00000E+00
 1.00000E-09	 0.00000E+00	 0.00000E+00
 1.00000E-09	 0.00000E+00	 0.00000E+00
 1.00000E-08	 0.00000E+00	 0.00000E+00
 1.00000E-08	 0.00000E+00	 0.00000E+00
 2.30000E-08	 0.00000E+00	 0.00000E+00
 2.30000E-08	 0.00000E+00	 0.00000E+00
 5.00000E-08	 0.00000E+00	 0.00000E+00
 5.00000E-08	 0.00000E+00	 0.00000E+00
 7.60000E-08	 0.00000E+00	 0.00000E+00
 7.60000E-08	 0.00000E+00	 0.00000E+00
 1.15000E-07	 0.00000E+00	 0.00000E+00
 1.15000E-07	 0.00000E+00	 0.00000E+00
 1.70000E-07	 0.00000E+00	 0.00000E+00
 1.70000E-07	 0.00000E+00	 0.00000E+00
 2.55000E-07	 0.00000E+00	 0.00000E+00
 2.55000E-07	 0.00000E+00	 0.00000E+00
 3.80000E-07	 0.00000E+00	 0.00000E+00
 3.80000E-07	 0.00000E+00	 0.00000E+00
 5.50000E-07	 0.00000E+00	 0.00000E+00
 5.50000E-07	 0.00000E+00	 0.00000E+00
 8.40000E-07	 0.00000E+00	 0.00000E+00
 8.40000E-07	 0.00000E+00	 0.00000E+00
 1.27500E-06	 0.00000E+00	 0.00000E+00
 1.27500E-06	 0.00000E+00	 0.00000E+00
 1.90000E-06	 0.00000E+00	 0.00000E+00
 1.90000E-06	 0.00000E+00	 0.00000E+00
 2.80000E-06	 0.00000E+00	 0.00000E+00
 2.80000E-06	 6.91328E+03	 6.53284E+03
 4.25000E-06	 6.91328E+03	 6.53284E+03
 4.25000E-06	 9.43743E+03	 8.91469E+03
 6.30000E-06	 9.43743E+03	 8.91469E+03
 6.30000E-06	 1.40101E+04	 1.32345E+04
 9.20000E-06	 1.40101E+04	 1.32345E+04
 9.20000E-06	 2.48143E+04	 2.34505E+04
 1.35000E-05	 2.48143E+04	 2.34505E+04
 1.35000E-05	 5.99614E+04	 5.67101E+04
 2.10000E-05	 5.99614E+04	 5.67101E+04
 2.10000E-05	 6.25381E+04	 5.92102E+04
 3.00000E-05	 6.25381E+04	 5.92102E+04
 3.00000E-05	 3.24079E+04	 3.07221E+04
 4.50000E-05	 3.24079E+04	 3.07221E+04
 4.50000E-05	 2.10613E+04	 1.99932E+04
 6.90000E-05	 2.10613E+04	 1.99932E+04
 6.90000E-05	 1.45514E+04	 1.38326E+04
 1.00000E-04	 1.45514E+04	 1.38326E+04
 1.00000E-04	 9.74920E+03	 9.27979E+03
 1.35000E-04	 9.74920E+03	 9.27979E+03
 1.35000E-04	 6.21782E+03	 5.92540E+03
 1.70000E-04	 6.21782E+03	 5.92540E+03
 1.70000E-04	 2.26863E+03	 2.16409E+03
 2.20000E-04	 2.26863E+03	 2.16409E+03
 2.20000E-04	 1.39839E+03	 1.33504E+03
 2.80000E-04	 1.39839E+03	 1.33504E+03
 2.80000E-04	 8.40650E+02	 8.03101E+02
 3.60000E-04	 8.40650E+02	 8.03101E+02
 3.60000E-04	 6.60933E+02	 6.31795E+02
 4.50000E-04	 6.60933E+02	 6.31795E+02
 4.50000E-04	 7.93323E+02	 7.58875E+02
 5.75000E-04	 7.93323E+02	 7.58875E+02
 5.75000E-04	 2.83907E+03	 2.71846E+03
 7.60000E-04	 2.83907E+03	 2.71846E+03
 7.60000E-04	 5.30609E+03	 5.08840E+03
 9.60000E-04	 5.30609E+03	 5.08840E+03
 9.60000E-04	 5.79227E+03	 5.56761E+03
 1.27500E-03	 5.79227E+03	 5.56761E+03
 1.27500E-03	 1.02146E+04	 9.85158E+03
 1.60000E-03	 1.02146E+04	 9.85158E+03
 1.60000E-03	 1.73318E+04	 1.67912E+04
 2.00000E-03	 1.73318E+04	 1.67912E+04
 2.00000E-03	 3.16981E+04	 3.08769E+04
 2.70000E-03	 3.16981E+04	 3.08769E+04
 2.70000E-03	 2.15196E+05	 2.10838E+05
 3.40000E-03	 2.15196E+05	 2.10838E+05
 3.40000E-03	 5.45492E+05	 5.37183E+05
 4.50000E-03	 5.45492E+05	 5.37183E+05
 4.50000E-03	 2.49938E+06	 2.46892E+06
 5.50000E-03	 2.49938E+06	 2.46892E+06
 5.50000E-03	 9.68579E+06	 9.56558E+06
 7.20000E-03	 9.68579E+06	 9.56558E+06
 7.20000E-03	 7.64045E+07	 7.51394E+07
 9.20000E-03	 7.64045E+07	 7.51394E+07
 9.20000E-03	 3.18842E+08	 3.11107E+08
 1.20000E-02	 3.18842E+08	 3.11107E+08
 1.20000E-02	 1.82687E+09	 1.75897E+09
 1.50000E-02	 1.82687E+09	 1.75897E+09
 1.50000E-02	 9.32755E+09	 9.03216E+09
 1.90000E-02	 9.32755E+09	 9.03216E+09
 1.90000E-02	 1.68649E+10	 1.62768E+10
 2.55000E-02	 1.68649E+10	 1.62768E+10
 2.55000E-02	 3.28036E+10	 3.16401E+10
 3.20000E-02	 3.28036E+10	 3.16401E+10
 3.20000E-02	 3.76228E+10	 3.62926E+10
 4.00000E-02	 3.76228E+10	 3.62926E+10
 4.00000E-02	 2.75910E+10	 2.66046E+10
 5.25000E-02	 2.75910E+10	 2.66046E+10
 5.25000E-02	 2.33445E+10	 2.25695E+10
 6.60000E-02	 2.33445E+10	 2.25695E+10
 6.60000E-02	 1.08059E+10	 1.04819E+10
 8.80000E-02	 1.08059E+10	 1.04819E+10
 8.80000E-02	 6.66891E+09	 6.44825E+09
 1.10000E-01	 6.66891E+09	 6.44825E+09
 1.10000E-01	 2.90514E+09	 2.83201E+09
 1.35000E-01	 2.90514E+09	 2.83201E+09
 1.35000E-01	 1.12482E+09	 1.10481E+09
 1.60000E-01	 1.12482E+09	 1.10481E+09
 1.60000E-01	 2.08940E+08	 2.05945E+08
 1.90000E-01	 2.08940E+08	 2.05945E+08
 1.90000E-01	 2.87072E+07	 2.82844E+07
 2.20000E-01	 2.87072E+07	 2.82844E+07
 2.20000E-01	 6.06341E+06	 5.95386E+06
 2.55000E-01	 6.06341E+06	 5.95386E+06
 2.55000E-01	 1.51371E+06	 1.47889E+06
 2.90000E-01	 1.51371E+06	 1.47889E+06
 2.90000E-01	 4.48220E+05	 4.35557E+05
 3.20000E-01	 4.48220E+05	 4.35557E+05
 3.20000E-01	 8.94608E+04	 8.65171E+04
 3.60000E-01	 8.94608E+04	 8.65171E+04
 3.60000E-01	 2.54213E+04	 2.44935E+04
 4.00000E-01	 2.54213E+04	 2.44935E+04
 4.00000E-01	 6.26518E+03	 6.02130E+03
 4.50000E-01	 6.26518E+03	 6.02130E+03
 4.50000E-01	 2.13539E+03	 2.04928E+03
 5.00000E-01	 2.13539E+03	 2.04928E+03
 5.00000E-01	 8.06991E+02	 7.73971E+02
 5.50000E-01	 8.06991E+02	 7.73971E+02
 5.50000E-01	 3.34969E+02	 3.21249E+02
 6.00000E-01	 3.34969E+02	 3.21249E+02
 6.00000E-01	 1.40459E+02	 1.34747E+02
 6.60000E-01	 1.40459E+02	 1.34747E+02
 6.60000E-01	 9.21215E+01	 8.84229E+01
 7.20000E-01	 9.21215E+01	 8.84229E+01
 7.20000E-01	 6.69215E+01	 6.42649E+01
 7.80000E-01	 6.69215E+01	 6.42649E+01
 7.80000E-01	 4.27831E+01	 4.11052E+01
 8.40000E-01	 4.27831E+01	 4.11052E+01
 8.40000E-01	 1.90401E+01	 1.83012E+01
 9.20000E-01	 1.90401E+01	 1.83012E+01
 9.20000E-01	 6.07695E+00	 5.84307E+00
 1.00000E+00	 6.07695E+00	 5.84307E+00
 1.00000E+00	 2.50730E-01	 2.41136E-01
 1.20000E+00	 2.50730E-01	 2.41136E-01
 1.20000E+00	 2.10140E-02	 2.02122E-02
 1.40000E+00	 2.10140E-02	 2.02122E-02
 1.40000E+00	 1.05980E-03	 1.01933E-03
 1.60000E+00	 1.05980E-03	 1.01933E-03
 1.60000E+00	 1.47066E-05	 1.41415E-05
 1.80000E+00	 1.47066E-05	 1.41415E-05
 1.80000E+00	 4.05647E-08	 3.89840E-08
 2.00000E+00	 4.05647E-08	 3.89840E-08
 2.00000E+00	 2.67792E-11	 2.57088E-11
 2.30000E+00	 2.67792E-11	 2.57088E-11
 2.30000E+00	 8.53396E-15	 8.17821E-15
 2.60000E+00	 8.53396E-15	 8.17821E-15
 2.60000E+00	 1.48510E-18	 1.41912E-18
 2.90000E+00	 1.48510E-18	 1.41912E-18
 2.90000E+00	 1.37903E-22	 1.31202E-22
 3.30000E+00	 1.37903E-22	 1.31202E-22
 3.30000E+00	 2.63451E-26	 2.49060E-26
 3.70000E+00	 2.63451E-26	 2.49060E-26
 3.70000E+00	 2.02408E-29	 1.89676E-29
 4.10000E+00	 2.02408E-29	 1.89676E-29
 4.10000E+00	 1.84483E-31	 1.70904E-31
 4.50000E+00	 1.84483E-31	 1.70904E-31
 4.50000E+00	 4.61275E-32	 4.21384E-32
 5.00000E+00	 4.61275E-32	 4.21384E-32
 5.00000E+00	 1.15502E-30	 1.03872E-30
 5.50000E+00	 1.15502E-30	 1.03872E-30
 5.50000E+00	 3.69388E-27	 3.27033E-27
 6.00000E+00	 3.69388E-27	 3.27033E-27
 6.00000E+00	 1.05168E-21	 9.18924E-22
 6.70000E+00	 1.05168E-21	 9.18924E-22
 6.70000E+00	 1.12530E-14	 9.75420E-15
 7.40000E+00	 1.12530E-14	 9.75420E-15
 7.40000E+00	 8.09165E-08	 7.00866E-08
 8.20000E+00	 8.09165E-08	 7.00866E-08
 8.20000E+00	 1.77703E+00	 1.55021E+00
 9.00000E+00	 1.77703E+00	 1.55021E+00
 9.00000E+00	 5.39522E+03	 4.77304E+03
 1.00000E+01	 5.39522E+03	 4.77304E+03
 1.00000E+01	 3.32319E+06	 2.99573E+06
 1.10000E+01	 3.32319E+06	 2.99573E+06
 1.10000E+01	 8.85801E+08	 8.15839E+08
 1.20000E+01	 8.85801E+08	 8.15839E+08
 1.20000E+01	 2.06514E+11	 1.94557E+11
 1.30000E+01	 2.06514E+11	 1.94557E+11
 1.30000E+01	 1.43140E+12	 1.36900E+12
 1.40000E+01	 1.43140E+12	 1.36900E+12
 1.40000E+01	 6.99153E+06	 6.58423E+06
 1.50000E+01	 6.99153E+06	 6.58423E+06
 1.50000E+01	 0.00000E+00	 0.00000E+00
 1.60000E+01	 0.00000E+00	 0.00000E+00
 1.60000E+01	 0.00000E+00	 0.00000E+00
 1.70000E+01	 0.00000E+00	 0.00000E+00
 1.70000E+01	 0.00000E+00	 0.00000E+00
 1.80000E+01	 0.00000E+00	 0.00000E+00
 1.80000E+01	 0.00000E+00	 0.00000E+00
 1.90000E+01	 0.00000E+00	 0.00000E+00
 1.90000E+01	 0.00000E+00	 0.00000E+00
 2.00000E+01	 0.00000E+00	 0.00000E+00
 2.00000E+01	 0.00000E+00	 0.00000E+00
 2.10000E+01	 0.00000E+00	 0.00000E+00
 2.10000E+01	 0.00000E+00	 0.00000E+00
 2.20000E+01	 0.00000E+00	 0.00000E+00
 2.20000E+01	 0.00000E+00	 0.00000E+00
 2.30000E+01	 0.00000E+00	 0.00000E+00
 2.30000E+01	 0.00000E+00	 0.00000E+00
 2.40000E+01	 0.00000E+00	 0.00000E+00
 2.40000E+01	 0.00000E+00	 0.00000E+00
 2.50000E+01	 0.00000E+00	 0.00000E+00
 2.50000E+01	 0.00000E+00	 0.00000E+00
 2.60000E+01	 0.00000E+00	 0.00000E+00
 2.60000E+01	 0.00000E+00	 0.00000E+00
 2.70000E+01	 0.00000E+00	 0.00000E+00
 2.70000E+01	 0.00000E+00	 0.00000E+00
 2.80000E+01	 0.00000E+00	 0.00000E+00
 2.80000E+01	 0.00000E+00	 0.00000E+00
 2.90000E+01	 0.00000E+00	 0.00000E+00
 2.90000E+01	 0.00000E+00	 0.00000E+00
 3.00000E+01	 0.00000E+00	 0.00000E+00
 3.00000E+01	 0.00000E+00	 0.00000E+00
 3.10000E+01	 0.00000E+00	 0.00000E+00
 3.10000E+01	 0.00000E+00	 0.00000E+00
 3.20000E+01	 0.00000E+00	 0.00000E+00
 3.20000E+01	 0.00000E+00	 0.00000E+00
 3.30000E+01	 0.00000E+00	 0.00000E+00
 3.30000E+01	 0.00000E+00	 0.00000E+00
 3.40000E+01	 0.00000E+00	 0.00000E+00
 3.40000E+01	 0.00000E+00	 0.00000E+00
 3.50000E+01	 0.00000E+00	 0.00000E+00
 3.50000E+01	 0.00000E+00	 0.00000E+00
 3.60000E+01	 0.00000E+00	 0.00000E+00
 3.60000E+01	 0.00000E+00	 0.00000E+00
 3.70000E+01	 0.00000E+00	 0.00000E+00
 3.70000E+01	 0.00000E+00	 0.00000E+00
 3.80000E+01	 0.00000E+00	 0.00000E+00
 3.80000E+01	 0.00000E+00	 0.00000E+00
 3.90000E+01	 0.00000E+00	 0.00000E+00
 3.90000E+01	 0.00000E+00	 0.00000E+00
 4.00000E+01	 0.00000E+00	 0.00000E+00
 4.00000E+01	 0.00000E+00	 0.00000E+00
 4.10000E+01	 0.00000E+00	 0.00000E+00
 4.10000E+01	 0.00000E+00	 0.00000E+00
 4.20000E+01	 0.00000E+00	 0.00000E+00
 4.20000E+01	 0.00000E+00	 0.00000E+00
 4.30000E+01	 0.00000E+00	 0.00000E+00
 4.30000E+01	 0.00000E+00	 0.00000E+00
 4.40000E+01	 0.00000E+00	 0.00000E+00
 4.40000E+01	 0.00000E+00	 0.00000E+00
 4.50000E+01	 0.00000E+00	 0.00000E+00
 4.50000E+01	 0.00000E+00	 0.00000E+00
 4.60000E+01	 0.00000E+00	 0.00000E+00
 4.60000E+01	 0.00000E+00	 0.00000E+00
 4.70000E+01	 0.00000E+00	 0.00000E+00
 4.70000E+01	 0.00000E+00	 0.00000E+00
 4.80000E+01	 0.00000E+00	 0.00000E+00
 4.80000E+01	 0.00000E+00	 0.00000E+00
 4.90000E+01	 0.00000E+00	 0.00000E+00
 4.90000E+01	 0.00000E+00	 0.00000E+00
 5.00000E+01	 0.00000E+00	 0.00000E+00
 5.00000E+01	 0.00000E+00	 0.00000E+00
 5.10000E+01	 0.00000E+00	 0.00000E+00
 5.10000E+01	 0.00000E+00	 0.00000E+00
 5.20000E+01	 0.00000E+00	 0.00000E+00
 5.20000E+01	 0.00000E+00	 0.00000E+00
 5.30000E+01	 0.00000E+00	 0.00000E+00
 5.30000E+01	 0.00000E+00	 0.00000E+00
 5.40000E+01	 0.00000E+00	 0.00000E+00
 5.40000E+01	 0.00000E+00	 0.00000E+00
 5.50000E+01	 0.00000E+00	 0.00000E+00
 5.50000E+01	 0.00000E+00	 0.00000E+00
 5.60000E+01	 0.00000E+00	 0.00000E+00
 5.60000E+01	 0.00000E+00	 0.00000E+00
 5.70000E+01	 0.00000E+00	 0.00000E+00
 5.70000E+01	 0.00000E+00	 0.00000E+00
 5.80000E+01	 0.00000E+00	 0.00000E+00
 5.80000E+01	 0.00000E+00	 0.00000E+00
 5.90000E+01	 0.00000E+00	 0.00000E+00
 5.90000E+01	 0.00000E+00	 0.00000E+00
 6.00000E+01	 0.00000E+00	 0.00000E+00
