NIF_RUN Passive 18x snout on TANDM 90-348 Pinhole
  140    5    1    0    0  <-- KG    KA    IPNT  IACT  KQT  (5I5)
0.005  9.0  0.03  0.03        <-- ACVX  FCHN  FCVX  FS         (free format)
0.0   0   0  1 1.0  <-- AK1   NORML ILOG  TIME  ACNM (free fmt: R,I,I,R,R)
ZR902    1.706E-12 0.010                       IFX
IN115N   4.881E-13 0.007                       IFX
AU197G   8.079E-14 0.010            AUNG 3.937 IFX
IN115G   1.161E-13 0.020            INNG 39.37 IFX
AU1972   1.218E-11 0.053                       IFX
Flux Uncertainty 
   7                          <-- NGP  (I4)
 1E-11 1E-7 .5 1 10 13   20.1
 1     1  0.75  0.5 0.2 0.03 0.03
Input Flux Spectrum
 140 0 1.000E+00 0.000E+00 0.000E+00   <-- NGP, ITHERM, TNORM, TMPR, ETE  (2I4, 3F10.4)
3.4336E+14
3.4332E+13
2.3761E+13
1.1432E+13
1.1849E+13
7.8746E+12
5.5544E+12
3.5647E+12
2.3949E+12
1.7312E+12
9.9140E+11
6.4050E+11
4.2781E+11
2.8175E+11
1.6349E+11
1.5926E+11
7.9422E+11
5.8529E+11
9.2195E+11
6.6472E+11
7.2983E+11
8.3518E+11
7.3526E+11
6.4120E+11
5.9116E+11
4.7900E+11
4.2279E+11
3.4838E+11
2.6889E+11
2.2830E+11
1.8466E+11
1.4581E+11
1.3990E+11
1.2924E+11
1.6785E+11
2.1900E+11
2.4815E+11
2.9504E+11
3.1991E+11
3.2675E+11
3.1873E+11
3.2729E+11
3.2450E+11
3.1515E+11
2.9152E+11
2.7182E+11
2.6128E+11
2.3908E+11
2.2878E+11
2.0388E+11
1.8912E+11
1.7810E+11
1.7273E+11
1.6670E+11
1.6956E+11
1.7098E+11
1.7549E+11
1.8604E+11
2.0309E+11
2.1672E+11
2.3709E+11
2.5756E+11
2.8506E+11
3.0750E+11
3.3295E+11
3.4838E+11
3.5624E+11
3.6109E+11
3.6404E+11
3.1750E+11
2.9990E+11
2.5825E+11
2.4585E+11
2.2298E+11
1.6629E+11
1.2875E+11
1.6347E+11
6.9394E+10
5.8416E+10
6.1101E+10
5.8116E+10
5.2491E+10
5.3272E+10
5.6758E+10
6.1687E+10
7.6131E+10
8.2936E+10
8.8412E+10
9.9264E+10
9.9968E+10
7.9182E+10
8.3631E+10
1.0280E+11
1.3044E+12
1.4374E+12
 0.0000E+00 0.0000E+00 0.0000E+00
 0.0000E+00 0.0000E+00 0.0000E+00 0.0000E+00 0.0000E+00 0.0000E+00 0.0000E+00
 0.0000E+00 0.0000E+00 0.0000E+00 0.0000E+00 0.0000E+00 0.0000E+00 0.0000E+00
 0.0000E+00 0.0000E+00 0.0000E+00 0.0000E+00 0.0000E+00 0.0000E+00 0.0000E+00
 0.0000E+00 0.0000E+00 0.0000E+00 0.0000E+00 0.0000E+00 0.0000E+00 0.0000E+00
 0.0000E+00 0.0000E+00 0.0000E+00 0.0000E+00 0.0000E+00 0.0000E+00 0.0000E+00
 0.0000E+00 0.0000E+00 0.0000E+00 0.0000E+00 0.0000E+00 0.0000E+00 0.0000E+00 
  10  13  28  11  8  5  8  7 10 40
