  ENERGY STRUCTURE (NUMBER OF GROUPS =   140)

 1.0000E-10 1.0000E-09 1.0000E-08 2.3000E-08 5.0000E-08 7.6000E-08 1.1500E-07 1.7000E-07 2.5500E-07 3.8000E-07
 5.5000E-07 8.4000E-07 1.2750E-06 1.9000E-06 2.8000E-06 4.2500E-06 6.3000E-06 9.2000E-06 1.3500E-05 2.1000E-05
 3.0000E-05 4.5000E-05 6.9000E-05 1.0000E-04 1.3500E-04 1.7000E-04 2.2000E-04 2.8000E-04 3.6000E-04 4.5000E-04
 5.7500E-04 7.6000E-04 9.6000E-04 1.2750E-03 1.6000E-03 2.0000E-03 2.7000E-03 3.4000E-03 4.5000E-03 5.5000E-03
 7.2000E-03 9.2000E-03 1.2000E-02 1.5000E-02 1.9000E-02 2.5500E-02 3.2000E-02 4.0000E-02 5.2500E-02 6.6000E-02
 8.8000E-02 1.1000E-01 1.3500E-01 1.6000E-01 1.9000E-01 2.2000E-01 2.5500E-01 2.9000E-01 3.2000E-01 3.6000E-01
 4.0000E-01 4.5000E-01 5.0000E-01 5.5000E-01 6.0000E-01 6.6000E-01 7.2000E-01 7.8000E-01 8.4000E-01 9.2000E-01
 1.0000E+00 1.2000E+00 1.4000E+00 1.6000E+00 1.8000E+00 2.0000E+00 2.3000E+00 2.6000E+00 2.9000E+00 3.3000E+00
 3.7000E+00 4.1000E+00 4.5000E+00 5.0000E+00 5.5000E+00 6.0000E+00 6.7000E+00 7.4000E+00 8.2000E+00 9.0000E+00
 1.0000E+01 1.1000E+01 1.2000E+01 1.3000E+01 1.4000E+01 1.5000E+01 1.6000E+01 1.7000E+01 1.8000E+01 1.9000E+01
 2.0000E+01 2.1000E+01 2.2000E+01 2.3000E+01 2.4000E+01 2.5000E+01 2.6000E+01 2.7000E+01 2.8000E+01 2.9000E+01
 3.0000E+01 3.1000E+01 3.2000E+01 3.3000E+01 3.4000E+01 3.5000E+01 3.6000E+01 3.7000E+01 3.8000E+01 3.9000E+01
 4.0000E+01 4.1000E+01 4.2000E+01 4.3000E+01 4.4000E+01 4.5000E+01 4.6000E+01 4.7000E+01 4.8000E+01 4.9000E+01
 5.0000E+01 5.1000E+01 5.2000E+01 5.3000E+01 5.4000E+01 5.5000E+01 5.6000E+01 5.7000E+01 5.8000E+01 5.9000E+01
 6.0000E+01

  SELF SHIELDING

IN115G  INNG  IFX   4.03900E+01   3.59900E+22  ATN = (7.17  × N_a × 0.9571  ) / (114.818)

 9.4379E-02 2.6759E-01 4.6197E-01 5.5078E-01 6.1084E-01 6.5204E-01 6.6826E-01 6.8683E-01 6.9210E-01 6.7552E-01
 6.0608E-01 2.8192E-01 2.2415E-02 6.5969E-01 3.7625E-01 9.5135E-01 2.2940E-01 6.8292E-01 9.9639E-01 5.8692E-01
 4.5988E-01 8.6855E-01 6.6807E-01 8.0477E-01 6.9421E-01 6.3968E-01 6.7563E-01 7.4502E-01 8.2031E-01 8.5084E-01
 9.0207E-01 8.9919E-01 9.1206E-01 9.5357E-01 9.2176E-01 9.7570E-01 9.7873E-01 9.8122E-01 9.8322E-01 9.8478E-01
 9.8632E-01 9.8728E-01 9.8892E-01 9.8966E-01 9.9088E-01 9.9172E-01 9.9259E-01 9.9337E-01 9.9416E-01 9.9486E-01
 9.9551E-01 9.9594E-01 9.9634E-01 9.9663E-01 9.9684E-01 9.9702E-01 9.9717E-01 9.9725E-01 9.9735E-01 9.9742E-01
 9.9747E-01 9.9751E-01 9.9753E-01 9.9753E-01 9.9753E-01 9.9751E-01 9.9749E-01 9.9746E-01 9.9742E-01 9.9738E-01
 9.9731E-01 9.9729E-01 9.9737E-01 9.9758E-01 9.9784E-01 9.9823E-01 9.9860E-01 9.9901E-01 9.9926E-01 9.9973E-01
 1.0000E+00 1.0000E+00 1.0000E+00 1.0000E+00 1.0000E+00 1.0000E+00 1.0000E+00 1.0000E+00 1.0000E+00 1.0000E+00
 1.0000E+00 1.0000E+00 1.0000E+00 1.0000E+00 1.0000E+00 1.0000E+00 1.0000E+00 1.0000E+00 1.0000E+00 1.0000E+00
 1.0000E+00 1.0000E+00 1.0000E+00 1.0000E+00 1.0000E+00 1.0000E+00 1.0000E+00 1.0000E+00 1.0000E+00 1.0000E+00
 1.0000E+00 1.0000E+00 1.0000E+00 1.0000E+00 1.0000E+00 1.0000E+00 1.0000E+00 1.0000E+00 1.0000E+00 1.0000E+00
 1.0000E+00 1.0000E+00 1.0000E+00 1.0000E+00 1.0000E+00 1.0000E+00 1.0000E+00 1.0000E+00 1.0000E+00 1.0000E+00
 1.0000E+00 1.0000E+00 1.0000E+00 1.0000E+00 1.0000E+00 1.0000E+00 1.0000E+00 1.0000E+00 1.0000E+00 1.0000E+00

  SELF SHIELDING

AU197G  AUNG  IFX   3.94000E+00   5.66620E+22  ATN = (18.52 × N_a × 1       ) / (196.966569)

 5.3489E-01 7.6303E-01 8.7163E-01 9.0401E-01 9.2359E-01 9.3666E-01 9.4211E-01 9.4964E-01 9.5553E-01 9.6008E-01
 9.6305E-01 9.6426E-01 9.6169E-01 9.4946E-01 8.3747E-01 1.3493E-01 9.5296E-01 9.9219E-01 9.9772E-01 9.9901E-01
 9.9920E-01 4.8488E-01 7.9188E-01 8.6552E-01 8.3387E-01 8.3983E-01 8.2551E-01 8.1998E-01 8.8254E-01 8.9259E-01
 9.0358E-01 9.2294E-01 9.3995E-01 9.6078E-01 9.6900E-01 9.7496E-01 9.8269E-01 9.8626E-01 9.9397E-01 9.9610E-01
 9.9679E-01 9.9717E-01 9.9777E-01 9.9803E-01 9.9836E-01 9.9849E-01 9.9866E-01 9.9881E-01 9.9894E-01 9.9905E-01
 9.9914E-01 9.9920E-01 9.9924E-01 9.9928E-01 9.9931E-01 9.9934E-01 9.9938E-01 9.9944E-01 9.9965E-01 1.0000E+00
 1.0000E+00 1.0000E+00 1.0000E+00 1.0000E+00 1.0000E+00 1.0000E+00 1.0000E+00 1.0000E+00 1.0000E+00 1.0000E+00
 1.0000E+00 1.0000E+00 1.0000E+00 1.0000E+00 1.0000E+00 1.0000E+00 1.0000E+00 1.0000E+00 1.0000E+00 1.0000E+00
 1.0000E+00 1.0000E+00 1.0000E+00 1.0000E+00 1.0000E+00 1.0000E+00 1.0000E+00 1.0000E+00 1.0000E+00 1.0000E+00
 1.0000E+00 1.0000E+00 1.0000E+00 1.0000E+00 1.0000E+00 1.0000E+00 1.0000E+00 1.0000E+00 1.0000E+00 1.0000E+00
 1.0000E+00 1.0000E+00 1.0000E+00 1.0000E+00 1.0000E+00 1.0000E+00 1.0000E+00 1.0000E+00 1.0000E+00 1.0000E+00
 1.0000E+00 1.0000E+00 1.0000E+00 1.0000E+00 1.0000E+00 1.0000E+00 1.0000E+00 1.0000E+00 1.0000E+00 1.0000E+00
 1.0000E+00 1.0000E+00 1.0000E+00 1.0000E+00 1.0000E+00 1.0000E+00 1.0000E+00 1.0000E+00 1.0000E+00 1.0000E+00
 1.0000E+00 1.0000E+00 1.0000E+00 1.0000E+00 1.0000E+00 1.0000E+00 1.0000E+00 1.0000E+00 1.0000E+00 1.0000E+00
