NIF_RUN Passive 18x snout on TANDM 90-348 Pinhole
  140    5    1    0    0  <-- KG    KA    IPNT  IACT  KQT  (5I5)
0.005  9.0  0.005  0.001        <-- ACVX  FCHN  FCVX  FS         (free format)
0.0   0   0  1 1.0  <-- AK1   NORML ILOG  TIME  ACNM (free fmt: R,I,I,R,R)
ZR902    1.706E-12 0.010                       IFX
IN115N   4.881E-13 0.007                       IFX
AU197G   8.079E-14 0.010            AUNG 3.937 IFX
IN115G   1.161E-13 0.020            INNG 39.37 IFX
AU1972   1.218E-11 0.053                       IFX
Flux Uncertainty 
   4                          <-- NGP  (I4)
 1.00E-11  2 12.99   20.1
 1  0.10 0.05 0.03
Input Flux Spectrum
 140 0 1.000E+00 0.000E+00 0.000E+00   <-- NGP, ITHERM, TNORM, TMPR, ETE  (2I4, 3F10.4)
 0 0 0 0 0 0 0 
 0 0 0 0 0 0 0 
 0 0 0 0 
6.3920E+11
2.7030E+11
6.3755E+10
2.9797E+10
1.7088E+10
1.1025E+10
7.9141E+10
4.0273E+10
2.5392E+10
1.5194E+10
1.1514E+10
7.6793E+09
5.3896E+09
5.7405E+09
4.6915E+10
6.5258E+10
1.4874E+11
1.8387E+10
4.0639E+10
7.0894E+10
1.5568E+11
1.5582E+12
2.0224E+12
2.0128E+12
2.4240E+11
2.1967E+11
1.5382E+11
1.6647E+11
1.4085E+12
9.0550E+11
8.2045E+11
4.8384E+10
4.6104E+10
3.8835E+10
3.7594E+10
3.0873E+11
3.1175E+11
2.7789E+11
2.9841E+10
3.8667E+10
3.3176E+10
3.8851E+10
3.7031E+11
4.4547E+11
5.3768E+11
6.4606E+10
6.3855E+10
7.4247E+10
8.4245E+10
9.2711E+11
7.3592E+11
7.4468E+11
2.8496E+10
2.5637E+10
2.1495E+10
1.6293E+10
1.0407E+11
4.9130E+10
4.2832E+10
3.7723E+09
2.5482E+09
2.3756E+09
2.3144E+09
2.3845E+10
2.1060E+10
2.5134E+10
3.8982E+09
6.2318E+09
1.0986E+10
1.5195E+10
2.2394E+11
2.4906E+11
3.2737E+11
4.0733E+11
2.6863E+11
1.3335E+12
1.4978E+12
 0.0000E+00 0.0000E+00 0.0000E+00
 0.0000E+00 0.0000E+00 0.0000E+00 0.0000E+00 0.0000E+00 0.0000E+00 0.0000E+00
 0.0000E+00 0.0000E+00 0.0000E+00 0.0000E+00 0.0000E+00 0.0000E+00 0.0000E+00
 0.0000E+00 0.0000E+00 0.0000E+00 0.0000E+00 0.0000E+00 0.0000E+00 0.0000E+00
 0.0000E+00 0.0000E+00 0.0000E+00 0.0000E+00 0.0000E+00 0.0000E+00 0.0000E+00
 0.0000E+00 0.0000E+00 0.0000E+00 0.0000E+00 0.0000E+00 0.0000E+00 0.0000E+00
 0.0000E+00 0.0000E+00 0.0000E+00 0.0000E+00 0.0000E+00 0.0000E+00 0.0000E+00 
  10  13  28  11  8  5  8  7 10 40
