   E (MeV)	Unadj. F×Eavg	Adj. F×Eavg
 1.00000E-10	 0.00000E+00	 0.00000E+00
 1.00000E-09	 0.00000E+00	 0.00000E+00
 1.00000E-09	 0.00000E+00	 0.00000E+00
 1.00000E-08	 0.00000E+00	 0.00000E+00
 1.00000E-08	 0.00000E+00	 0.00000E+00
 2.30000E-08	 0.00000E+00	 0.00000E+00
 2.30000E-08	 0.00000E+00	 0.00000E+00
 5.00000E-08	 0.00000E+00	 0.00000E+00
 5.00000E-08	 0.00000E+00	 0.00000E+00
 7.60000E-08	 0.00000E+00	 0.00000E+00
 7.60000E-08	 0.00000E+00	 0.00000E+00
 1.15000E-07	 0.00000E+00	 0.00000E+00
 1.15000E-07	 0.00000E+00	 0.00000E+00
 1.70000E-07	 0.00000E+00	 0.00000E+00
 1.70000E-07	 0.00000E+00	 0.00000E+00
 2.55000E-07	 0.00000E+00	 0.00000E+00
 2.55000E-07	 0.00000E+00	 0.00000E+00
 3.80000E-07	 0.00000E+00	 0.00000E+00
 3.80000E-07	 0.00000E+00	 0.00000E+00
 5.50000E-07	 0.00000E+00	 0.00000E+00
 5.50000E-07	 0.00000E+00	 0.00000E+00
 8.40000E-07	 0.00000E+00	 0.00000E+00
 8.40000E-07	 0.00000E+00	 0.00000E+00
 1.27500E-06	 0.00000E+00	 0.00000E+00
 1.27500E-06	 0.00000E+00	 0.00000E+00
 1.90000E-06	 0.00000E+00	 0.00000E+00
 1.90000E-06	 0.00000E+00	 0.00000E+00
 2.80000E-06	 0.00000E+00	 0.00000E+00
 2.80000E-06	 2.66780E+03	 2.55836E+03
 4.25000E-06	 2.66780E+03	 2.55836E+03
 4.25000E-06	 3.60922E+03	 3.45549E+03
 6.30000E-06	 3.60922E+03	 3.45549E+03
 6.30000E-06	 2.05897E+04	 1.96835E+04
 9.20000E-06	 2.05897E+04	 1.96835E+04
 9.20000E-06	 1.71742E+04	 1.63974E+04
 1.35000E-05	 1.71742E+04	 1.63974E+04
 1.35000E-05	 3.93485E+04	 3.75291E+04
 2.10000E-05	 3.93485E+04	 3.75291E+04
 2.10000E-05	 3.73943E+04	 3.56360E+04
 3.00000E-05	 3.73943E+04	 3.56360E+04
 3.00000E-05	 4.73822E+04	 4.51272E+04
 4.50000E-05	 4.73822E+04	 4.51272E+04
 4.50000E-05	 5.29176E+04	 5.03778E+04
 6.90000E-05	 5.29176E+04	 5.03778E+04
 6.90000E-05	 7.16712E+04	 6.82072E+04
 1.00000E-04	 7.16712E+04	 6.82072E+04
 1.00000E-04	 6.45990E+04	 6.14497E+04
 1.35000E-04	 6.45990E+04	 6.14497E+04
 1.35000E-04	 5.51523E+04	 5.24234E+04
 1.70000E-04	 5.51523E+04	 5.24234E+04
 1.70000E-04	 4.00524E+04	 3.80167E+04
 2.20000E-04	 4.00524E+04	 3.80167E+04
 2.20000E-04	 3.18302E+04	 3.01363E+04
 2.80000E-04	 3.18302E+04	 3.01363E+04
 2.80000E-04	 2.39486E+04	 2.25795E+04
 3.60000E-04	 2.39486E+04	 2.25795E+04
 3.60000E-04	 1.72691E+04	 1.61756E+04
 4.50000E-04	 1.72691E+04	 1.61756E+04
 4.50000E-04	 1.40547E+04	 1.30371E+04
 5.75000E-04	 1.40547E+04	 1.30371E+04
 5.75000E-04	 1.02288E+04	 9.35794E+03
 7.60000E-04	 1.02288E+04	 9.35794E+03
 7.60000E-04	 2.64189E+04	 2.37233E+04
 9.60000E-04	 2.64189E+04	 2.37233E+04
 9.60000E-04	 4.20740E+04	 3.68951E+04
 1.27500E-03	 4.20740E+04	 3.68951E+04
 1.27500E-03	 5.42819E+04	 4.63013E+04
 1.60000E-03	 5.42819E+04	 4.63013E+04
 1.60000E-03	 7.19516E+04	 5.96957E+04
 2.00000E-03	 7.19516E+04	 5.96957E+04
 2.00000E-03	 1.14272E+05	 9.30732E+04
 2.70000E-03	 1.14272E+05	 9.30732E+04
 2.70000E-03	 2.15475E+05	 1.77182E+05
 3.40000E-03	 2.15475E+05	 1.77182E+05
 3.40000E-03	 6.28889E+05	 5.62732E+05
 4.50000E-03	 6.28889E+05	 5.62732E+05
 4.50000E-03	 1.31212E+06	 1.05888E+06
 5.50000E-03	 1.31212E+06	 1.05888E+06
 5.50000E-03	 2.60734E+06	 1.84716E+06
 7.20000E-03	 2.60734E+06	 1.84716E+06
 7.20000E-03	 5.70798E+06	 3.80231E+06
 9.20000E-03	 5.70798E+06	 3.80231E+06
 9.20000E-03	 3.49181E+07	 2.42508E+07
 1.20000E-02	 3.49181E+07	 2.42508E+07
 1.20000E-02	 2.33497E+08	 1.84818E+08
 1.50000E-02	 2.33497E+08	 1.84818E+08
 1.50000E-02	 1.19104E+09	 1.12665E+09
 1.90000E-02	 1.19104E+09	 1.12665E+09
 1.90000E-02	 4.45269E+09	 4.09606E+09
 2.55000E-02	 4.45269E+09	 4.09606E+09
 2.55000E-02	 2.12502E+10	 2.03733E+10
 3.20000E-02	 2.12502E+10	 2.03733E+10
 3.20000E-02	 4.24132E+10	 4.06407E+10
 4.00000E-02	 4.24132E+10	 4.06407E+10
 4.00000E-02	 5.44293E+10	 5.22259E+10
 5.25000E-02	 5.44293E+10	 5.22259E+10
 5.25000E-02	 4.55106E+10	 4.38855E+10
 6.60000E-02	 4.55106E+10	 4.38855E+10
 6.60000E-02	 6.91577E+09	 6.51958E+09
 8.80000E-02	 6.91577E+09	 6.51958E+09
 8.80000E-02	 9.03226E+08	 7.50693E+08
 1.10000E-01	 9.03226E+08	 7.50693E+08
 1.10000E-01	 1.58491E+08	 1.16502E+08
 1.35000E-01	 1.58491E+08	 1.16502E+08
 1.35000E-01	 3.77919E+07	 2.62134E+07
 1.60000E-01	 3.77919E+07	 2.62134E+07
 1.60000E-01	 1.25336E+07	 9.03461E+06
 1.90000E-01	 1.25336E+07	 9.03461E+06
 1.90000E-01	 6.08060E+06	 4.91319E+06
 2.20000E-01	 6.08060E+06	 4.91319E+06
 2.20000E-01	 3.84430E+06	 3.48631E+06
 2.55000E-01	 3.84430E+06	 3.48631E+06
 2.55000E-01	 2.62647E+06	 2.18642E+06
 2.90000E-01	 2.62647E+06	 2.18642E+06
 2.90000E-01	 2.88718E+06	 2.39505E+06
 3.20000E-01	 2.88718E+06	 2.39505E+06
 3.20000E-01	 4.64075E+06	 3.95678E+06
 3.60000E-01	 4.64075E+06	 3.95678E+06
 3.60000E-01	 9.39135E+06	 8.31460E+06
 4.00000E-01	 9.39135E+06	 8.31460E+06
 4.00000E-01	 2.26355E+07	 2.08015E+07
 4.50000E-01	 2.26355E+07	 2.08015E+07
 4.50000E-01	 5.73115E+07	 5.43906E+07
 5.00000E-01	 5.73115E+07	 5.43906E+07
 5.00000E-01	 1.40432E+08	 1.36735E+08
 5.50000E-01	 1.40432E+08	 1.36735E+08
 5.50000E-01	 2.91444E+08	 2.89268E+08
 6.00000E-01	 2.91444E+08	 2.89268E+08
 6.00000E-01	 4.78883E+08	 4.81751E+08
 6.60000E-01	 4.78883E+08	 4.81751E+08
 6.60000E-01	 4.73927E+08	 4.80894E+08
 7.20000E-01	 4.73927E+08	 4.80894E+08
 7.20000E-01	 7.33076E+07	 7.47341E+07
 7.80000E-01	 7.33076E+07	 7.47341E+07
 7.80000E-01	 5.01292E+06	 5.11835E+06
 8.40000E-01	 5.01292E+06	 5.11835E+06
 8.40000E-01	 1.42822E+05	 1.45703E+05
 9.20000E-01	 1.42822E+05	 1.45703E+05
 9.20000E-01	 1.86105E+03	 1.89369E+03
 1.00000E+00	 1.86105E+03	 1.89369E+03
 1.00000E+00	 1.67597E+01	 1.69904E+01
 1.20000E+00	 1.67597E+01	 1.69904E+01
 1.20000E+00	 9.69906E-02	 9.79030E-02
 1.40000E+00	 9.69906E-02	 9.79030E-02
 1.40000E+00	 4.28814E-04	 4.30937E-04
 1.60000E+00	 4.28814E-04	 4.30937E-04
 1.60000E+00	 9.60755E-07	 9.61528E-07
 1.80000E+00	 9.60755E-07	 9.61528E-07
 1.80000E+00	 5.13352E-09	 5.11980E-09
 2.00000E+00	 5.13352E-09	 5.11980E-09
 2.00000E+00	 5.37956E-11	 5.35155E-11
 2.30000E+00	 5.37956E-11	 5.35155E-11
 2.30000E+00	 2.36264E-12	 2.34715E-12
 2.60000E+00	 2.36264E-12	 2.34715E-12
 2.60000E+00	 1.14968E-13	 1.14217E-13
 2.90000E+00	 1.14968E-13	 1.14217E-13
 2.90000E+00	 4.13930E-14	 4.11847E-14
 3.30000E+00	 4.13930E-14	 4.11847E-14
 3.30000E+00	 1.30738E-13	 1.30470E-13
 3.70000E+00	 1.30738E-13	 1.30470E-13
 3.70000E+00	 2.55588E-12	 2.56147E-12
 4.10000E+00	 2.55588E-12	 2.56147E-12
 4.10000E+00	 3.44465E-10	 3.46938E-10
 4.50000E+00	 3.44465E-10	 3.46938E-10
 4.50000E+00	 3.84369E-07	 3.89000E-07
 5.00000E+00	 3.84369E-07	 3.89000E-07
 5.00000E+00	 1.70553E-03	 1.73207E-03
 5.50000E+00	 1.70553E-03	 1.73207E-03
 5.50000E+00	 2.63297E+01	 2.67611E+01
 6.00000E+00	 2.63297E+01	 2.67611E+01
 6.00000E+00	 2.15038E+04	 2.17946E+04
 6.70000E+00	 2.15038E+04	 2.17946E+04
 6.70000E+00	 9.81863E+04	 9.88600E+04
 7.40000E+00	 9.81863E+04	 9.88600E+04
 7.40000E+00	 4.40990E+05	 4.39820E+05
 8.20000E+00	 4.40990E+05	 4.39820E+05
 8.20000E+00	 3.39097E+06	 3.34517E+06
 9.00000E+00	 3.39097E+06	 3.34517E+06
 9.00000E+00	 4.55723E+07	 4.46699E+07
 1.00000E+01	 4.55723E+07	 4.46699E+07
 1.00000E+01	 9.22886E+08	 9.06074E+08
 1.10000E+01	 9.22886E+08	 9.06074E+08
 1.10000E+01	 2.40135E+10	 2.35245E+10
 1.20000E+01	 2.40135E+10	 2.35245E+10
 1.20000E+01	 1.70629E+11	 1.66660E+11
 1.30000E+01	 1.70629E+11	 1.66660E+11
 1.30000E+01	 1.45074E+12	 1.41808E+12
 1.40000E+01	 1.45074E+12	 1.41808E+12
 1.40000E+01	 1.38926E+08	 1.35882E+08
 1.50000E+01	 1.38926E+08	 1.35882E+08
 1.50000E+01	 0.00000E+00	 0.00000E+00
 1.60000E+01	 0.00000E+00	 0.00000E+00
 1.60000E+01	 0.00000E+00	 0.00000E+00
 1.70000E+01	 0.00000E+00	 0.00000E+00
 1.70000E+01	 0.00000E+00	 0.00000E+00
 1.80000E+01	 0.00000E+00	 0.00000E+00
 1.80000E+01	 0.00000E+00	 0.00000E+00
 1.90000E+01	 0.00000E+00	 0.00000E+00
 1.90000E+01	 0.00000E+00	 0.00000E+00
 2.00000E+01	 0.00000E+00	 0.00000E+00
 2.00000E+01	 0.00000E+00	 0.00000E+00
 2.10000E+01	 0.00000E+00	 0.00000E+00
 2.10000E+01	 0.00000E+00	 0.00000E+00
 2.20000E+01	 0.00000E+00	 0.00000E+00
 2.20000E+01	 0.00000E+00	 0.00000E+00
 2.30000E+01	 0.00000E+00	 0.00000E+00
 2.30000E+01	 0.00000E+00	 0.00000E+00
 2.40000E+01	 0.00000E+00	 0.00000E+00
 2.40000E+01	 0.00000E+00	 0.00000E+00
 2.50000E+01	 0.00000E+00	 0.00000E+00
 2.50000E+01	 0.00000E+00	 0.00000E+00
 2.60000E+01	 0.00000E+00	 0.00000E+00
 2.60000E+01	 0.00000E+00	 0.00000E+00
 2.70000E+01	 0.00000E+00	 0.00000E+00
 2.70000E+01	 0.00000E+00	 0.00000E+00
 2.80000E+01	 0.00000E+00	 0.00000E+00
 2.80000E+01	 0.00000E+00	 0.00000E+00
 2.90000E+01	 0.00000E+00	 0.00000E+00
 2.90000E+01	 0.00000E+00	 0.00000E+00
 3.00000E+01	 0.00000E+00	 0.00000E+00
 3.00000E+01	 0.00000E+00	 0.00000E+00
 3.10000E+01	 0.00000E+00	 0.00000E+00
 3.10000E+01	 0.00000E+00	 0.00000E+00
 3.20000E+01	 0.00000E+00	 0.00000E+00
 3.20000E+01	 0.00000E+00	 0.00000E+00
 3.30000E+01	 0.00000E+00	 0.00000E+00
 3.30000E+01	 0.00000E+00	 0.00000E+00
 3.40000E+01	 0.00000E+00	 0.00000E+00
 3.40000E+01	 0.00000E+00	 0.00000E+00
 3.50000E+01	 0.00000E+00	 0.00000E+00
 3.50000E+01	 0.00000E+00	 0.00000E+00
 3.60000E+01	 0.00000E+00	 0.00000E+00
 3.60000E+01	 0.00000E+00	 0.00000E+00
 3.70000E+01	 0.00000E+00	 0.00000E+00
 3.70000E+01	 0.00000E+00	 0.00000E+00
 3.80000E+01	 0.00000E+00	 0.00000E+00
 3.80000E+01	 0.00000E+00	 0.00000E+00
 3.90000E+01	 0.00000E+00	 0.00000E+00
 3.90000E+01	 0.00000E+00	 0.00000E+00
 4.00000E+01	 0.00000E+00	 0.00000E+00
 4.00000E+01	 0.00000E+00	 0.00000E+00
 4.10000E+01	 0.00000E+00	 0.00000E+00
 4.10000E+01	 0.00000E+00	 0.00000E+00
 4.20000E+01	 0.00000E+00	 0.00000E+00
 4.20000E+01	 0.00000E+00	 0.00000E+00
 4.30000E+01	 0.00000E+00	 0.00000E+00
 4.30000E+01	 0.00000E+00	 0.00000E+00
 4.40000E+01	 0.00000E+00	 0.00000E+00
 4.40000E+01	 0.00000E+00	 0.00000E+00
 4.50000E+01	 0.00000E+00	 0.00000E+00
 4.50000E+01	 0.00000E+00	 0.00000E+00
 4.60000E+01	 0.00000E+00	 0.00000E+00
 4.60000E+01	 0.00000E+00	 0.00000E+00
 4.70000E+01	 0.00000E+00	 0.00000E+00
 4.70000E+01	 0.00000E+00	 0.00000E+00
 4.80000E+01	 0.00000E+00	 0.00000E+00
 4.80000E+01	 0.00000E+00	 0.00000E+00
 4.90000E+01	 0.00000E+00	 0.00000E+00
 4.90000E+01	 0.00000E+00	 0.00000E+00
 5.00000E+01	 0.00000E+00	 0.00000E+00
 5.00000E+01	 0.00000E+00	 0.00000E+00
 5.10000E+01	 0.00000E+00	 0.00000E+00
 5.10000E+01	 0.00000E+00	 0.00000E+00
 5.20000E+01	 0.00000E+00	 0.00000E+00
 5.20000E+01	 0.00000E+00	 0.00000E+00
 5.30000E+01	 0.00000E+00	 0.00000E+00
 5.30000E+01	 0.00000E+00	 0.00000E+00
 5.40000E+01	 0.00000E+00	 0.00000E+00
 5.40000E+01	 0.00000E+00	 0.00000E+00
 5.50000E+01	 0.00000E+00	 0.00000E+00
 5.50000E+01	 0.00000E+00	 0.00000E+00
 5.60000E+01	 0.00000E+00	 0.00000E+00
 5.60000E+01	 0.00000E+00	 0.00000E+00
 5.70000E+01	 0.00000E+00	 0.00000E+00
 5.70000E+01	 0.00000E+00	 0.00000E+00
 5.80000E+01	 0.00000E+00	 0.00000E+00
 5.80000E+01	 0.00000E+00	 0.00000E+00
 5.90000E+01	 0.00000E+00	 0.00000E+00
 5.90000E+01	 0.00000E+00	 0.00000E+00
 6.00000E+01	 0.00000E+00	 0.00000E+00
