  ENERGY STRUCTURE (NUMBER OF GROUPS =   140)

 1.0000E-10 1.0000E-09 1.0000E-08 2.3000E-08 5.0000E-08 7.6000E-08 1.1500E-07 1.7000E-07 2.5500E-07 3.8000E-07
 5.5000E-07 8.4000E-07 1.2750E-06 1.9000E-06 2.8000E-06 4.2500E-06 6.3000E-06 9.2000E-06 1.3500E-05 2.1000E-05
 3.0000E-05 4.5000E-05 6.9000E-05 1.0000E-04 1.3500E-04 1.7000E-04 2.2000E-04 2.8000E-04 3.6000E-04 4.5000E-04
 5.7500E-04 7.6000E-04 9.6000E-04 1.2750E-03 1.6000E-03 2.0000E-03 2.7000E-03 3.4000E-03 4.5000E-03 5.5000E-03
 7.2000E-03 9.2000E-03 1.2000E-02 1.5000E-02 1.9000E-02 2.5500E-02 3.2000E-02 4.0000E-02 5.2500E-02 6.6000E-02
 8.8000E-02 1.1000E-01 1.3500E-01 1.6000E-01 1.9000E-01 2.2000E-01 2.5500E-01 2.9000E-01 3.2000E-01 3.6000E-01
 4.0000E-01 4.5000E-01 5.0000E-01 5.5000E-01 6.0000E-01 6.6000E-01 7.2000E-01 7.8000E-01 8.4000E-01 9.2000E-01
 1.0000E+00 1.2000E+00 1.4000E+00 1.6000E+00 1.8000E+00 2.0000E+00 2.3000E+00 2.6000E+00 2.9000E+00 3.3000E+00
 3.7000E+00 4.1000E+00 4.5000E+00 5.0000E+00 5.5000E+00 6.0000E+00 6.7000E+00 7.4000E+00 8.2000E+00 9.0000E+00
 1.0000E+01 1.1000E+01 1.2000E+01 1.3000E+01 1.4000E+01 1.5000E+01 1.6000E+01 1.7000E+01 1.8000E+01 1.9000E+01
 2.0000E+01 2.1000E+01 2.2000E+01 2.3000E+01 2.4000E+01 2.5000E+01 2.6000E+01 2.7000E+01 2.8000E+01 2.9000E+01
 3.0000E+01 3.1000E+01 3.2000E+01 3.3000E+01 3.4000E+01 3.5000E+01 3.6000E+01 3.7000E+01 3.8000E+01 3.9000E+01
 4.0000E+01 4.1000E+01 4.2000E+01 4.3000E+01 4.4000E+01 4.5000E+01 4.6000E+01 4.7000E+01 4.8000E+01 4.9000E+01
 5.0000E+01 5.1000E+01 5.2000E+01 5.3000E+01 5.4000E+01 5.5000E+01 5.6000E+01 5.7000E+01 5.8000E+01 5.9000E+01
 6.0000E+01

  SELF SHIELDING

IN115G  INNG  IFX   3.93700E+01   3.83406E+22  ATN = (7.31 × N_a × 1      ) / (114.818)

 9.0954E-02 2.5992E-01 4.5283E-01 5.4204E-01 6.0265E-01 6.4435E-01 6.6079E-01 6.7964E-01 6.8499E-01 6.6816E-01
 5.9787E-01 2.7465E-01 2.1651E-02 6.5245E-01 3.6930E-01 9.4989E-01 2.2393E-01 6.7688E-01 9.9627E-01 5.7916E-01
 4.5180E-01 8.6501E-01 6.6137E-01 7.9991E-01 6.8784E-01 6.3251E-01 6.6882E-01 7.3925E-01 8.1582E-01 8.4696E-01
 8.9941E-01 8.9641E-01 9.0958E-01 9.5218E-01 9.1953E-01 9.7493E-01 9.7806E-01 9.8062E-01 9.8268E-01 9.8429E-01
 9.8588E-01 9.8687E-01 9.8856E-01 9.8933E-01 9.9058E-01 9.9145E-01 9.9235E-01 9.9315E-01 9.9397E-01 9.9468E-01
 9.9536E-01 9.9581E-01 9.9622E-01 9.9652E-01 9.9673E-01 9.9692E-01 9.9708E-01 9.9716E-01 9.9726E-01 9.9733E-01
 9.9738E-01 9.9742E-01 9.9744E-01 9.9745E-01 9.9744E-01 9.9743E-01 9.9741E-01 9.9738E-01 9.9733E-01 9.9729E-01
 9.9722E-01 9.9720E-01 9.9729E-01 9.9749E-01 9.9777E-01 9.9817E-01 9.9855E-01 9.9898E-01 9.9924E-01 9.9972E-01
 1.0000E+00 1.0000E+00 1.0000E+00 1.0000E+00 1.0000E+00 1.0000E+00 1.0000E+00 1.0000E+00 1.0000E+00 1.0000E+00
 1.0000E+00 1.0000E+00 1.0000E+00 1.0000E+00 1.0000E+00 1.0000E+00 1.0000E+00 1.0000E+00 1.0000E+00 1.0000E+00
 1.0000E+00 1.0000E+00 1.0000E+00 1.0000E+00 1.0000E+00 1.0000E+00 1.0000E+00 1.0000E+00 1.0000E+00 1.0000E+00
 1.0000E+00 1.0000E+00 1.0000E+00 1.0000E+00 1.0000E+00 1.0000E+00 1.0000E+00 1.0000E+00 1.0000E+00 1.0000E+00
 1.0000E+00 1.0000E+00 1.0000E+00 1.0000E+00 1.0000E+00 1.0000E+00 1.0000E+00 1.0000E+00 1.0000E+00 1.0000E+00
 1.0000E+00 1.0000E+00 1.0000E+00 1.0000E+00 1.0000E+00 1.0000E+00 1.0000E+00 1.0000E+00 1.0000E+00 1.0000E+00

  SELF SHIELDING

AU197G  AUNG  IFX   3.93700E+00   5.90087E+22  ATN = (19.3 × N_a × 1      ) / (196.966569)

 5.2572E-01 7.5686E-01 8.6787E-01 9.0110E-01 9.2122E-01 9.3466E-01 9.4027E-01 9.4803E-01 9.5410E-01 9.5878E-01
 9.6184E-01 9.6309E-01 9.6044E-01 9.4784E-01 8.3297E-01 1.3140E-01 9.5146E-01 9.9192E-01 9.9764E-01 9.9897E-01
 9.9917E-01 4.7695E-01 7.8648E-01 8.6171E-01 8.2935E-01 8.3541E-01 8.2082E-01 8.1520E-01 8.7915E-01 8.8949E-01
 9.0072E-01 9.2060E-01 9.3809E-01 9.5952E-01 9.6799E-01 9.7413E-01 9.8211E-01 9.8579E-01 9.9376E-01 9.9596E-01
 9.9668E-01 9.9707E-01 9.9769E-01 9.9796E-01 9.9830E-01 9.9844E-01 9.9861E-01 9.9877E-01 9.9890E-01 9.9902E-01
 9.9911E-01 9.9917E-01 9.9922E-01 9.9925E-01 9.9928E-01 9.9931E-01 9.9936E-01 9.9942E-01 9.9947E-01 9.9987E-01
 1.0000E+00 1.0000E+00 1.0000E+00 1.0000E+00 1.0000E+00 1.0000E+00 1.0000E+00 1.0000E+00 1.0000E+00 1.0000E+00
 1.0000E+00 1.0000E+00 1.0000E+00 1.0000E+00 1.0000E+00 1.0000E+00 1.0000E+00 1.0000E+00 1.0000E+00 1.0000E+00
 1.0000E+00 1.0000E+00 1.0000E+00 1.0000E+00 1.0000E+00 1.0000E+00 1.0000E+00 1.0000E+00 1.0000E+00 1.0000E+00
 1.0000E+00 1.0000E+00 1.0000E+00 1.0000E+00 1.0000E+00 1.0000E+00 1.0000E+00 1.0000E+00 1.0000E+00 1.0000E+00
 1.0000E+00 1.0000E+00 1.0000E+00 1.0000E+00 1.0000E+00 1.0000E+00 1.0000E+00 1.0000E+00 1.0000E+00 1.0000E+00
 1.0000E+00 1.0000E+00 1.0000E+00 1.0000E+00 1.0000E+00 1.0000E+00 1.0000E+00 1.0000E+00 1.0000E+00 1.0000E+00
 1.0000E+00 1.0000E+00 1.0000E+00 1.0000E+00 1.0000E+00 1.0000E+00 1.0000E+00 1.0000E+00 1.0000E+00 1.0000E+00
 1.0000E+00 1.0000E+00 1.0000E+00 1.0000E+00 1.0000E+00 1.0000E+00 1.0000E+00 1.0000E+00 1.0000E+00 1.0000E+00
