NIF_RUN Passive 18x snout on TANDM 90-348 Pinhole
  140    6    1    0    1  <-- KG    KA    IPNT  IACT  KQT  (5I5)
0.005  9.0  0.03  0.001       <-- ACVX  FCHN  FCVX  FS         (free format)
0.0   0   0  1 1.0  <-- AK1   NORML ILOG  TIME  ACNM (free fmt: R,I,I,R,R)
ZR902    4.147E-14 0.011                       IFX
IN115N   1.039E-14 0.012                       IFX
AU197G   2.386E-14 0.012            AUNG 3.937 IFX
IN115G   3.612E-14 0.028            INNG 39.37 IFX
AU1972   2.606E-13 0.012                       IFX
Al27A    1.501E-14 0.012                       IFX
Flux Uncertainty 
 140                          <-- NGP  (I4)
 0.0000e+00
 0.0000e+00
 0.0000e+00
 0.0000e+00
 0.0000e+00
 0.0000e+00
 0.0000e+00
 0.0000e+00
 0.0000e+00
 0.0000e+00
 0.0000e+00
 0.0000e+00
 0.0000e+00
 0.0000e+00
 9.9940e-01
 9.9940e-01
 9.9940e-01
 9.9940e-01
 9.9940e-01
 9.9940e-01
 9.9940e-01
 9.9940e-01
 9.9940e-01
 9.9940e-01
 9.9940e-01
 9.9940e-01
 9.9940e-01
 9.9940e-01
 9.9940e-01
 9.9940e-01
 9.9940e-01
 9.9940e-01
 9.9940e-01
 9.9940e-01
 9.9930e-01
 9.9930e-01
 9.9930e-01
 9.9930e-01
 9.9930e-01
 9.9930e-01
 9.9930e-01
 9.9930e-01
 9.9930e-01
 9.9920e-01
 9.9890e-01
 9.9830e-01
 9.9700e-01
 9.9470e-01
 9.9000e-01
 9.8160e-01
 9.6730e-01
 9.4350e-01
 9.0660e-01
 8.5250e-01
 7.7810e-01
 6.8250e-01
 5.6830e-01
 4.4250e-01
 3.1570e-01
 2.0010e-01
 1.0650e-01
 4.1100e-02
 1.1300e-02
 1.1100e-02
 2.4800e-02
 7.8800e-02
 1.6260e-01
 2.7110e-01
 3.9510e-01
 5.2250e-01
 6.4190e-01
 7.4490e-01
 8.2710e-01
 8.8820e-01
 9.3070e-01
 9.5790e-01
 9.7310e-01
 9.7910e-01
 9.7690e-01
 9.6640e-01
 9.4600e-01
 9.1330e-01
 8.6570e-01
 8.0090e-01
 7.1850e-01
 6.2060e-01
 5.1210e-01
 4.0050e-01
 2.9410e-01
 2.0000e-01
 1.2270e-01
 6.2000e-02
 1.6300e-02
 9.3000e-03
 2.4300e-02
 7.0900e-02
 0.00
 0.00
 0.00
 0.00
 0.00
 0.00
 0.00
 0.00
 0.00
 0.00
 0.00
 0.00
 0.00
 0.00
 0.00
 0.00
 0.00
 0.00
 0.00
 0.00
 0.00
 0.00
 0.00
 0.00
 0.00
 0.00
 0.00
 0.00
 0.00
 0.00
 0.00
 0.00
 0.00
 0.00
 0.00
 0.00
 0.00
 0.00
 0.00
 0.00
 0.00
 0.00
 0.00
 0.00
Input Flux Spectrum
 140 0 1.000E+00 0.000E+00 0.000E+00   <-- NGP, ITHERM, TNORM, TMPR, ETE  (2I4, 3F10.4)
 0.0000e+00
 0.0000e+00
 0.0000e+00
 0.0000e+00
 0.0000e+00
 0.0000e+00
 0.0000e+00
 0.0000e+00
 0.0000e+00
 0.0000e+00
 0.0000e+00
 0.0000e+00
 0.0000e+00
 0.0000e+00
 9.1865e-04
 9.0487e-04
 9.0402e-04
 9.1405e-04
 9.3217e-04
 9.6066e-04
 9.9207e-04
 1.0146e-03
 1.0338e-03
 1.0375e-03
 1.0253e-03
 9.8035e-04
 9.2406e-04
 8.4512e-04
 7.5670e-04
 6.6965e-04
 5.9180e-04
 5.3136e-04
 4.9657e-04
 4.9215e-04
 5.2920e-04
 6.3997e-04
 8.8046e-04
 1.3584e-03
 4.2090e-01
 7.5647e-01
 8.0216e+00
 7.1960e+00
 2.0583e+01
 1.2938e+02
 4.7026e+02
 4.1007e+02
 2.4786e+01
 3.0924e+01
 1.0912e+01
 1.5327e+00
 1.3100e-01
 2.7035e-02
 2.2400e-03
 4.0860e-03
 1.1591e-02
 1.7942e-01
 7.2432e+00
 2.2173e+02
 6.7988e+04
 1.1190e+07
 5.2185e+08
 1.3179e+10
 5.9030e+10
 8.6560e+10
 3.8052e+10
 2.0342e+09
 3.9814e+07
 1.1288e+05
 4.4861e+02
 1.4479e+00
 9.8902e-03
 3.1488e-05
 6.4000e-08
 2.8794e-10
 1.0081e-12
 1.1990e-14
 1.0543e-16
 1.6175e-18
 1.7008e-20
 2.6444e-22
 1.0329e-23
 1.3153e-24
 5.8555e-24
 4.1915e-23
 4.4669e-21
 6.9042e-18
 8.3405e-14
 4.5265e-09
 8.1352e-04
 2.9818e+01
 1.6589e+05
 1.9754e+08
 3.0707e+10
 8.6833e+10
 3.7888e+09
 2.1219e+04
 0.00E+00
 0.00E+00
 0.00E+00
 0.00E+00
 0.00E+00
 0.00E+00
 0.00E+00
 0.00E+00
 0.00E+00
 0.00E+00
 0.00E+00
 0.00E+00
 0.00E+00
 0.00E+00
 0.00E+00
 0.00E+00
 0.00E+00
 0.00E+00
 0.00E+00
 0.00E+00
 0.00E+00
 0.00E+00
 0.00E+00
 0.00E+00
 0.00E+00
 0.00E+00
 0.00E+00
 0.00E+00
 0.00E+00
 0.00E+00
 0.00E+00
 0.00E+00
 0.00E+00
 0.00E+00
 0.00E+00
 0.00E+00
 0.00E+00
 0.00E+00
 0.00E+00
 0.00E+00
 0.00E+00
 0.00E+00
 0.00E+00
 0.00E+00
  10  13  28  11  8  5  8  7 10 40
