NIF_RUN Passive 18x snout on TANDM 90-348 Pinhole
  140    5    1    0    0  <-- KG    KA    IPNT  IACT  KQT  (5I5)
0.005  9.0  0.005  0.001        <-- ACVX  FCHN  FCVX  FS         (free format)
0.0   0   0  1 1.0  <-- AK1   NORML ILOG  TIME  ACNM (free fmt: R,I,I,R,R)
ZR902    1.706E-12 0.010                       IFX
IN115N   4.881E-13 0.007                       IFX
AU197G   8.079E-14 0.010            AUNG 3.937 IFX
IN115G   1.161E-13 0.020            INNG 39.37 IFX
AU1972   1.218E-11 0.053                       IFX
Flux Uncertainty 
   7                          <-- NGP  (I4)
 1.00E-11  5.5000E-07 1.0000E-04  1.0000E+01 13 14 20.1
 0.04  0.04 0.03 0.03 0.0075 0.0075 0.0075
Input Flux Spectrum
 140 0 1.000E+00 0.000E+00 0.000E+00   <-- NGP, ITHERM, TNORM, TMPR, ETE  (2I4, 3F10.4)
 0 0 0 0 0 0 0 
 0 0 0 0 0 0 0 
 0 0 0 0 
5.2703E+11
2.2246E+11
5.2365E+10
2.4416E+10
1.3961E+10
8.9765E+09
6.4160E+10
3.2482E+10
2.0357E+10
1.2096E+10
9.0933E+09
6.0114E+09
4.1797E+09
4.4091E+09
3.5694E+10
4.9219E+10
1.1133E+11
1.3694E+10
3.0197E+10
5.2725E+10
1.1627E+11
1.1727E+12
1.5388E+12
1.5524E+12
1.8980E+11
1.7477E+11
1.2433E+11
1.3660E+11
1.1714E+12
7.6203E+11
6.9752E+11
4.1503E+10
3.9877E+10
3.3882E+10
3.3134E+10
2.7555E+11
2.8270E+11
2.5717E+11
2.8317E+10
3.7812E+10
3.3591E+10
4.0889E+10
4.0624E+11
5.1000E+11
6.4216E+11
8.0301E+10
8.2227E+10
9.8411E+10
1.1401E+11
1.2694E+12
1.0087E+12
1.0108E+12
3.7863E+10
3.2991E+10
2.6573E+10
1.9215E+10
1.1642E+11
5.1823E+10
4.2487E+10
3.5243E+09
2.2481E+09
1.9879E+09
1.8472E+09
1.8285E+10
1.5654E+10
1.8298E+10
2.8109E+09
4.5072E+09
8.0685E+09
1.1462E+10
1.7515E+11
2.0342E+11
2.8120E+11
3.6867E+11
2.5851E+11
1.3309E+12
1.4891E+12
 0.0000E+00 0.0000E+00 0.0000E+00
 0.0000E+00 0.0000E+00 0.0000E+00 0.0000E+00 0.0000E+00 0.0000E+00 0.0000E+00
 0.0000E+00 0.0000E+00 0.0000E+00 0.0000E+00 0.0000E+00 0.0000E+00 0.0000E+00
 0.0000E+00 0.0000E+00 0.0000E+00 0.0000E+00 0.0000E+00 0.0000E+00 0.0000E+00
 0.0000E+00 0.0000E+00 0.0000E+00 0.0000E+00 0.0000E+00 0.0000E+00 0.0000E+00
 0.0000E+00 0.0000E+00 0.0000E+00 0.0000E+00 0.0000E+00 0.0000E+00 0.0000E+00
 0.0000E+00 0.0000E+00 0.0000E+00 0.0000E+00 0.0000E+00 0.0000E+00 0.0000E+00 
  10  13  28  11  8  5  8  7 10 40
