   E (MeV)	Unadj. F×Eavg	Adj. F×Eavg
 1.00000E-10	 0.00000E+00	 0.00000E+00
 1.00000E-09	 0.00000E+00	 0.00000E+00
 1.00000E-09	 0.00000E+00	 0.00000E+00
 1.00000E-08	 0.00000E+00	 0.00000E+00
 1.00000E-08	 0.00000E+00	 0.00000E+00
 2.30000E-08	 0.00000E+00	 0.00000E+00
 2.30000E-08	 0.00000E+00	 0.00000E+00
 5.00000E-08	 0.00000E+00	 0.00000E+00
 5.00000E-08	 0.00000E+00	 0.00000E+00
 7.60000E-08	 0.00000E+00	 0.00000E+00
 7.60000E-08	 0.00000E+00	 0.00000E+00
 1.15000E-07	 0.00000E+00	 0.00000E+00
 1.15000E-07	 0.00000E+00	 0.00000E+00
 1.70000E-07	 0.00000E+00	 0.00000E+00
 1.70000E-07	 0.00000E+00	 0.00000E+00
 2.55000E-07	 0.00000E+00	 0.00000E+00
 2.55000E-07	 0.00000E+00	 0.00000E+00
 3.80000E-07	 0.00000E+00	 0.00000E+00
 3.80000E-07	 0.00000E+00	 0.00000E+00
 5.50000E-07	 0.00000E+00	 0.00000E+00
 5.50000E-07	 0.00000E+00	 0.00000E+00
 8.40000E-07	 0.00000E+00	 0.00000E+00
 8.40000E-07	 0.00000E+00	 0.00000E+00
 1.27500E-06	 0.00000E+00	 0.00000E+00
 1.27500E-06	 0.00000E+00	 0.00000E+00
 1.90000E-06	 0.00000E+00	 0.00000E+00
 1.90000E-06	 0.00000E+00	 0.00000E+00
 2.80000E-06	 0.00000E+00	 0.00000E+00
 2.80000E-06	 0.00000E+00	 0.00000E+00
 4.25000E-06	 0.00000E+00	 0.00000E+00
 4.25000E-06	 0.00000E+00	 0.00000E+00
 6.30000E-06	 0.00000E+00	 0.00000E+00
 6.30000E-06	 0.00000E+00	 0.00000E+00
 9.20000E-06	 0.00000E+00	 0.00000E+00
 9.20000E-06	 0.00000E+00	 0.00000E+00
 1.35000E-05	 0.00000E+00	 0.00000E+00
 1.35000E-05	 6.09418E+07	 2.73480E+07
 2.10000E-05	 6.09418E+07	 2.73480E+07
 2.10000E-05	 7.50732E+07	 2.41130E+07
 3.00000E-05	 7.50732E+07	 2.41130E+07
 3.00000E-05	 6.62411E+07	 1.28503E+07
 4.50000E-05	 6.62411E+07	 1.28503E+07
 4.50000E-05	 6.29290E+07	 1.05597E+07
 6.90000E-05	 6.29290E+07	 1.05597E+07
 6.90000E-05	 7.22241E+07	 1.04522E+07
 1.00000E-04	 7.22241E+07	 1.04522E+07
 1.00000E-04	 8.89523E+07	 1.10853E+07
 1.35000E-04	 8.89523E+07	 1.10853E+07
 1.35000E-04	 1.15449E+09	 1.24363E+08
 1.70000E-04	 1.15449E+09	 1.24363E+08
 1.70000E-04	 1.03336E+09	 9.78981E+07
 2.20000E-04	 1.03336E+09	 9.78981E+07
 2.20000E-04	 1.10402E+09	 9.48741E+07
 2.80000E-04	 1.10402E+09	 9.48741E+07
 2.80000E-04	 1.05986E+09	 8.60098E+07
 3.60000E-04	 1.05986E+09	 8.60098E+07
 3.60000E-04	 1.19234E+09	 9.59496E+07
 4.50000E-04	 1.19234E+09	 9.59496E+07
 4.50000E-04	 1.08635E+09	 9.17666E+07
 5.75000E-04	 1.08635E+09	 9.17666E+07
 5.75000E-04	 9.56020E+08	 9.04830E+07
 7.60000E-04	 9.56020E+08	 9.04830E+07
 7.60000E-04	 1.13935E+09	 1.28354E+08
 9.60000E-04	 1.13935E+09	 1.28354E+08
 9.60000E-04	 9.39992E+09	 1.33425E+09
 1.27500E-03	 9.39992E+09	 1.33425E+09
 1.27500E-03	 1.17196E+10	 2.19810E+09
 1.60000E-03	 1.17196E+10	 2.19810E+09
 1.60000E-03	 1.19234E+10	 5.48273E+09
 2.00000E-03	 1.19234E+10	 5.48273E+09
 2.00000E-03	 8.89523E+08	 7.06771E+08
 2.70000E-03	 8.89523E+08	 7.06771E+08
 2.70000E-03	 1.15449E+09	 1.30689E+09
 3.40000E-03	 1.15449E+09	 1.30689E+09
 3.40000E-03	 9.51462E+08	 1.38508E+09
 4.50000E-03	 9.51462E+08	 1.38508E+09
 4.50000E-03	 1.32482E+09	 2.32076E+09
 5.50000E-03	 1.32482E+09	 2.32076E+09
 5.50000E-03	 9.89719E+09	 1.98745E+10
 7.20000E-03	 9.89719E+09	 1.98745E+10
 7.20000E-03	 1.08635E+10	 2.40477E+10
 9.20000E-03	 1.08635E+10	 2.40477E+10
 9.20000E-03	 1.00308E+10	 2.37284E+10
 1.20000E-02	 1.00308E+10	 2.37284E+10
 1.20000E-02	 1.19234E+09	 2.93879E+09
 1.50000E-02	 1.19234E+09	 2.93879E+09
 1.50000E-02	 1.12610E+09	 2.83206E+09
 1.90000E-02	 1.12610E+09	 2.83206E+09
 1.90000E-02	 9.06993E+08	 2.28200E+09
 2.55000E-02	 9.06993E+08	 2.28200E+09
 2.55000E-02	 1.17196E+09	 2.90751E+09
 3.20000E-02	 1.17196E+09	 2.90751E+09
 3.20000E-02	 1.19234E+10	 2.88849E+10
 4.00000E-02	 1.19234E+10	 2.88849E+10
 4.00000E-02	 9.80368E+09	 2.29788E+10
 5.25000E-02	 9.80368E+09	 2.29788E+10
 5.25000E-02	 1.16290E+10	 2.62417E+10
 6.60000E-02	 1.16290E+10	 2.62417E+10
 6.60000E-02	 9.27375E+08	 2.01163E+09
 8.80000E-02	 9.27375E+08	 2.01163E+09
 8.80000E-02	 1.19234E+09	 2.49231E+09
 1.10000E-01	 1.19234E+09	 2.49231E+09
 1.10000E-01	 1.29832E+09	 2.63675E+09
 1.35000E-01	 1.29832E+09	 2.63675E+09
 1.35000E-01	 1.56329E+09	 3.12080E+09
 1.60000E-01	 1.56329E+09	 3.12080E+09
 1.60000E-01	 1.54562E+10	 3.07969E+10
 1.90000E-01	 1.54562E+10	 3.07969E+10
 1.90000E-01	 1.81059E+10	 3.67019E+10
 2.20000E-01	 1.81059E+10	 3.67019E+10
 2.20000E-01	 1.79797E+10	 3.79013E+10
 2.55000E-01	 1.79797E+10	 3.79013E+10
 2.55000E-01	 2.06294E+09	 4.63019E+09
 2.90000E-01	 2.06294E+09	 4.63019E+09
 2.90000E-01	 2.69380E+09	 6.59596E+09
 3.20000E-01	 2.69380E+09	 6.59596E+09
 3.20000E-01	 2.25220E+09	 6.15088E+09
 3.60000E-01	 2.25220E+09	 6.15088E+09
 3.60000E-01	 2.51716E+09	 7.81286E+09
 4.00000E-01	 2.51716E+09	 7.81286E+09
 4.00000E-01	 2.25220E+10	 8.06537E+10
 4.50000E-01	 2.25220E+10	 8.06537E+10
 4.50000E-01	 2.51716E+10	 1.05141E+11
 5.00000E-01	 2.51716E+10	 1.05141E+11
 5.00000E-01	 2.78212E+10	 1.36536E+11
 5.50000E-01	 2.78212E+10	 1.36536E+11
 5.50000E-01	 3.04709E+09	 1.76291E+10
 6.00000E-01	 3.04709E+09	 1.76291E+10
 6.00000E-01	 2.78212E+09	 1.89636E+10
 6.60000E-01	 2.78212E+09	 1.89636E+10
 6.60000E-01	 3.04709E+09	 2.43840E+10
 7.20000E-01	 3.04709E+09	 2.43840E+10
 7.20000E-01	 3.31205E+09	 3.09582E+10
 7.80000E-01	 3.31205E+09	 3.09582E+10
 7.80000E-01	 3.57702E+10	 3.87826E+11
 8.40000E-01	 3.57702E+10	 3.87826E+11
 8.40000E-01	 2.91461E+10	 3.63062E+11
 9.20000E-01	 2.91461E+10	 3.63062E+11
 9.20000E-01	 3.17957E+10	 4.50376E+11
 1.00000E+00	 3.17957E+10	 4.50376E+11
 1.00000E+00	 1.45730E+09	 2.31440E+10
 1.20000E+00	 1.45730E+09	 2.31440E+10
 1.20000E+00	 1.72227E+09	 3.02497E+10
 1.40000E+00	 1.72227E+09	 3.02497E+10
 1.40000E+00	 1.98723E+09	 3.82557E+10
 1.60000E+00	 1.98723E+09	 3.82557E+10
 1.60000E+00	 2.25220E+09	 4.70907E+10
 1.80000E+00	 2.25220E+09	 4.70907E+10
 1.80000E+00	 2.51716E+10	 5.66676E+11
 2.00000E+00	 2.51716E+10	 5.66676E+11
 2.00000E+00	 1.89891E+10	 4.55838E+11
 2.30000E+00	 1.89891E+10	 4.55838E+11
 2.30000E+00	 2.16387E+10	 5.49333E+11
 2.60000E+00	 2.16387E+10	 5.49333E+11
 2.60000E+00	 2.42884E+09	 6.48961E+10
 2.90000E+00	 2.42884E+09	 6.48961E+10
 2.90000E+00	 2.05347E+09	 5.74872E+10
 3.30000E+00	 2.05347E+09	 5.74872E+10
 3.30000E+00	 2.31844E+09	 6.78281E+10
 3.70000E+00	 2.31844E+09	 6.78281E+10
 3.70000E+00	 2.58340E+09	 7.90204E+10
 4.10000E+00	 2.58340E+09	 7.90204E+10
 4.10000E+00	 2.84837E+10	 9.12526E+11
 4.50000E+00	 2.84837E+10	 9.12526E+11
 4.50000E+00	 2.51716E+10	 8.46177E+11
 5.00000E+00	 2.51716E+10	 8.46177E+11
 5.00000E+00	 2.78212E+10	 9.83518E+11
 5.50000E+00	 2.78212E+10	 9.83518E+11
 5.50000E+00	 3.04709E+09	 1.13572E+11
 6.00000E+00	 3.04709E+09	 1.13572E+11
 6.00000E+00	 2.40360E+09	 9.44622E+10
 6.70000E+00	 2.40360E+09	 9.44622E+10
 6.70000E+00	 2.66857E+09	 1.10394E+11
 7.40000E+00	 2.66857E+09	 1.10394E+11
 7.40000E+00	 2.58340E+09	 1.12138E+11
 8.20000E+00	 2.58340E+09	 1.12138E+11
 8.20000E+00	 2.84837E+10	 1.28989E+12
 9.00000E+00	 2.84837E+10	 1.28989E+12
 9.00000E+00	 2.51716E+10	 1.17900E+12
 1.00000E+01	 2.51716E+10	 1.17900E+12
 1.00000E+01	 2.78212E+10	 1.33304E+12
 1.10000E+01	 2.78212E+10	 1.33304E+12
 1.10000E+01	 3.04709E+10	 1.47522E+12
 1.20000E+01	 3.04709E+10	 1.47522E+12
 1.20000E+01	 3.31205E+10	 8.95732E+11
 1.30000E+01	 3.31205E+10	 8.95732E+11
 1.30000E+01	 8.76956E+11	 4.57469E+12
 1.40000E+01	 8.76956E+11	 4.57469E+12
 1.40000E+01	 1.36670E+12	 5.94743E+12
 1.50000E+01	 1.36670E+12	 5.94743E+12
 1.50000E+01	 0.00000E+00	 0.00000E+00
 1.60000E+01	 0.00000E+00	 0.00000E+00
 1.60000E+01	 0.00000E+00	 0.00000E+00
 1.70000E+01	 0.00000E+00	 0.00000E+00
 1.70000E+01	 0.00000E+00	 0.00000E+00
 1.80000E+01	 0.00000E+00	 0.00000E+00
 1.80000E+01	 0.00000E+00	 0.00000E+00
 1.90000E+01	 0.00000E+00	 0.00000E+00
 1.90000E+01	 0.00000E+00	 0.00000E+00
 2.00000E+01	 0.00000E+00	 0.00000E+00
 2.00000E+01	 0.00000E+00	 0.00000E+00
 2.10000E+01	 0.00000E+00	 0.00000E+00
 2.10000E+01	 0.00000E+00	 0.00000E+00
 2.20000E+01	 0.00000E+00	 0.00000E+00
 2.20000E+01	 0.00000E+00	 0.00000E+00
 2.30000E+01	 0.00000E+00	 0.00000E+00
 2.30000E+01	 0.00000E+00	 0.00000E+00
 2.40000E+01	 0.00000E+00	 0.00000E+00
 2.40000E+01	 0.00000E+00	 0.00000E+00
 2.50000E+01	 0.00000E+00	 0.00000E+00
 2.50000E+01	 0.00000E+00	 0.00000E+00
 2.60000E+01	 0.00000E+00	 0.00000E+00
 2.60000E+01	 0.00000E+00	 0.00000E+00
 2.70000E+01	 0.00000E+00	 0.00000E+00
 2.70000E+01	 0.00000E+00	 0.00000E+00
 2.80000E+01	 0.00000E+00	 0.00000E+00
 2.80000E+01	 0.00000E+00	 0.00000E+00
 2.90000E+01	 0.00000E+00	 0.00000E+00
 2.90000E+01	 0.00000E+00	 0.00000E+00
 3.00000E+01	 0.00000E+00	 0.00000E+00
 3.00000E+01	 0.00000E+00	 0.00000E+00
 3.10000E+01	 0.00000E+00	 0.00000E+00
 3.10000E+01	 0.00000E+00	 0.00000E+00
 3.20000E+01	 0.00000E+00	 0.00000E+00
 3.20000E+01	 0.00000E+00	 0.00000E+00
 3.30000E+01	 0.00000E+00	 0.00000E+00
 3.30000E+01	 0.00000E+00	 0.00000E+00
 3.40000E+01	 0.00000E+00	 0.00000E+00
 3.40000E+01	 0.00000E+00	 0.00000E+00
 3.50000E+01	 0.00000E+00	 0.00000E+00
 3.50000E+01	 0.00000E+00	 0.00000E+00
 3.60000E+01	 0.00000E+00	 0.00000E+00
 3.60000E+01	 0.00000E+00	 0.00000E+00
 3.70000E+01	 0.00000E+00	 0.00000E+00
 3.70000E+01	 0.00000E+00	 0.00000E+00
 3.80000E+01	 0.00000E+00	 0.00000E+00
 3.80000E+01	 0.00000E+00	 0.00000E+00
 3.90000E+01	 0.00000E+00	 0.00000E+00
 3.90000E+01	 0.00000E+00	 0.00000E+00
 4.00000E+01	 0.00000E+00	 0.00000E+00
 4.00000E+01	 0.00000E+00	 0.00000E+00
 4.10000E+01	 0.00000E+00	 0.00000E+00
 4.10000E+01	 0.00000E+00	 0.00000E+00
 4.20000E+01	 0.00000E+00	 0.00000E+00
 4.20000E+01	 0.00000E+00	 0.00000E+00
 4.30000E+01	 0.00000E+00	 0.00000E+00
 4.30000E+01	 0.00000E+00	 0.00000E+00
 4.40000E+01	 0.00000E+00	 0.00000E+00
 4.40000E+01	 0.00000E+00	 0.00000E+00
 4.50000E+01	 0.00000E+00	 0.00000E+00
 4.50000E+01	 0.00000E+00	 0.00000E+00
 4.60000E+01	 0.00000E+00	 0.00000E+00
 4.60000E+01	 0.00000E+00	 0.00000E+00
 4.70000E+01	 0.00000E+00	 0.00000E+00
 4.70000E+01	 0.00000E+00	 0.00000E+00
 4.80000E+01	 0.00000E+00	 0.00000E+00
 4.80000E+01	 0.00000E+00	 0.00000E+00
 4.90000E+01	 0.00000E+00	 0.00000E+00
 4.90000E+01	 0.00000E+00	 0.00000E+00
 5.00000E+01	 0.00000E+00	 0.00000E+00
 5.00000E+01	 0.00000E+00	 0.00000E+00
 5.10000E+01	 0.00000E+00	 0.00000E+00
 5.10000E+01	 0.00000E+00	 0.00000E+00
 5.20000E+01	 0.00000E+00	 0.00000E+00
 5.20000E+01	 0.00000E+00	 0.00000E+00
 5.30000E+01	 0.00000E+00	 0.00000E+00
 5.30000E+01	 0.00000E+00	 0.00000E+00
 5.40000E+01	 0.00000E+00	 0.00000E+00
 5.40000E+01	 0.00000E+00	 0.00000E+00
 5.50000E+01	 0.00000E+00	 0.00000E+00
 5.50000E+01	 0.00000E+00	 0.00000E+00
 5.60000E+01	 0.00000E+00	 0.00000E+00
 5.60000E+01	 0.00000E+00	 0.00000E+00
 5.70000E+01	 0.00000E+00	 0.00000E+00
 5.70000E+01	 0.00000E+00	 0.00000E+00
 5.80000E+01	 0.00000E+00	 0.00000E+00
 5.80000E+01	 0.00000E+00	 0.00000E+00
 5.90000E+01	 0.00000E+00	 0.00000E+00
 5.90000E+01	 0.00000E+00	 0.00000E+00
 6.00000E+01	 0.00000E+00	 0.00000E+00
