$SPEC_ID:
Cs137
$SPEC_REM:
DET# 2
DETDESC# DETECTOR 2
AP# GammaVision Version 7.01.03
$DATE_MEA:
12/05/2017 21:52:31
$MEAS_TIM:
3602 3607
$DATA:
0 8191
       0
       0
       0
       0
       0
       0
       0
       0
       0
       0
       0
       0
       0
       0
       0
       0
       0
       0
       0
       0
       0
       0
       0
      17
     830
    1120
     379
     338
     321
     299
     285
     315
     357
     390
     349
     383
     383
     391
     401
     316
     341
     324
     360
     366
     344
     368
     323
     372
     328
     308
     347
     303
     317
     342
     344
     350
     319
     398
     368
     451
     645
    1018
    1327
    1157
     879
     587
     451
     421
     454
     521
     661
     642
     519
     395
     351
     306
     338
     304
     337
     296
     311
     292
     331
     324
     321
     321
     290
     316
     312
     299
     320
     292
     327
     330
     310
     299
     308
     274
     289
     351
     306
     311
     342
     328
     291
     341
     296
     302
     294
     301
     329
     321
     306
     314
     311
     349
     286
     311
     349
     300
     320
     328
     342
     318
     357
     334
     372
     292
     354
     348
     321
     325
     320
     350
     341
     358
     373
     347
     340
     345
     389
     327
     336
     343
     335
     364
     368
     356
     398
     378
     383
     417
     428
     382
     434
     374
     432
     440
     426
     396
     456
     443
     436
     444
     458
     430
     437
     415
     435
     450
     489
     463
     427
     444
     475
     448
     473
     461
     437
     458
     474
     497
     521
     520
     513
     631
     900
    1314
    1600
    1555
    1037
     949
    1495
    2316
    2341
    1790
    1026
     554
     424
     391
     383
     375
     398
     417
     399
     407
     381
     387
     401
     425
     392
     422
     433
     446
     408
     451
     516
     741
    1022
    1216
    1105
     778
     542
     516
     530
     595
     568
     519
     482
     430
     369
     402
     408
     391
     401
     392
     385
     455
     434
     458
     470
     424
     412
     387
     396
     416
     367
     406
     379
     426
     439
     423
     422
     462
     426
     442
     438
     418
     459
     447
     410
     408
     387
     430
     420
     415
     430
     443
     453
     400
     475
     407
     459
     454
     413
     467
     475
     460
     441
     400
     454
     440
     483
     484
     500
     414
     466
     470
     435
     435
     427
     472
     456
     445
     433
     477
     475
     481
     450
     485
     454
     462
     468
     472
     495
     443
     443
     472
     476
     471
     445
     458
     479
     455
     510
     495
     406
     454
     482
     487
     490
     445
     457
     462
     448
     443
     505
     413
     440
     459
     464
     457
     461
     435
     456
     470
     454
     492
     479
     482
     467
     482
     467
     453
     470
     454
     481
     465
     485
     459
     452
     459
     475
     516
     689
    1016
    1560
    1894
    1711
    1277
     745
     545
     471
     475
     477
     484
     466
     468
     440
     464
     460
     477
     427
     472
     442
     438
     503
     476
     417
     507
     482
     459
     484
     500
     466
     470
     462
     458
     459
     440
     456
     465
     486
     479
     488
     469
     471
     466
     433
     438
     497
     434
     415
     479
     461
     474
     455
     456
     480
     445
     454
     488
     469
     453
     501
     516
     523
     469
     537
     512
     495
     524
     545
     476
     522
     462
     529
     522
     491
     550
     491
     515
     482
     492
     520
     470
     506
     493
     519
     513
     489
     476
     488
     528
     476
     482
     494
     502
     494
     499
     505
     536
     522
     477
     494
     469
     508
     496
     495
     508
     485
     484
     496
     471
     477
     519
     500
     467
     517
     475
     499
     482
     483
     488
     509
     479
     505
     491
     495
     528
     507
     524
     498
     453
     506
     470
     450
     394
     487
     441
     446
     454
     466
     440
     465
     446
     438
     409
     445
     413
     410
     419
     450
     430
     399
     417
     413
     424
     426
     432
     403
     429
     406
     436
     435
     380
     381
     424
     422
     365
     431
     395
     430
     424
     370
     457
     383
     427
     445
     402
     386
     407
     388
     396
     377
     424
     400
     416
     417
     425
     434
     407
     415
     436
     418
     406
     454
     432
     468
     420
     416
     446
     421
     424
     438
     416
     460
     454
     424
     416
     442
     467
     425
     450
     460
     441
     453
     439
     501
     465
     450
     438
     472
     435
     449
     399
     501
     436
     424
     452
     473
     456
     445
     446
     461
     430
     432
     438
     454
     482
     464
     429
     423
     457
     473
     510
     480
     449
     451
     469
     440
     478
     392
     462
     467
     429
     465
     449
     471
     450
     435
     483
     434
     458
     471
     455
     463
     438
     450
     495
     460
     472
     484
     460
     441
     471
     467
     446
     438
     502
     442
     488
     452
     472
     422
     428
     456
     457
     463
     427
     483
     451
     450
     435
     455
     509
     439
     482
     416
     428
     481
     453
     452
     425
     494
     473
     456
     457
     444
     421
     383
     448
     413
     417
     456
     424
     403
     420
     411
     401
     408
     409
     373
     392
     411
     424
     425
     416
     421
     416
     376
     391
     377
     387
     372
     377
     389
     371
     350
     353
     368
     388
     348
     340
     391
     342
     385
     348
     335
     359
     333
     391
     358
     340
     333
     319
     334
     327
     318
     297
     375
     301
     328
     317
     271
     303
     309
     284
     320
     308
     318
     317
     298
     260
     249
     284
     284
     289
     275
     292
     306
     285
     304
     267
     277
     259
     279
     234
     258
     263
     263
     273
     278
     241
     228
     262
     252
     237
     261
     275
     238
     221
     250
     219
     229
     232
     218
     259
     239
     244
     246
     245
     238
     239
     254
     246
     232
     239
     247
     215
     223
     230
     219
     218
     231
     221
     208
     220
     227
     226
     226
     199
     230
     247
     256
     235
     195
     194
     227
     207
     188
     240
     215
     189
     198
     192
     219
     189
     190
     201
     200
     218
     178
     183
     184
     158
     171
     200
     167
     211
     210
     172
     189
     170
     165
     177
     201
     162
     185
     173
     171
     189
     184
     185
     178
     185
     156
     192
     179
     179
     210
     185
     211
     206
     177
     194
     179
     179
     164
     186
     177
     176
     201
     179
     163
     192
     172
     179
     157
     157
     192
     153
     177
     158
     175
     165
     187
     174
     157
     168
     197
     194
     256
     380
     553
     831
    1109
    1225
    1131
     876
     560
     315
     226
     172
     165
     146
     151
     183
     174
     182
     132
     162
     160
     154
     148
     141
     145
     169
     156
     159
     153
     182
     159
     152
     139
     149
     143
     154
     177
     159
     153
     169
     165
     147
     149
     165
     153
     151
     150
     149
     149
     145
     143
     181
     205
     241
     282
     256
     265
     219
     173
     187
     135
     158
     153
     162
     152
     172
     166
     148
     134
     142
     148
     157
     144
     132
     157
     157
     143
     140
     135
     164
     161
     148
     142
     137
     137
     124
     137
     137
     136
     147
     134
     162
     140
     142
     148
     137
     134
     116
     148
     126
     123
     129
     142
     110
     125
     131
     139
     146
     139
     134
     122
     141
     141
     135
     127
     149
     152
     125
     132
     122
     113
     130
     125
     141
     130
     132
     118
     137
     125
     144
     124
     133
     138
     148
     123
     130
     139
     125
     132
     115
     116
     138
     134
     134
     150
     165
     199
     194
     188
     183
     162
     156
     142
     106
     136
     133
     105
     143
     125
     137
     127
     132
     113
     127
     122
     115
     132
     133
     140
     126
     135
     122
     126
     110
     129
     150
     126
     123
     134
     121
     135
     107
     128
     115
     123
     117
     123
     109
     100
     122
     117
     109
     141
     124
     131
     116
     142
     137
     116
     129
     124
     105
     113
     113
     142
     177
     279
     496
     944
    1539
    2473
    3409
    4110
    4170
    3525
    2378
    1430
     702
     329
     171
     118
     110
     100
     115
      87
     100
     115
     136
     105
     100
     113
      94
     105
     105
     118
      97
     113
     107
     103
     105
     111
     115
      96
     113
     111
      99
     109
      95
     115
      97
      90
     102
     119
     114
      95
      92
      98
      94
     118
     115
     101
     106
     129
      99
     112
      96
     109
     103
     113
      99
     110
     107
     101
     117
     111
     111
      99
      96
     124
      82
      83
      96
     109
     105
     109
     112
      79
     134
     114
     108
      98
     119
     111
     105
      76
     100
      97
     104
      97
      94
     100
      90
      82
     103
      93
      96
      86
     107
      95
     108
      95
     115
     105
     117
     100
      91
      89
      88
     105
      70
      84
      99
     109
      90
      92
     100
     120
     110
     161
     157
     150
     166
     201
     179
     163
     132
     127
      94
      95
      93
      92
      93
     114
      87
     113
     105
      88
      93
      97
     104
      97
      89
     108
      90
     107
     102
     107
     102
     100
     103
      90
      87
      91
      96
     106
      92
     105
      90
      90
      94
     102
     106
     103
     100
      96
      90
      96
      92
     101
      90
      94
      96
     105
      87
      89
      98
      93
     100
     104
      95
     104
      86
     110
      94
      86
      79
     104
      96
      79
      90
      92
     112
      93
     100
      87
      97
     101
     107
      90
      88
      86
      88
      95
     101
     118
      86
      90
      79
      94
      99
      94
      91
      97
     101
      97
      87
     103
      92
     115
     109
      85
      86
      96
      99
      83
      95
     103
     103
      96
     105
      90
     111
      92
      93
      98
      89
     112
     128
     126
     158
     146
     198
     178
     199
     223
     206
     218
     178
     179
     151
     141
     120
      97
     104
     107
      94
     101
      75
     111
      90
      78
      80
      97
      82
     104
     102
      95
      84
      95
      80
      97
      88
      95
      98
      91
      96
      83
      91
      65
      88
      93
     102
      84
      87
      93
      95
      90
      89
      87
      94
      85
      82
      79
      86
      74
      88
     104
      94
     104
      99
      96
     122
     101
      78
      99
      96
      92
      83
     103
      76
      99
      84
      83
      88
     105
      83
      91
      90
      81
     102
      84
      90
      91
      74
      98
      91
      76
      92
      93
      77
      92
      88
      70
      87
      89
      88
     115
      69
      89
      93
      94
      95
      84
     112
      82
      93
     102
      96
      80
      82
      88
      69
      83
      85
      91
      97
      87
      91
      73
      96
      96
      82
      87
      89
      90
      97
      74
      88
      93
      98
      96
      90
     105
      88
      92
      83
     101
      79
      96
      90
      93
      85
      80
      81
     110
     110
      88
      80
     100
      86
      89
      84
      92
      84
      80
     105
      80
      91
      88
      85
      75
     100
      97
      96
      90
      89
     101
      82
      72
      82
      81
      92
      88
      95
      87
      87
      96
      89
      77
      84
      94
      93
      89
      92
      92
      77
     103
      91
      97
     106
      86
      74
      84
      90
     108
      85
      94
      92
      98
      87
      79
      96
      82
      88
      82
      95
      93
     104
      87
      88
      82
      85
      94
      82
     101
      81
      87
      94
      87
     102
      89
     109
      92
      74
     109
     111
      85
      96
      95
      82
      92
      88
      95
      85
      96
      99
     115
      80
      90
      86
      86
      89
      80
      97
      75
     101
      87
      84
      89
      90
     103
      87
     110
      91
     108
      99
     106
      94
      76
      81
      99
      82
      94
      76
     102
     105
      81
      96
      83
     105
      82
      98
      80
      90
      89
      95
     102
      86
      94
      92
      79
      84
      86
      93
      87
      84
      98
      70
      81
      77
      91
      70
      89
      83
      87
      85
      90
      89
      83
      87
      90
      77
     101
      94
      79
      84
      78
      75
      80
      95
      82
      78
      80
      87
      82
      88
      73
      82
     107
      88
      77
      77
      84
      89
      85
      87
     102
      85
      97
      81
      90
      82
      88
      83
      69
      85
      84
      78
      66
      92
      79
      85
      79
      81
      80
      87
      95
     110
      76
      64
      82
      75
      84
      83
      84
      76
      82
      87
      70
      69
      74
      80
      82
      75
      83
      95
      63
      84
      89
      75
      64
      87
      98
      86
      91
     101
     106
      73
     100
      89
      85
      79
      84
      82
      88
      65
      75
      69
      66
      70
      71
      65
      81
      86
      76
      76
      72
      84
      84
     101
      92
      82
      68
      90
      71
      88
      80
      90
      81
      89
      82
      72
      94
      82
      74
      60
      69
      85
      77
      78
      81
      68
      95
      69
      78
      80
      87
      87
      83
      73
      76
      88
      66
      75
      85
      87
      70
      73
      74
      63
      94
      95
      76
      69
      83
      67
      77
      71
      90
      77
      90
      86
      74
      77
      79
      88
      68
      81
      79
      75
      81
      81
      96
      97
     101
      94
      87
      77
      80
      90
     104
      65
      89
      79
      84
      59
      73
     101
      66
      94
      88
      73
      70
      78
      71
      90
      72
      71
      83
      69
      83
      86
      85
      83
      89
      81
      71
      73
      73
      81
      90
      79
      83
      83
      95
      93
      78
      88
      90
      81
     110
      89
     103
      97
      85
      76
      88
      97
      79
      80
      67
      98
      66
      72
      77
      91
      75
      79
      71
      75
      76
      76
      66
      90
      65
      74
      73
      76
      71
      88
      77
      84
      71
      88
      71
      69
      73
      83
      79
      79
      70
      83
      70
      93
      73
      80
      78
      76
      88
      74
      64
      71
      84
      80
      78
      85
      90
      87
      81
      78
      78
      73
      83
      81
      57
      85
     101
      87
      67
      77
      74
      72
      90
      95
      72
      95
      70
      75
      81
      92
      83
      62
      92
      89
      98
      89
      83
      92
      96
      85
     104
      84
      79
      97
      98
      97
      80
      80
      91
      73
      85
      89
      86
      78
      79
      72
      89
      94
      72
      87
      86
      88
      93
      73
      72
     119
      89
      77
      88
      87
      73
      87
      89
      72
      81
      88
      90
      82
     101
      83
      94
      83
      92
      78
      81
      77
      78
      82
      74
      88
      84
      81
      75
      81
      94
      79
      84
      81
      83
      86
      95
      88
      84
      87
      81
      95
      96
      84
     100
     100
      78
     102
      91
      92
      78
     102
      88
      90
      74
      96
      81
     102
      92
     101
      83
      87
      74
      87
     103
      85
     105
     110
      89
      98
     104
     102
      89
     130
     104
      89
     119
      94
     124
      84
     101
     107
      89
     106
      91
      83
      97
      87
      93
      83
      76
      90
      94
      94
      98
      84
     103
     100
      81
      96
      85
      83
      89
      86
      81
      91
     108
      93
      82
      99
     104
     104
      98
     107
      98
      96
      88
      73
      86
     118
      82
      81
      86
      94
      74
      94
      96
     100
     101
      98
      95
     101
      86
     102
      89
      89
      81
      85
     101
      91
     101
     106
     112
      98
      97
      93
     109
      92
      96
     102
      90
      98
      94
      95
      99
     100
     109
     117
      98
     109
      95
     126
     130
     158
     165
     232
     262
     296
     436
     544
     650
     795
     719
     754
     749
     666
     551
     385
     317
     201
     150
     145
     133
     128
     103
      93
      92
     100
     113
      94
      97
      96
     113
     112
      96
     140
     110
      96
     101
     138
      92
     101
     106
     108
     112
     103
     103
      97
      94
     109
      91
      96
     106
     132
     109
     106
      92
     109
     111
     119
     118
      99
      80
      87
     100
      93
     113
      97
     104
     113
      93
     106
     109
      94
      97
     106
      88
     102
     127
     122
     103
     100
     127
     109
     113
     101
     118
     112
     110
     106
     100
      97
     119
     107
     115
     104
     104
      88
     100
     112
     105
     112
     111
      90
     110
     117
     110
     121
     121
     116
     113
     119
     116
     100
     131
     106
     119
     113
     123
     121
     104
      95
     101
     109
     111
     121
     125
     100
     114
     124
     118
     116
     115
     131
     118
     125
      89
     128
     130
     117
     116
     107
     105
     116
     104
     109
     118
     119
     141
     111
      99
     125
     106
     112
     111
     124
     105
     115
     126
     129
     108
     110
     123
     109
     122
     127
     114
     109
     115
     115
     138
     111
     120
     132
     132
     113
     118
     132
     128
     110
     124
     107
     102
     101
     109
     121
     128
     110
     119
     107
     120
     119
      90
     103
     111
     122
     100
     110
      99
     107
      90
     104
     107
     107
      82
      77
     107
     108
     115
      90
      73
      97
     107
      97
      92
      78
      89
      92
      90
      91
      81
     115
      88
      91
     100
      72
      90
      91
      91
      83
      83
     100
      99
      96
     103
     103
     101
      84
     109
      88
      77
      83
      86
      91
      91
      88
      78
      89
      92
      91
      75
      81
      83
      80
      83
      80
      77
      83
      94
      82
      83
      90
      80
      95
      90
      88
      74
      86
      92
      83
      82
      93
      87
      89
      91
      81
      82
     115
      63
      99
      80
      92
      97
      73
      69
      88
      80
      77
      88
      75
      88
      82
      88
      93
      87
      93
      82
      84
      83
      77
      86
      78
      91
      87
      94
      85
      93
      97
      62
      99
      74
      80
      96
      91
      92
      92
      88
      88
      80
      84
      72
      93
      87
      88
      79
      83
      85
      81
      94
      84
      89
      65
     103
      77
      78
      79
      74
      84
      88
      92
      94
      88
      75
      83
      81
      60
      82
      73
      89
      73
      90
      78
      89
      79
      83
      85
      78
      83
      87
      80
      78
      89
      79
      82
      94
      77
      91
      77
      85
      74
      93
      69
      75
      74
      79
      80
      82
      77
      88
      81
      84
      80
      88
      87
      88
      84
      85
      91
      80
      74
      86
      77
      69
      85
      92
      64
      78
      74
      96
      77
      72
      89
      76
      86
     108
      90
     104
     104
     114
      94
      93
      92
     103
      73
      96
      72
      80
      71
      70
      97
      85
      80
      71
      69
      77
      71
      89
      83
      80
      74
      75
      79
      78
      78
      83
      77
      84
      77
      74
      79
      79
      86
      77
      85
      85
      88
      89
      70
      86
      66
      78
      84
      92
      71
      90
      74
      73
      94
      76
      82
      77
      92
      78
      79
      80
      75
      88
      79
      82
      81
      86
      78
      96
      68
      77
      86
      81
      80
      77
      72
      89
      80
      87
      77
      76
      75
      74
      84
      82
      74
      74
      87
      85
      74
      91
      88
      79
      80
      80
      72
      71
      81
      81
      69
      88
      66
      81
      85
      96
      78
      83
      79
      70
      73
      89
      83
      90
      78
      84
      63
      87
      94
      87
      77
      75
      85
      81
      79
      74
      65
      70
      87
      89
      80
      93
      88
      93
      85
      88
      81
      70
      84
      94
      78
      93
     106
      89
     100
      86
      91
      85
      93
      91
      98
      87
      94
      83
      83
      86
      90
      83
      82
      67
      80
      73
      90
      95
      92
      85
      80
      98
      81
      79
      93
      94
      99
      74
      92
      85
      80
      92
     107
      90
      80
      77
      90
      81
      88
      96
      93
      79
      94
      85
     111
      88
      83
      89
      93
      81
     104
      87
      74
     106
      85
      79
      98
      91
     108
      98
      85
     110
     116
      88
      95
      94
     103
     105
      95
      95
     109
      91
     102
     119
     105
     107
      94
      98
      93
     100
      80
      95
     104
      99
     113
     117
      97
      88
      88
     104
      91
     104
     101
     115
      77
      81
      90
      92
     105
     102
     105
     103
     100
      96
     123
     104
     106
      92
     100
      99
      84
      97
      95
     111
     105
      96
      93
      97
      95
     101
      95
      87
      97
      95
      85
      77
      94
     105
     103
      92
      92
      87
      78
      77
      97
      89
      66
      94
      72
      66
      80
      64
      83
      74
      61
      72
      78
      86
      68
      55
      69
      75
      54
      75
      71
      78
      88
      83
      82
      79
      97
      78
      91
      91
     103
     112
     130
     173
     225
     228
     333
     379
     497
     610
     814
    1015
    1306
    1566
    1782
    2020
    2087
    2029
    2118
    1951
    1820
    1478
    1052
     738
     465
     285
     212
     140
     126
      94
      70
      57
      46
      57
      47
      47
      67
      59
      45
      50
      50
      51
      58
      61
      50
      46
      62
      52
      63
      53
      50
      69
      57
      44
      60
      46
      56
      43
      38
      47
      56
      51
      44
      47
      43
      60
      50
      43
      48
      52
      55
      53
      38
      57
      51
      54
      60
      59
      49
      44
      53
      54
      55
      49
      49
      59
      45
      37
      41
      46
      45
      46
      49
      34
      63
      47
      47
      39
      55
      47
      49
      49
      44
      40
      49
      39
      48
      52
      42
      37
      49
      47
      48
      49
      43
      50
      51
      46
      49
      45
      47
      34
      43
      42
      40
      40
      49
      38
      38
      48
      48
      41
      38
      40
      38
      46
      36
      45
      49
      47
      43
      42
      37
      44
      33
      31
      40
      38
      36
      34
      26
      39
      44
      42
      33
      47
      36
      39
      41
      41
      37
      37
      23
      35
      40
      33
      31
      31
      33
      31
      38
      36
      43
      26
      29
      38
      34
      33
      27
      28
      25
      39
      42
      42
      40
      26
      23
      28
      26
      32
      27
      23
      35
      32
      28
      35
      39
      35
      32
      30
      40
      40
      28
      29
      27
      24
      29
      35
      31
      23
      27
      24
      21
      24
      26
      31
      28
      35
      25
      24
      15
      25
      29
      29
      20
      32
      33
      26
      27
      34
      29
      20
      27
      19
      25
      21
      26
      30
      30
      32
      25
      19
      18
      25
      23
      20
      23
      27
      20
      16
      26
      26
       9
      17
      15
      25
      25
      15
      16
      18
      17
      33
      30
      16
      26
      18
      21
      27
      39
      19
      20
      19
      24
      23
      26
      29
      24
      18
      29
      20
      22
      19
      26
      19
      14
      14
      23
      20
      16
      23
      22
      19
      13
      25
      23
      14
      36
      20
      16
      17
      17
      12
      16
      17
      21
      21
      24
      20
      30
      18
      29
      23
      20
      15
      15
      21
      25
      16
      16
      11
      14
      16
      15
      18
      20
      15
      17
      22
      17
      22
      12
      23
      11
      16
      17
      19
      21
      12
      23
      21
      16
      13
      19
      17
      19
      16
      27
      19
      17
      11
      24
      29
      15
      21
      14
      14
      19
      13
      19
      26
      14
      14
       8
      16
      27
      20
      10
      21
      26
      25
      22
       9
      24
      25
      25
      17
      14
      23
      22
      18
      22
      21
      22
      22
      13
      23
      12
      14
      18
      25
      17
      24
      12
      19
      15
      16
      18
      26
      21
      23
      19
      22
      22
      24
      15
      21
      16
      17
      27
      19
      29
      20
      15
      21
      30
      16
      22
      17
      22
      20
      21
      23
      16
      22
      18
      22
      24
      11
      22
      18
      20
      21
      28
      10
      27
      16
      12
      15
      21
      17
      25
      18
      13
      18
      20
      14
      21
      21
      26
      10
      14
      22
      13
      17
      21
      14
      21
      19
      16
      22
      13
      18
      24
      19
      27
      19
      20
      23
      20
      16
      23
      21
      17
      22
      27
      22
      20
      20
      19
      17
      27
      17
      22
      25
      17
      26
      17
      13
      18
      21
      19
      21
      14
      17
      21
      17
      20
      27
      15
      31
      39
      35
      46
      53
      92
     122
     114
     178
     200
     248
     296
     400
     499
     649
     751
     992
    1309
    1541
    1759
    1953
    2119
    2102
    2271
    2289
    2371
    2128
    1923
    1479
    1158
     773
     456
     326
     216
     154
     125
      76
      39
      42
      14
      10
       6
      12
      17
      14
      13
       7
      10
      12
      15
       8
      10
      15
      15
      11
      11
       9
      18
       8
      15
       9
      10
       8
       7
       7
      10
       8
       6
      16
       8
      12
       7
      14
      13
      11
      11
      14
       9
      12
      10
      12
      12
       4
      16
       5
      11
      10
       9
      16
      14
       7
       7
       9
      13
       6
       9
      11
       5
       4
      10
      12
       9
      10
      11
      10
      11
      10
       6
      10
       7
       5
       9
       9
      12
       9
       8
       9
      10
      10
      12
       6
      11
      14
      14
       8
       6
       6
       8
      13
      12
      19
       8
      11
       6
      13
      11
      11
       6
      10
       8
       9
       9
      14
       9
       8
       9
      10
      10
       7
       7
       8
       1
      11
      10
       7
       5
      14
      16
       5
      15
      14
       9
      14
      14
       8
       5
      14
       5
       8
      12
       9
      16
       8
       7
       6
      11
       6
      10
      12
       8
      10
       8
      13
       7
       7
       5
       4
       4
       8
      10
      11
       7
      12
       8
      13
       4
      10
      18
      10
       8
       2
       8
      11
       6
       9
       6
       7
       7
       4
      10
       9
      10
      11
       8
       4
       6
       8
      13
       7
      14
      10
       2
       7
      11
       5
       8
      11
      10
       8
       8
      10
      10
      10
       5
       9
       5
       8
       9
       7
       6
       8
      13
      16
       9
       4
       4
      11
       7
       7
       9
       8
       8
       8
       3
       7
       9
       9
       8
       7
       5
       9
       7
      13
       8
       3
       7
       7
       5
       7
      10
       6
       9
      14
       5
       4
      11
       7
       4
       9
       8
       6
       5
       3
      11
       9
       9
       4
       5
       3
       9
      10
       6
      10
      10
      11
       5
      10
      13
       8
       5
       8
       9
      10
       7
       9
      12
       9
       5
      10
       7
      10
       5
       7
       8
       7
       7
       5
       9
       5
       6
      13
      10
       8
      11
       5
       7
       9
       7
       6
       5
       9
      10
       5
       7
       8
       5
       7
       4
       5
       8
       3
      11
       7
       8
      11
       5
       7
       6
       8
       6
      10
       7
       5
      10
       5
       5
       6
       8
      13
       2
       6
      11
       8
       7
       6
       5
       9
       4
      10
      15
       8
       5
       7
       5
       4
       4
      10
       9
      12
      11
       8
       6
       6
       5
       5
       2
       6
       9
       4
       5
       3
       6
       8
       4
       6
      11
       7
       4
       9
       7
       7
       6
       5
       6
      11
       6
       6
       8
      11
       9
      10
       8
       5
       5
       9
       4
       5
       3
       5
       3
       4
       6
       7
       3
       4
      12
       9
       7
       9
       4
       8
       8
       7
       9
       4
       8
       5
       3
       4
       9
       6
       6
       9
       6
       6
       8
      11
       6
       8
       9
       7
      12
       3
       8
       6
       8
      12
       4
       8
       7
       3
      10
       5
       9
       9
       6
       4
       8
       9
       4
       5
       9
       4
      14
       3
      12
       6
      10
       7
       5
       9
       6
       5
       5
       5
       8
       2
       9
       6
      11
       8
       9
       5
       7
       2
       2
       5
       3
       4
       6
       5
       9
       7
       3
       6
       4
      11
       6
       6
       8
       8
       6
       5
       9
       3
       8
       6
       6
       6
      15
       6
       8
       8
      10
       9
      10
       8
       3
      11
       6
       9
       8
       9
       6
       5
       9
       9
       4
       5
       6
       3
       8
       4
       7
       4
       9
       6
       9
      17
       4
      12
       8
      10
       5
      12
      11
      14
      25
      18
      26
      42
      48
      43
      49
      74
      74
      88
     113
     158
     168
     178
     188
     171
     192
     208
     230
     202
     204
     182
     160
     126
      93
      59
      56
      37
      27
      24
      15
      14
      14
      13
       7
       2
       6
       3
       7
       7
       6
       7
       7
      10
      10
       7
       5
       3
       7
       7
       7
      10
       6
       5
       5
       4
       6
       1
       7
       5
       8
      10
       6
      11
       6
      11
       5
       8
       7
       8
       6
       2
       5
       7
       5
       7
       3
       8
       4
      10
      10
       8
      10
       5
       2
       5
      10
      10
       5
      11
       6
       6
       6
       7
       8
       6
       6
       2
       5
       8
       6
       7
       3
       7
       6
      10
       5
      11
       5
       3
       5
      10
       5
       6
       4
      12
       5
       6
       8
       5
      10
       4
      12
       3
       5
       6
       5
       5
       5
       9
       4
       5
       8
       3
       8
       6
       4
       6
       7
       6
       9
       5
       3
       4
       6
       2
       6
       3
       8
       5
       8
      10
       6
       5
       6
       6
       7
       5
       3
      12
      13
       2
       8
       4
       7
       6
       5
       5
      10
       5
       2
       5
       5
       5
       5
       7
       8
      10
       3
       9
       7
       4
       9
       6
       4
       9
       6
       7
       7
       4
       7
       9
       4
       7
       5
       2
       5
       2
       7
       6
       4
      11
       5
       7
       2
       5
       3
       6
       4
      12
       4
       8
       7
       3
       6
       5
       7
       6
       5
       6
       9
       6
       9
       4
       9
       2
       6
       5
       6
       7
       3
       3
       4
      11
      10
       9
       3
       7
       6
       3
       8
       9
       8
       9
       9
       8
      10
      12
      11
       4
      13
      20
      12
      19
      20
      13
      15
      16
      19
      30
      25
      12
      13
      17
      16
      14
      15
      13
       9
       5
       4
       5
       9
       8
       2
       5
       4
      10
       5
      10
       3
       7
       5
       8
       9
       9
       4
       3
       3
       4
       8
       9
       4
       3
       8
       7
       3
       6
       5
       7
       8
       5
      10
       4
       2
       8
       7
      13
       7
      11
      14
      10
      11
       2
       9
       5
       7
       3
       6
       6
       5
       7
       6
       6
       7
       6
       8
       6
      11
       7
       4
       5
       8
       2
      16
       5
       7
       6
       3
       3
       1
       3
       5
       3
       4
       5
       4
       4
       4
       3
       4
       6
       3
       6
       2
       6
       9
       5
      11
       8
       3
       5
       5
       3
       4
       7
       5
       5
       6
       6
       3
       5
       5
       5
       9
       4
       4
       7
       7
       4
       7
       4
       6
       5
       7
       6
       3
       4
      10
       6
       4
       8
       7
       5
       5
       6
       7
       5
       5
       6
       6
       2
      10
       6
       5
       6
       8
       9
       6
       3
       8
       4
       9
       3
       9
       5
       3
       9
       3
       9
      13
       3
       7
       5
      10
       8
       7
       5
       3
       6
       6
       7
      10
       9
       9
       6
       2
       8
       6
       4
       5
       7
       5
       3
       6
      10
      10
       8
       7
       9
       6
       3
       7
       8
       7
       6
       6
       5
       6
       5
       6
       7
       8
       7
       7
       7
       7
       8
       5
       9
       6
       9
       8
       2
       8
      10
       5
       7
       3
       6
       9
       5
       6
       4
       7
       6
       5
       5
       6
       5
       9
       5
       9
       7
       6
       6
       7
       6
       9
       2
       2
       6
       2
       6
      10
       5
       3
       4
       5
       6
       4
       4
      10
      10
       4
       3
       7
       6
       6
       8
       7
       9
       9
       6
       6
       8
       6
       8
       7
      10
       3
       4
       6
       8
       8
       5
       8
       9
       7
       9
      10
      12
       7
       7
       9
       7
       5
       5
       5
       9
       3
       5
       5
       9
       2
       7
       5
      15
       4
       6
       7
       5
       9
       9
      11
       5
       9
       6
       6
       8
       7
      10
       7
      10
       8
       9
       8
       7
      11
      11
       5
       6
       3
       4
       5
       3
       7
       7
       4
       7
       3
       8
      10
      11
       4
       6
       8
      11
       5
       6
       8
       4
       7
       3
       1
       9
       6
       7
       4
       9
       8
       7
       6
       7
       7
       0
      12
       6
       7
       5
      12
       6
       2
      11
       8
       9
      10
       9
       7
       9
       7
      11
       8
      14
      12
      15
      15
      18
      30
      22
      32
      37
      46
      35
      37
      38
      38
      42
      54
      48
      39
      56
      43
      44
      26
      24
      19
      19
      21
       9
       7
       8
       9
       9
       5
       8
       8
      11
       7
       3
       8
       5
       4
      10
       9
       6
       7
      11
       5
       9
       3
       7
       8
       5
       7
       8
       5
       9
       8
       5
      11
       6
      10
       5
       9
       9
       8
       8
       6
      11
       6
       7
       6
      10
       8
      12
       8
       5
       4
       7
       6
      11
       7
      11
       7
       8
      11
       8
       6
       3
      11
       6
      10
       6
       6
       6
       7
       7
       8
       8
       4
      12
      11
      10
       6
       8
       5
       7
       2
       7
      13
      10
       9
      11
       8
      12
       6
       4
      11
       9
       9
       6
       8
       8
       5
       5
      14
       8
      11
      12
      11
       9
      11
       9
       4
       8
       4
       5
      10
      14
       7
       9
      13
       8
      10
       6
      11
       3
       8
       3
      11
       6
      10
       7
      12
      10
       7
       5
       6
       8
       5
       7
       6
       8
       5
       9
       8
      13
      10
       8
       7
       5
      11
       7
       9
       8
       8
       6
       8
      12
      12
      13
       8
       8
       6
       8
       7
      15
       9
      12
      17
       8
      15
       8
       7
      11
       4
      10
      10
       7
       8
      13
       6
       8
      10
      12
      12
       8
      13
       9
      10
      11
       6
      11
      11
      12
      10
       9
       9
       8
      11
       6
       7
      13
       5
      16
       6
       4
       8
       9
       8
      11
       5
       8
      10
      11
       5
      14
       9
       6
      10
      12
       9
      10
       4
      10
       7
      14
      14
      12
       7
       8
      16
       4
       9
      12
      11
       6
      10
       7
      15
      10
      10
      12
       7
       7
      10
       7
      10
       6
       9
       6
      11
       9
       7
      10
      11
      13
      11
       8
       7
       7
      10
      12
       6
      10
       3
      16
      11
      15
      14
       6
       9
       8
      16
      25
       7
      14
      12
      17
      16
       9
       7
       9
      12
       5
      10
      11
      13
      10
      12
      11
      12
      12
      19
      10
      13
       7
       7
      10
       7
      11
      12
      15
       9
      10
      11
       9
       7
      12
      14
       6
      11
      14
      18
      11
      16
      16
       8
       9
       9
      15
      10
       8
      11
      10
      13
      12
      12
      12
      12
       7
       6
       5
      14
       5
       9
       6
       6
       8
       7
      10
       5
       9
       7
       8
       7
       5
      10
       9
       7
       4
       5
      12
      10
       5
       5
       9
       5
       3
       9
      11
      14
       6
       3
       5
      15
       7
       4
       3
       7
       9
       3
       7
       6
       6
      10
       5
       9
       8
       5
       7
       7
       7
       5
      12
       7
       7
      10
       2
       5
       5
       7
       5
       8
       5
       5
       4
       9
       6
       3
       4
       7
       7
       4
       3
       6
       5
       5
       9
       8
       6
       7
       9
       4
       9
       8
       9
       6
       9
       3
       9
       7
      10
       5
       1
       2
       5
       6
       7
       6
       5
       6
       4
       8
       6
       4
       3
       5
       6
       8
       5
       7
       7
       8
       9
       6
       6
       5
       5
       3
       6
       6
       3
       7
       6
       3
       5
       5
       5
       4
       4
       6
       6
       9
       6
       8
       6
       5
       8
       4
       3
       2
      12
       7
       7
       6
       4
       5
       6
       9
       6
       5
       6
       5
       6
       4
       5
       5
       3
       4
       3
       4
       5
       4
       3
       6
       4
      10
       3
       4
       3
       6
       4
      10
       3
       5
       6
       4
       5
       6
      10
       9
       5
       3
       3
       2
       6
       4
      10
       2
       2
       9
       4
       5
       6
       5
       2
       6
       8
       4
       9
       5
       8
       6
       4
       1
       3
       2
       2
       3
       0
       1
       5
       2
       3
       7
       4
       3
       7
       9
       6
       5
       7
       5
       6
       4
       3
       4
       6
       4
       3
       4
       2
       2
       3
       1
       5
      11
       7
       4
       4
       5
       4
       4
       3
       2
       6
       2
       6
       5
       3
       4
       7
       5
       4
       2
       4
       2
       2
       6
       3
       1
       1
       2
       6
       3
       3
       3
       1
       2
       0
       1
       4
       1
       2
       4
       3
       1
       1
       4
       2
       1
       4
       1
       0
       6
       2
       2
       3
       2
       1
       3
       2
       4
       2
       0
       1
       1
       2
       3
       1
       4
       3
       2
       3
       3
       2
       3
       3
       1
       2
       1
       2
       3
       0
       1
       0
       1
       0
       3
       2
       0
       2
       1
       2
       2
       1
       3
       2
       2
       0
       4
       2
       2
       4
       1
       4
       2
       1
       3
       3
       3
       2
       3
       0
       2
       2
       3
       1
       1
       0
       1
       1
       1
       1
       1
       4
       1
       1
       1
       2
       1
       1
       1
       0
       1
       0
       0
       0
       0
       1
       1
       1
       1
       0
       2
       0
       0
       3
       1
       2
       1
       0
       0
       0
       3
       1
       2
       1
       0
       0
       0
       2
       2
       2
       1
       3
       4
       2
       1
       0
       1
       2
       0
       1
       3
       1
       1
       0
       3
       5
       1
       2
       1
       0
       0
       1
       1
       1
       0
       1
       2
       3
       0
       3
       1
       2
       1
       2
       1
       0
       1
       0
       0
       2
       3
       0
       1
       2
       0
       0
       2
       0
       1
       3
       1
       1
       1
       1
       0
       0
       0
       2
       1
       1
       1
       2
       1
       0
       2
       0
       1
       2
       1
       2
       2
       1
       0
       0
       3
       2
       2
       1
       1
       1
       0
       1
       0
       0
       1
       1
       0
       1
       1
       0
       1
       1
       1
       2
       1
       0
       0
       1
       0
       0
       0
       0
       0
       1
       2
       1
       1
       0
       0
       2
       0
       0
       1
       0
       1
       1
       3
       0
       1
       1
       1
       0
       3
       1
       1
       2
       0
       1
       2
       3
       1
       2
       1
       2
       1
       0
       0
       0
       2
       2
       3
       0
       0
       0
       0
       1
       1
       1
       3
       1
       1
       0
       3
       2
       0
       1
       1
       0
       1
       3
       1
       1
       2
       1
       4
       2
       2
       0
       7
       3
       8
       8
      11
       7
      21
      18
      12
      12
      28
      23
      31
      31
      37
      46
      56
      77
      64
      87
     122
     130
     131
     141
     147
     144
     143
     142
     163
     150
     174
     158
     177
     194
     187
     154
     149
     115
      90
      70
      45
      47
      26
      20
      17
       6
      14
       8
       5
       7
       6
       1
       2
       1
       0
       0
       0
       0
       1
       1
       0
       0
       0
       0
       1
       0
       0
       1
       1
       0
       0
       0
       0
       0
       0
       0
       1
       1
       2
       0
       0
       2
       0
       1
       0
       0
       1
       1
       0
       0
       2
       2
       0
       1
       0
       1
       0
       1
       0
       0
       0
       0
       1
       0
       1
       0
       1
       1
       1
       1
       0
       0
       0
       0
       0
       0
       0
       0
       1
       1
       0
       0
       1
       0
       0
       0
       0
       0
       0
       0
       0
       0
       2
       0
       0
       0
       0
       1
       0
       0
       2
       0
       0
       0
       0
       1
       0
       1
       0
       0
       2
       0
       0
       1
       1
       0
       1
       0
       0
       1
       2
       0
       1
       0
       1
       0
       0
       0
       0
       2
       0
       0
       0
       0
       0
       2
       0
       0
       0
       0
       1
       0
       0
       0
       0
       1
       0
       0
       0
       0
       1
       0
       0
       0
       0
       1
       0
       1
       1
       0
       0
       0
       0
       1
       0
       0
       0
       1
       0
       1
       0
       0
       0
       0
       1
       2
       1
       1
       0
       3
       0
       0
       2
       0
       1
       1
       1
       2
       0
       0
       0
       0
       0
       1
       0
       1
       1
       0
       0
       0
       0
       1
       1
       0
       0
       2
       0
       1
       0
       2
       1
       1
       0
       0
       0
       0
       2
       1
       0
       0
       0
       0
       0
       0
       2
       1
       0
       0
       0
       1
       1
       0
       0
       0
       1
       0
       0
       0
       0
       0
       0
       0
       2
       1
       0
       0
       0
       1
       0
       0
       0
       1
       0
       1
       0
       0
       3
       0
       1
       0
       1
       0
       0
       1
       0
       1
       0
       0
       0
       0
       0
       0
       0
       1
       0
       1
       0
       1
       0
       1
       0
       1
       0
       0
       0
       0
       0
       0
       2
       0
       0
       0
       0
       0
       0
       0
       1
       1
       0
       0
       0
       0
       0
       0
       1
       0
       0
       1
       0
       0
       0
       0
       1
       0
       0
       0
       0
       0
       0
       0
       0
       0
       1
       0
       0
       1
       0
       0
       0
       0
       0
       0
       0
       0
       2
       1
       0
       1
       0
       0
       1
       1
       1
       0
       2
       1
       0
       0
       0
       0
       0
       0
       0
       1
       0
       0
       0
       0
       1
       1
       1
       0
       0
       0
       0
       0
       1
       0
       0
       0
       0
       3
       0
       0
       0
       0
       0
       0
       0
       0
       0
       0
       0
       0
       0
       0
       0
       0
       0
       0
       0
       1
       0
       0
       0
       0
       0
       0
       0
       0
       0
       0
       1
       0
       0
       0
       1
       0
       1
       0
       0
       0
       0
       0
       0
       0
       0
       0
       0
       0
       1
       0
       0
       1
       0
       0
       1
       0
       0
       0
       1
       1
       0
       0
       0
       0
       0
       0
       0
       0
       0
       1
       1
       0
       0
       0
       0
       1
       1
       0
       0
       0
       1
       1
       1
       0
       0
       0
       2
       1
       0
       0
       0
       0
       0
       0
       2
       0
       2
       0
       0
       1
       0
       0
       1
       0
       0
       0
       0
       0
       0
       1
       0
       2
       0
       0
       1
       1
       0
       0
       0
       0
       0
       0
       0
       0
       0
       0
       1
       0
       0
       0
       1
       0
       0
       0
       0
       0
       0
       0
       0
       0
       0
       1
       0
       1
       0
       1
       1
       1
       0
       0
       0
       0
       0
       0
       0
       0
       0
       0
       0
       0
       0
       0
       0
       0
       0
       0
       0
       0
       0
       0
       0
       2
       0
       0
       0
       0
       0
       0
       0
       0
       0
       0
       1
       0
       0
       1
       0
       0
       0
       0
       0
       0
       0
       0
       1
       0
       0
       0
       1
       0
       0
       0
       0
       0
       0
       0
       0
       1
       1
       0
       0
       0
       1
       1
       1
       0
       0
       0
       0
       0
       0
       0
       1
       2
       0
       0
       0
       0
       1
       0
       0
       0
       0
       0
       0
       0
       0
       0
       0
       0
       0
       0
       0
       0
       0
       1
       0
       0
       0
       0
       0
       0
       0
       0
       0
       0
       0
       0
       1
       0
       0
       0
       0
       0
       1
       0
       1
       0
       0
       0
       0
       0
       0
       0
       0
       0
       0
       0
       1
       0
       0
       0
       1
       1
       0
       1
       0
       0
       0
       0
       0
       0
       0
       0
       0
       0
       0
       0
       0
       0
       1
       1
       0
       0
       1
       2
       0
       0
       0
       2
       0
       0
       0
       1
       0
       1
       0
       0
       3
       0
       0
       1
       0
       0
       1
       0
       2
       0
       1
       1
       4
       1
       0
       3
       0
       1
       2
       0
       1
       0
       2
       1
       0
       2
       0
       1
       1
       0
       0
       0
       0
       0
       0
       0
       0
       0
       0
       0
       1
       0
       0
       0
       0
       1
       0
       0
       0
       0
       0
       0
       0
       0
       0
       1
       0
       0
       0
       1
       1
       0
       0
       0
       0
       0
       0
       0
       0
       1
       0
       0
       0
       1
       1
       0
       0
       0
       1
       0
       1
       0
       0
       0
       0
       0
       0
       0
       0
       0
       0
       0
       0
       0
       0
       0
       0
       0
       0
       0
       0
       0
       0
       0
       0
       0
       0
       0
       0
       0
       0
       0
       0
       0
       0
       1
       0
       0
       1
       0
       0
       0
       0
       1
       0
       0
       0
       0
       0
       0
       0
       0
       0
       1
       0
       0
       0
       0
       0
       1
       1
       0
       0
       0
       0
       0
       0
       0
       0
       0
       0
       1
       0
       0
       0
       0
       0
       0
       0
       1
       0
       1
       1
       0
       1
       0
       0
       0
       0
       0
       0
       0
       0
       0
       0
       0
       0
       0
       0
       0
       0
       0
       0
       0
       0
       0
       0
       0
       0
       0
       0
       0
       0
       0
       0
       0
       0
       1
       1
       0
       3
       0
       0
       0
       0
       0
       0
       0
       1
       0
       0
       0
       0
       0
       0
       0
       0
       0
       0
       0
       0
       0
       0
       1
       0
       0
       1
       1
       0
       0
       0
       0
       0
       0
       0
       0
       0
       0
       0
       0
       0
       0
       0
       0
       0
       0
       0
       0
       0
       0
       0
       0
       0
       0
       0
       0
       0
       0
       0
       0
       0
       0
       0
       0
       0
       0
       0
       0
       0
       0
       0
       0
       0
       0
       0
       0
       0
       0
       0
       0
       0
       0
       0
       0
       0
       0
       0
       0
       0
       2
       0
       0
       0
       1
       1
       0
       0
       0
       1
       0
       0
       0
       0
       0
       0
       0
       0
       0
       0
       0
       0
       0
       0
       0
       0
       0
       0
       0
       0
       0
       1
       0
       0
       0
       0
       0
       0
       0
       1
       0
       0
       0
       0
       0
       0
       1
       0
       0
       0
       0
       0
       0
       0
       0
       0
       0
       0
       0
       0
       0
       0
       0
       0
       1
       0
       0
       0
       1
       1
       1
       1
       0
       0
       1
       1
       1
       0
       1
       0
       1
       0
       0
       0
       0
       1
       0
       1
       2
       0
       1
       0
       1
       0
       0
       0
       0
       0
       1
       0
       0
       0
       0
       0
       0
       1
       0
       0
       0
       0
       0
       0
       0
       0
       0
       0
       0
       0
       0
       1
       0
       0
       0
       0
       0
       0
       0
       0
       0
       1
       0
       0
       0
       0
       0
       0
       0
       0
       0
       0
       0
       0
       0
       1
       1
       0
       0
       0
       0
       0
       0
       0
       0
       0
       0
       0
       0
       1
       0
       0
       1
       0
       0
       0
       0
       0
       0
       0
       0
       0
       0
       0
       0
       0
       0
       0
       0
       0
       0
       0
       0
       1
       0
       0
       1
       0
       0
       0
       0
       0
       0
       0
       0
       0
       1
       0
       0
       1
       0
       0
       0
       0
       0
       1
       0
       0
       0
       0
       0
       0
       0
       0
       0
       0
       0
       0
       0
       0
       0
       0
       0
       0
       0
       0
       0
       0
       1
       0
       0
       0
       0
       0
       0
       0
       0
       0
       0
       0
       0
       0
       0
       0
       0
       0
       1
       0
       1
       0
       1
       0
       0
       0
       2
       0
       0
       1
       0
       0
       1
       0
       0
       0
       0
       1
       0
       0
       0
       0
       0
       0
       0
       1
       0
       0
       0
       0
       0
       0
       0
       0
       0
       0
       0
       0
       0
       0
       1
       2
       0
       0
       1
       1
       0
       0
       0
       0
       1
       1
       0
       1
       0
       0
       0
       0
       0
       0
       0
       0
       0
       0
       0
       1
       0
       1
       1
       1
       1
       0
       1
       0
       0
       0
       0
       0
       0
       0
       0
       1
       0
       0
       0
       0
       0
       0
       0
       0
       0
       0
       0
       0
       0
       0
       0
       0
       0
       0
       0
       0
       0
       1
       0
       0
       0
       0
       0
       0
       0
       0
       0
       1
       0
       0
       0
       0
       0
       0
       0
       0
       0
       0
       0
       0
       0
       0
       1
       0
       0
       0
       0
       1
       0
       0
       1
       1
       0
       0
       0
       0
       0
       0
       0
       2
       0
       0
       0
       0
       0
       0
       0
       0
       0
       0
       0
       0
       0
       0
       0
       0
       0
       0
       0
       0
       0
       0
       1
       0
       0
       0
       0
       0
       0
       1
       0
       0
       0
       0
       0
       0
       0
       0
       0
       0
       0
       0
       0
       0
       0
       0
       0
       0
       0
       0
       0
       0
       0
       0
       0
       0
       0
       0
       0
       0
       0
       0
       0
       0
       0
       0
       0
       0
       1
       0
       0
       0
       0
       0
       0
       0
       0
       0
       0
       0
       1
       0
       1
       0
       0
       0
       0
       1
       0
       0
       0
       0
       0
       0
       0
       0
       0
       0
       0
       0
       0
       0
       0
       0
       0
       0
       0
       0
       0
       0
       0
       1
       0
       0
       0
       0
       0
       0
       0
       0
       0
       0
       0
       0
       0
       0
       0
       0
       0
       0
       0
       0
       1
       0
       0
       0
       0
       0
       0
       0
       1
       0
       0
       0
       0
       0
       0
       0
       0
       0
       0
       0
       1
       0
       0
       0
       0
       0
       1
       0
       0
       0
       0
       0
       0
       0
       0
       0
       0
       0
       0
       0
       0
       0
       0
       0
       1
       0
       0
       0
       0
       0
       0
       0
       1
       0
       0
       0
       0
       0
       0
       0
       0
       0
       0
       0
       0
       0
       0
       0
       0
       0
       0
       0
       0
       1
       0
       0
       0
       0
       0
       0
       0
       0
       0
       0
       0
       0
       0
       0
       0
       0
       0
       0
       0
       0
       0
       0
       0
       0
       0
       0
       0
       1
       0
       0
       0
       0
       0
       0
       0
       0
       0
       0
       0
       0
       0
       0
       0
       0
       0
       1
       0
       0
       0
       0
       0
       0
       0
       0
       0
       0
       0
       0
       1
       0
       0
       0
       0
       0
       0
       0
       0
       0
       0
       0
       0
       0
       0
       0
       0
       0
       0
       0
       0
       0
       1
       0
       0
       0
       0
       0
       0
       0
       0
       0
       0
       0
       0
       0
       0
       1
       0
       0
       0
       0
       0
       0
       0
       0
       0
       1
       0
       0
       0
       0
       0
       0
       0
       0
       0
       0
       0
       0
       1
       0
       0
       1
       0
       0
       0
       0
       0
       0
       0
       0
       0
       0
       0
       0
       0
       0
       0
       0
       0
       0
       0
       0
       0
       0
       1
       0
       0
       1
       0
       0
       1
       0
       0
       0
       0
       0
       0
       1
       0
       0
       0
       0
       0
       0
       0
       0
       0
       0
       0
       1
       1
       0
       0
       1
       0
       0
       0
       0
       0
       0
       0
       0
       0
       0
       0
       0
       0
       0
       0
       1
       0
       0
       0
       0
       0
       0
       1
       0
       0
       0
       0
       0
       0
       0
       0
       0
       0
       0
       0
       0
       0
       0
       1
       0
       0
       0
       0
       0
       0
       0
       0
       0
       0
       0
       0
       0
       0
       0
       0
       0
       0
       0
       0
       0
       0
       0
       0
       0
       0
       0
       0
       0
       0
       0
       0
       0
       0
       1
       0
       0
       0
       1
       0
       0
       0
       1
       0
       0
       0
       0
       0
       0
       0
       0
       0
       0
       0
       0
       1
       1
       0
       0
       0
       0
       0
       1
       0
       0
       0
       0
       0
       0
       0
       0
       1
       0
       0
       1
       0
       0
       0
       0
       0
       0
       0
       0
       0
       0
       0
       0
       0
       0
       0
       0
       0
       0
       0
       0
       0
       0
       0
       0
       0
       0
       0
       0
       0
       1
       0
       0
       0
       0
       0
       1
       0
       0
       0
       0
       1
       0
       0
       0
       0
       0
       0
       0
       0
       0
       0
       0
       0
       0
       0
       0
       0
       0
       0
       0
       0
       0
       0
       0
       0
       1
       0
       0
       0
       0
       0
       0
       0
       1
       0
       0
       0
       0
       0
       0
       0
       0
       0
       0
       0
       0
       0
       0
       0
       0
       0
       0
       0
       0
       0
       0
       0
       0
       0
       0
       1
       0
       1
       0
       0
       0
       0
       0
       1
       0
       0
       0
       0
       0
       0
       0
       0
       0
       0
       0
       1
       0
       0
       0
       0
       0
       0
       0
       0
       1
       0
       0
       0
       0
       0
       0
       0
       0
       0
       0
       0
       0
       0
       0
       0
       0
       0
       0
       0
       0
       0
       1
       1
       0
       0
       0
       0
       0
       0
       0
       0
       0
       0
       0
       1
       0
       0
       0
       0
       0
       0
       0
       0
       0
       0
       0
       1
       0
       0
       0
       0
       1
       0
       0
       0
       1
       0
       0
       0
       0
       0
       1
       0
       0
       0
       0
       0
       0
       0
       0
       0
       0
       0
       0
       0
       1
       0
       0
       0
       0
       0
       1
       0
       0
       0
       0
       0
       0
       0
       0
       0
       0
       0
       0
       0
       0
       0
       0
       0
       0
       0
       0
       0
       0
       0
       0
       0
       0
       0
       0
       0
       0
       0
       0
       0
       1
       0
       0
       0
       1
       0
       0
       0
       0
       1
       0
       0
       0
       0
       0
       0
       0
       0
       0
       0
       0
       0
       0
       1
       0
       1
       0
       1
       0
       1
       0
       0
       0
       0
       0
       0
       1
       1
       0
       0
       0
       0
       0
       0
       0
       0
       0
       0
       0
       0
       1
       0
       0
       0
       0
       0
       0
       0
       0
       0
       0
       0
       0
       0
       0
       0
       0
       0
       0
       1
       0
       0
       0
       0
       0
       0
       0
       0
       0
       0
       0
       0
       0
       1
       0
       0
       0
       0
       0
       0
       0
       0
       0
       0
       0
       0
       0
       0
       0
       0
       0
       0
       0
       0
       0
       0
       0
       0
       0
       0
       0
       0
       0
       0
       0
       0
       0
       0
       0
       1
       0
       1
       0
       0
       0
       0
       0
       0
       0
       0
       0
       0
       0
       1
       0
       0
       0
       0
       0
       0
       0
       0
       0
       0
       0
       0
       0
       0
       0
       0
       0
       0
       1
       0
       0
       0
       0
       0
       0
       0
       0
       0
       0
       0
       0
       0
       0
       1
       0
       1
       0
       0
       0
       0
       0
       0
       0
       0
       0
       0
       0
       0
       0
       1
       0
       0
       0
       0
       0
       0
       0
       0
       0
       0
       0
       0
       0
       0
       0
       0
       0
       0
       0
       0
       0
       0
       0
       0
       0
       0
       0
       0
       0
       0
       0
       0
       0
       0
       0
       0
       0
       0
       0
       0
       0
       0
       0
       0
       0
       0
       0
       0
       1
       0
       0
       0
       0
       0
       0
       0
       0
       0
       0
       0
       0
       1
       0
       0
       0
       0
       0
       0
       0
       0
       0
       0
       0
       0
       1
       0
       0
       0
       0
       0
       0
       0
       0
       1
       0
       0
       0
       0
       1
       0
       0
       0
       0
       0
       0
       0
       0
       0
       0
       0
       0
       0
       0
       0
       0
       0
       1
       0
       0
       0
       0
       0
       0
       1
       0
       0
       0
       1
       0
       0
       0
       0
       0
       0
       0
       0
       0
       1
       0
       0
       0
       0
       0
       0
       1
       0
       0
       0
       0
       0
       0
       0
       0
       0
       0
       0
       0
       0
       0
       0
       0
       1
       0
       0
       0
       0
       0
       0
       0
       0
       1
       0
       0
       0
       0
       0
       0
       0
       0
       0
       0
       1
       0
       0
       0
       0
       0
       0
       0
       0
       0
       0
       0
       0
       0
       0
       0
       0
       0
       0
       0
       0
       0
       0
       0
       1
       0
       0
       0
       0
       0
       0
       0
       0
       0
       0
       0
       0
       0
       0
       0
       0
       0
       0
       0
       0
       0
       0
       0
       0
       0
       0
       0
       0
       0
       0
       0
       0
       1
       0
       0
       0
       1
       0
       0
       0
       1
       1
       0
       0
       0
       0
       0
       0
       0
       0
       0
       0
       0
       0
       0
       0
       0
       0
       0
       0
       0
       0
       0
       0
       0
       0
       0
       0
       0
       0
       0
       0
       0
       0
       0
       0
       0
       0
       0
       0
       0
       0
       0
       0
       0
       0
       0
       0
       0
       0
       0
       0
       0
       0
       0
       0
       0
       0
       0
       0
       0
       0
       0
       0
       0
       0
       0
       0
       0
       0
       0
       0
       0
       0
       0
       0
       0
       0
       0
       0
       0
       0
       0
       0
       0
       0
       0
       0
       0
       0
       0
       0
       0
       0
       0
       0
       0
       0
       0
       0
       0
       0
       0
       0
       0
       0
       0
       0
       0
       0
       0
       0
       0
       0
       0
       0
       0
       0
       0
       0
       0
       0
       0
       0
       0
       0
       0
       0
       0
       0
       0
       0
       0
       0
       0
       0
       0
       0
       0
       0
       0
       0
       0
       0
       0
       0
       0
       0
       0
       0
       0
       0
       0
       0
       0
       0
       0
       0
       0
       0
       0
       0
       0
       0
       0
       0
       0
       0
       0
       0
       0
       0
       0
       0
       0
       0
       0
       0
       0
       0
       0
       0
       0
       0
       0
       0
       0
       0
       0
       0
       0
       0
       0
       0
       0
       0
       0
       0
       0
       0
       0
       0
       0
       0
       0
       0
       0
       0
       0
       0
       0
       0
       0
$ROI:
0
$PRESETS:
None
0
0
$ENER_FIT:
-0.547189 0.388971
$MCA_CAL:
3
-5.471888E-001 3.889708E-001 0.000000E+000 keV
$SHAPE_CAL:
3
0.000000E+000 0.000000E+000 0.000000E+000
