$SPEC_ID:
Cs137
$SPEC_REM:
DET# 2
DETDESC# DETECTOR 2
AP# GammaVision Version 7.01.03
$DATE_MEA:
12/06/2017 09:57:03
$MEAS_TIM:
24471 24473
$DATA:
0 8191
       0
       0
       0
       0
       0
       0
       0
       0
       0
       0
       0
       0
       0
       0
       0
       0
       0
       0
       0
       0
       0
       0
       0
       8
    2076
    3750
     396
     323
     189
     163
     218
     289
     377
     598
     561
     443
     348
     325
     313
     358
     470
     567
     654
     543
     404
     344
     300
     300
     333
     334
     360
     326
     298
     307
     269
     295
     292
     273
     289
     343
     382
     461
     538
     509
     444
     375
     365
     345
     339
     375
     393
     366
     326
     321
     271
     260
     241
     285
     225
     244
     247
     190
     209
     188
     169
     179
     146
     149
     135
     126
     143
     132
     126
     116
     106
      96
     102
     108
      94
     105
      96
      84
      85
      81
      65
      58
      60
      57
      60
      48
      57
      60
      44
      68
      70
      54
      58
      73
      74
      85
     106
     112
      76
      59
      50
      83
      56
      55
      63
      59
      68
      55
      66
      77
      70
      55
      71
      74
      87
      98
      93
      78
      58
      64
      62
      82
      52
      69
      62
      62
      57
      83
      90
      71
      67
      87
      74
      70
      53
      80
      72
      89
     145
     235
     241
     190
     124
      95
      82
      71
      67
      78
     100
      80
      75
      96
      78
      94
      84
      90
      84
     102
      91
      96
      98
     116
     128
     178
     221
     228
     168
     154
     186
     324
     287
     251
     180
      82
      76
      66
      86
      61
      76
      45
      53
      70
      67
      58
      57
      68
      69
      44
      64
      58
      66
      90
      61
     114
     165
     184
     179
     115
      90
      69
      73
      79
      99
      85
      63
      44
      54
      50
      64
      61
      60
      76
      78
     128
     184
     265
     249
     185
     116
      75
      47
      67
      65
      50
      56
      64
      54
      59
      69
      58
      59
      53
      56
      45
      58
      45
      40
      54
      49
      50
      59
      57
      56
      37
      64
      51
      63
      42
      64
      55
      60
      56
      56
      51
      64
      38
      47
      59
      51
      60
      56
      53
      48
      49
      51
      52
      54
      62
      58
      47
      62
      58
      52
      43
      55
      51
      57
      41
      45
      53
      50
      49
      45
      51
      44
      56
      47
      54
      45
      46
      57
      45
      64
      63
      51
      53
      55
      44
      49
      47
      48
      50
      60
      58
      49
      45
      45
      55
      54
      36
      52
      49
      44
      68
      55
      55
      41
      54
      44
      53
      60
      44
      56
      54
      50
      60
      47
      56
      53
      57
      52
      55
      61
      51
      56
      58
      42
      70
      67
      51
      63
      55
      64
      42
      55
      64
      77
      69
      69
      62
      68
      40
      59
      51
      58
      57
      56
      54
      45
      56
      56
      56
      52
      53
      57
      50
      60
      61
      65
      54
      50
      51
      48
      48
      56
      66
      70
      45
      63
      60
      53
      58
      53
      59
      58
      58
      60
      62
      59
      49
      59
      61
      68
      69
      64
      64
      57
      72
      79
      68
      64
      63
      68
      71
      56
      74
      50
      64
      51
      78
      61
      56
      57
      54
      55
      52
      72
      73
      55
      64
      58
      59
      61
      50
      64
      47
      55
      58
      55
      80
      54
      56
      37
      50
      49
      60
      56
      54
      59
      51
      61
      42
      40
      53
      49
      48
      48
      31
      56
      55
      54
      44
      63
      66
     106
     135
     134
     108
      83
      47
      58
      44
      56
      49
      35
      71
      59
      68
      72
      62
      58
      50
      39
      49
      43
      45
      45
      55
      39
      43
      50
      40
      34
      44
      38
      45
      41
      47
      46
      48
      43
      52
      39
      47
      30
      30
      44
      40
      28
      46
      38
      39
      46
      47
      41
      49
      49
      48
      50
      41
      45
      51
      43
      48
      56
      53
      38
      48
      39
      45
      28
      34
      37
      40
      31
      43
      40
      35
      35
      32
      42
      40
      37
      43
      36
      46
      38
      37
      30
      30
      40
      34
      36
      34
      42
      30
      31
      34
      30
      28
      36
      45
      40
      45
      40
      32
      38
      20
      37
      27
      27
      31
      34
      37
      29
      31
      32
      31
      36
      38
      49
      30
      43
      33
      28
      51
      18
      32
      43
      37
      34
      30
      34
      38
      35
      41
      28
      35
      38
      39
      46
      54
      62
      49
      36
      39
      37
      27
      36
      41
      33
      38
      36
      30
      27
      30
      39
      32
      36
      27
      24
      28
      25
      28
      33
      24
      30
      25
      27
      28
      31
      20
      22
      23
      36
      20
      35
      23
      38
      34
      30
      26
      40
      28
      35
      33
      29
      28
      30
      27
      28
      26
      37
      31
      28
      27
      31
      21
      33
      26
      25
      24
      31
      19
      19
      26
      27
      24
      29
      30
      30
      26
      20
      31
      25
      20
      32
      23
      22
      24
      18
      23
      32
      16
      27
      20
      31
      20
      28
      28
      24
      21
      23
      36
      17
      25
      26
      24
      33
      29
      19
      21
      21
      19
      25
      23
      18
      19
      25
      38
      29
      23
      14
      23
      25
      19
      27
      22
      19
      20
      27
      22
      39
      24
      20
      20
      27
      23
      22
      24
      31
      20
      30
      15
      18
      27
      18
      25
      36
      23
      24
      21
      23
      32
      30
      27
      30
      32
      25
      27
      29
      24
      24
      27
      19
      13
      23
      26
      19
      17
      21
      14
      32
      18
      22
      26
      23
      23
      22
      15
      20
      28
      19
      23
      23
      16
      17
      22
      20
      21
      19
      22
      23
      13
      28
      24
      23
      34
      19
      19
      23
      24
      16
      18
      14
      14
      35
      22
      19
      20
      22
      16
      30
      26
      20
      20
      25
      17
      20
      21
      23
      22
      17
      18
      13
      28
      25
      30
      24
      29
      20
      23
      22
      15
      21
      31
      22
      30
      31
      18
      31
      25
      26
      23
      18
      15
      23
      20
      19
      14
      22
      29
      25
      20
      21
      27
      34
      33
      64
     122
     281
     462
     656
     729
     701
     557
     339
     180
      72
      26
      24
      21
      20
      17
      20
      22
      21
      26
      21
      22
      28
      22
      34
      22
      13
      19
      21
      24
      20
      10
      17
      18
      22
      16
      21
      25
      11
      16
      10
      16
      19
      25
      34
      37
      28
      23
      23
      18
      26
      16
      19
      15
      15
      14
      16
      15
      16
      19
      25
      20
       7
      22
      23
      17
      11
      11
      15
      19
      24
      18
      17
      20
      16
      18
      22
      19
      14
      18
      16
      19
      12
      18
      14
      19
      12
      17
      11
      13
      15
      15
      19
       9
      14
      17
      19
      13
      13
      20
      17
      24
      19
      12
      10
      16
      19
      16
      15
      17
      14
      22
      21
      10
      14
      16
      20
      16
      11
      20
      13
      11
      16
      16
      20
       8
      13
      15
      20
      13
      15
      14
      16
      14
      20
      19
      21
      16
      19
      10
      18
      13
      19
      10
      18
      16
      16
      19
      17
      22
      13
      22
      12
      16
      11
      15
      16
      22
      20
      17
      14
      11
      15
      16
      12
      25
      25
      17
      16
      10
      13
      11
      15
      14
      19
      10
      26
      18
      17
      14
      23
      19
       8
      12
      20
      16
       8
       6
      13
      16
      21
      13
      17
      21
      14
      15
      15
      14
      12
      16
      26
      19
      17
      13
       7
       9
      13
      11
      17
      11
      19
      15
      13
      15
      13
      23
      24
      18
      14
      13
      10
      14
      20
      20
      17
      18
      14
      12
      13
      15
      15
      12
       9
      13
      15
      18
      17
      14
      18
       9
      13
      11
       9
      13
      20
      12
      13
      28
      12
      11
      13
      11
      18
      16
       7
       6
      16
      16
      18
      16
      14
       9
      11
      12
      15
      17
      12
      12
      14
      10
      13
      12
      11
       8
      14
      11
      15
      20
      16
      17
      16
      12
      13
      13
      10
      14
       9
      14
      12
      11
      11
      14
      10
       9
      14
      17
      18
      18
       8
       9
      11
       8
      11
      15
      10
      15
      11
      13
       8
      11
      18
      13
      15
      12
      14
      16
      16
      17
      12
       7
      12
       6
      13
      22
      18
      16
       8
       9
      12
      12
      12
      10
      13
      23
      13
      15
      14
      12
      14
      15
      15
      16
      13
      16
      14
      22
       6
      12
      16
       9
      17
      14
       9
      13
      18
      11
      13
      16
      18
      13
      13
      11
      12
      13
      16
       9
      11
       7
      16
      12
      12
      16
       9
      13
      12
       5
      15
      17
      12
      13
      12
       6
       8
      14
      13
      10
       8
       8
       9
      13
      10
      12
       9
      12
      12
      12
      17
      14
      15
      21
      17
      12
      11
      13
      12
       6
      14
      17
      15
      13
       9
      18
      17
      13
       8
      14
      13
      17
      17
      16
       7
       8
      10
       7
       8
       7
       6
      13
      12
      18
      18
      16
       9
      12
      10
      14
      14
      13
      16
      16
       6
       8
       9
      17
      11
      15
      20
      21
      33
      22
      40
      35
      58
      77
      63
      64
      68
      74
      54
      43
      28
      25
      25
      18
      10
      13
      15
      12
      12
      12
      14
      12
      11
      17
       9
       8
      10
      13
      12
       9
      10
      11
       7
      12
      11
      11
       5
       8
      12
       7
      19
       9
       8
      10
      18
      12
      14
      11
      10
      10
      13
      14
       9
      18
       9
      13
      10
       7
       5
      21
      13
      13
      10
       8
      12
       6
      11
      11
       5
      13
       8
      13
      18
      14
      11
      10
       6
      18
      10
      14
      10
      15
      15
      15
      16
      10
      10
       8
      12
       6
       8
      14
       8
      12
      18
      12
      11
      19
      13
       8
       8
       8
      17
      13
       9
       6
       6
      16
       8
      17
      10
       8
      10
       9
       7
      13
       6
      22
      11
       7
       7
      10
      15
       3
       9
      13
      14
      15
      11
       9
       8
      12
       7
       9
       8
      11
      10
      10
      18
      11
       8
      11
      12
      11
       8
      21
       5
       7
      13
      13
      16
       7
       8
      19
       8
      16
      12
      10
       9
      15
      11
      12
      10
       9
      12
       8
       8
      13
      15
       8
      11
      17
      11
      12
       8
      14
      10
      12
       5
      13
      17
       8
       8
      14
      17
      12
       8
      11
      14
      11
      19
      18
      16
      15
      15
       9
      11
      10
       8
      12
      16
      18
      11
       8
      18
      11
      13
      14
      12
       8
      12
      11
       7
       7
      15
      10
       8
      12
      10
       7
      12
       9
      15
       9
      16
      15
      12
      10
      15
      12
      12
      14
      11
      12
      21
      15
      14
       9
      10
      11
      17
      10
      13
      17
      15
      13
      12
      15
      13
      12
       8
      15
      12
       9
      13
      17
      10
      19
      12
      25
      13
      16
      15
       9
       7
      15
       8
      13
      11
       6
       7
      11
       9
      10
      10
      13
       7
      17
      18
      10
       9
       4
      10
      10
       8
      15
      10
      10
       9
      11
       9
       8
       9
       8
      10
      11
       7
       9
      10
      18
      10
      13
       5
       7
       9
       7
       8
      11
       9
       9
       2
       7
       9
      11
      10
       9
      10
      14
      11
       9
      11
       8
      13
      10
       6
      10
      16
      12
       6
      16
       4
       7
       8
       8
       9
       4
       6
       8
       9
      12
       7
       7
       9
       9
      17
      13
      13
      13
       7
       9
      10
       8
       8
      14
      12
       6
       6
       7
      13
      14
       7
       7
       5
       3
       8
      12
       4
       6
       4
      13
       5
      18
       9
       8
      12
      16
       6
       6
       7
       8
       9
       4
       7
       5
       9
       7
       9
       5
      15
      17
      10
      12
      12
      20
       5
      10
      10
       6
       5
      17
       9
       5
       6
      16
       7
       6
      14
      11
       9
      12
      11
      14
       8
       8
       5
       6
       7
      13
       8
      12
      12
      11
       9
       5
       9
       8
       6
       8
       8
      11
      12
      13
      11
      12
      11
      11
       6
       8
      12
      11
       7
       8
       5
       6
       9
      14
       6
      12
      14
       4
      10
       8
      14
       8
       8
      12
      11
       8
       8
      12
       6
      10
      12
      11
      13
       8
      13
       9
      17
      12
       8
      10
      14
       8
       6
      12
      14
      13
      14
      10
       8
      14
       7
      12
      12
       9
       8
      11
       7
       9
       8
      10
       7
       4
      10
       7
       7
       8
       9
       9
       6
      10
      10
      12
      13
       9
      13
      14
      11
       8
      12
       8
       6
       8
       6
      10
       7
      13
       8
       9
       4
      11
      11
      11
      11
      10
       7
      13
       7
      15
      12
       9
       8
       7
      11
       7
      11
       8
       5
      10
      10
       7
       6
       4
      10
       5
       8
      15
       3
      16
       6
      14
      12
       9
      11
      10
       4
      10
       8
       4
       6
       9
      12
      11
       9
       5
       9
       3
       7
       7
      10
       6
       7
       9
      12
       7
       7
       5
       6
       8
       9
       6
       7
       7
      12
       1
       6
       9
       9
       8
       7
      10
      11
      11
       4
       8
      10
       7
       8
       5
      10
       4
       8
       7
       9
      11
      13
      10
       7
       7
       8
       6
       2
       4
       9
       4
       6
       9
       8
       8
       5
       8
       5
       8
       6
       8
       6
       9
      10
       4
       8
       4
       5
       4
       8
      11
       8
      12
       8
       9
      13
       7
       8
      10
       6
       9
       9
       4
      11
       7
       9
      12
      13
      16
       5
       3
       7
       6
       3
       9
      15
       7
      13
       8
       7
       5
      10
       9
      13
       5
       9
       3
       5
       9
       4
       9
       6
       4
      10
      11
       3
       6
       9
       5
      11
       6
       6
       6
       6
       4
       1
       9
      11
       5
       5
       8
      11
       8
       9
      10
       6
      11
      12
       7
       7
      11
      10
       9
       6
       8
       8
       8
       6
      11
      10
       5
      14
      15
       6
       5
       8
       4
       7
       7
       6
       5
      10
      14
       5
       8
       4
      11
      12
       6
       9
       8
       7
       6
       7
       7
       9
       4
       8
      12
       3
       8
       8
       8
       6
      10
       8
       2
       6
       7
       6
       6
       7
       9
       7
       7
       5
       8
      12
       9
       8
       7
       2
      10
       8
       5
       2
       6
       6
       5
       7
       7
       5
      11
       9
       6
       4
       2
       7
       8
       7
      11
       5
       2
       6
       6
      11
      12
       5
       4
       7
       5
       6
       5
       3
      10
       3
       8
       5
       6
       6
      11
       8
      11
       4
       6
       5
       6
       5
       6
       7
       7
       3
       5
       8
       7
       5
       8
       6
       5
       5
       9
       6
       2
       8
       8
      11
       6
       7
      10
       8
      11
       5
       9
       7
       5
       8
      10
      12
      11
       6
       8
       9
       5
       7
       7
       6
       4
       7
       3
       6
      10
      10
       5
       8
       6
       6
       5
       7
       9
       8
      13
       5
      12
      11
       8
      10
       2
      12
       6
      10
       8
       6
       7
       9
      14
       8
       7
       8
       8
       6
       7
      11
      10
       4
       6
       7
       5
       5
       4
      10
       9
       4
       6
      10
       4
       7
       7
      10
       6
       8
       7
      11
      10
       5
       7
       7
       9
       4
       8
       4
       7
       2
       9
       9
       8
       8
       5
       5
       9
      10
       8
      10
       6
       7
       7
      11
       7
       8
       4
       9
      10
       5
       5
       5
       5
       8
       3
       8
       6
       6
       8
      11
       6
       6
       5
       7
       9
       6
       8
       9
      13
       6
       5
      13
       2
       3
       8
       3
       4
       6
       4
       9
       6
       6
       6
       6
      12
       8
       7
       4
       4
       6
       4
       2
       5
       7
       6
       7
       2
       7
       4
       5
       0
       4
       1
       5
       3
       9
       8
       6
       6
       8
       2
       6
       9
       3
       8
      10
       5
       4
       2
       5
       7
      10
       5
      10
       7
       5
      11
       6
       7
       7
       5
       8
       5
       7
       1
       3
       4
      11
       4
       9
       4
       9
       8
       8
       5
      12
      10
       3
      12
      12
       5
       4
       9
       6
       6
      10
       5
       9
      13
       6
       9
       8
       9
       6
       6
       4
       6
       6
       5
       7
       3
       7
       5
       8
       8
       8
       5
       4
       9
      14
       4
       6
       9
       6
       3
       4
      11
       5
       9
       5
       3
       3
       6
       3
       7
       9
       3
       5
       4
       7
       3
       6
       7
       3
      10
       8
       4
       1
      10
       1
       4
       4
       8
       7
       9
       6
       8
       4
       7
       3
       5
       4
       7
       6
       4
       4
       3
       5
       4
       4
       8
      12
       6
       6
       7
       8
       4
      14
       8
       4
       4
       3
       5
       3
       7
       5
       2
       3
      10
       6
       5
       4
       7
       7
       3
       3
       4
       2
       9
       5
       8
       9
       2
       5
       5
      10
       3
       4
       8
       6
       6
       0
       5
       4
       9
       8
       7
       3
       7
       4
       5
       8
       4
       4
       6
       4
       4
      10
      11
       9
       8
       6
       8
      14
       6
       6
       4
       3
       5
      11
       7
       6
       5
       4
       7
       5
       4
       2
       6
       7
       6
       6
       3
       8
       3
       9
       7
       3
       7
       3
       3
       4
       4
       8
       6
       5
       6
       3
       5
       3
       8
       6
       2
       7
       3
       6
       7
       3
       6
       7
       5
       6
       8
       4
       4
       6
       4
       3
       2
       5
       5
       4
       4
       6
       6
       8
       7
       4
       6
       8
       2
       6
       5
       6
       2
       5
       4
       7
       6
       5
       4
       3
       7
      10
      10
       9
       4
       8
       7
       6
      13
      13
      12
       7
       5
       5
       2
       3
       7
       3
       4
       7
       5
       2
       7
       3
       4
       9
       3
       4
       7
      10
       6
       8
       8
       5
       4
       3
       6
       3
       2
       5
       7
       3
       7
       9
       7
       5
       3
       7
       5
       3
       4
       2
       4
       3
       3
       7
       3
       5
       6
       8
       6
       1
       5
       3
       5
       1
       4
       2
       9
       4
      11
       6
       4
       2
       7
       4
       5
       4
       3
       9
       3
       4
       3
       5
       6
       5
       3
       8
       7
       5
       4
       7
       6
       3
       8
       4
       3
       6
       7
       6
       4
       7
       1
       2
       9
       7
       7
       4
       7
       6
       3
       4
       5
      10
       9
       8
       6
       4
       3
       6
       1
       7
       5
       6
       5
       4
       6
       5
       6
       5
       3
       4
       8
       2
       6
       5
       2
       3
       7
       5
       7
       4
       8
       6
       7
       4
       5
       5
       7
       5
       7
       4
       3
       2
       2
       9
       6
       5
       5
       0
       3
       6
       2
       6
       4
      11
       4
       7
      11
       6
       7
       6
       5
       8
       3
       7
       6
       2
       9
       3
       7
       7
       3
       4
       9
       4
       4
       4
       8
       1
       8
       4
       6
       5
       4
       3
       3
       8
       5
       3
       3
       6
       7
       2
       5
       6
       5
       5
       1
       5
       8
       3
       8
       2
       4
       6
       3
       3
       5
       2
       6
       6
       4
       3
       4
       1
       5
       4
       2
       4
       3
       5
       4
       3
      10
       4
       2
       4
       5
      10
      10
       3
       4
       4
       4
       2
       8
       4
       3
       5
       8
       8
       6
       7
       4
       7
       2
       4
       3
       3
       4
       8
       4
       3
       2
       5
       5
       5
       3
       1
       7
       8
       5
       3
       5
       8
       4
       4
       2
       4
       5
       4
       4
       3
       5
       2
       5
       2
       4
       7
       4
       4
       2
       4
       3
       1
       4
       1
       2
       8
       3
       5
       6
       5
       4
       8
       7
       3
       3
       3
       5
       7
       7
       6
       5
       8
       7
       7
       6
       6
       3
       2
       6
       4
       5
       3
       2
       2
       6
       7
       3
       4
       6
       5
       7
       3
       5
       4
       3
       2
       5
       5
       4
       4
       7
       5
       4
       8
       5
       6
       1
       4
       2
       4
       9
       1
       3
       5
       2
       4
       7
       3
       4
       3
       4
       7
       2
       4
       3
       2
       4
       6
       2
       3
       7
       4
       6
       1
       2
       3
       4
       4
       2
       7
       4
       3
       2
       2
       5
       4
       2
       5
       4
       2
       5
       3
       5
       1
       3
       3
       5
       6
       8
       7
       6
       2
       2
       3
       6
       5
       6
       6
       4
       7
       7
       5
       8
       7
       5
       3
       6
       3
       4
       6
       3
       3
       5
       4
       1
       4
       4
       8
       3
       4
       4
       4
       1
       2
       2
       3
       1
       3
       3
       4
       4
       2
       3
       2
       5
       7
       1
       2
       3
       4
       2
       5
       1
       5
       6
       7
       4
       6
       7
       3
       4
       2
       1
       3
       3
       4
       6
       7
       4
       2
       3
       2
       5
       2
       4
       3
       5
       2
       5
       0
       4
       4
       4
       3
       4
       2
       3
       1
       3
       4
       1
       3
       9
       7
       6
       4
       4
       4
       7
       3
       5
       1
       2
       3
       6
       5
       4
       6
       5
       3
       3
       6
       1
       4
       6
       4
       5
       5
       2
       5
       3
       5
       1
       4
       3
       6
       5
       5
       0
       5
       4
       1
       3
       3
       9
       3
       2
       4
       5
       3
       5
       4
       4
       2
       1
       4
       3
       3
       4
       2
       2
       8
       1
       5
       3
       7
       5
       0
       3
       5
       4
       2
       4
       5
       0
       2
       3
       2
       4
       4
       5
       4
       6
       2
       5
       2
       4
       2
       4
       3
       2
       9
       3
       5
       7
       4
       3
       3
       2
       6
       5
       4
       1
       4
       3
       4
       3
       6
       5
       3
       4
       8
       4
       5
       2
       2
       3
       3
       6
       1
       4
       3
       5
       7
       7
       5
       1
       6
       4
       8
       2
       4
       5
       1
       3
       6
       2
       2
       5
       5
       2
       6
       7
       5
       1
       3
       1
       1
       2
       4
       4
       4
       6
       4
       2
       1
       5
       3
       3
       2
       8
       6
       1
       7
       4
       3
       3
       3
       4
       6
       6
       5
       4
       6
       4
       1
       3
       3
       4
       3
       3
       2
       2
       4
       5
       2
       4
       5
       3
       3
       2
       0
       4
       6
       7
       2
       5
       3
       8
       5
       2
       1
       2
       2
       1
       3
       3
       4
       1
       4
       4
       1
       6
       6
       5
       4
       5
       2
       1
       2
       5
       8
       2
       1
       6
       7
       6
       3
       4
       5
       2
       2
       3
       2
       3
       3
       4
       5
       2
       4
       0
       5
       5
       3
       2
       0
       2
       1
       6
       2
       3
       5
       3
       3
       2
       1
       4
       5
       5
       5
       1
       3
       4
       2
       6
       2
       4
      10
       4
       3
       4
       5
       6
       6
       4
       5
       5
       7
       5
       4
       2
       2
       6
       3
       3
       4
       2
       2
       4
       5
       4
       4
       4
       2
       4
       4
       1
       7
       3
       3
       4
       0
       6
       3
       1
       4
       1
       3
       4
       2
       6
       3
       3
       4
       3
       3
       3
       6
       4
       5
       2
       2
       4
       3
       2
       3
       1
       4
       4
       3
       4
       7
       3
       4
       3
       2
       2
       5
       5
       1
       4
       2
       2
       5
       3
       4
       3
       1
       0
       3
       3
       4
       2
       5
       3
       1
       1
       3
       7
       6
       1
       4
       0
       3
       5
       3
       1
       6
       1
       6
       7
       6
       3
       4
       1
       4
       2
       0
       2
       2
       2
       3
       6
       5
       2
       4
       4
       3
       1
       8
       2
       4
       1
       0
       1
       3
       3
       4
       5
       4
       7
       4
       0
       4
       2
       1
       2
       1
       1
       0
       3
       3
       6
       3
       3
       5
       5
       5
       3
       2
       2
       2
       2
       3
       4
       2
       2
       3
       6
       4
       4
       4
       5
       4
       2
       0
       4
       1
       3
       1
       3
       3
       4
       1
       5
       2
       2
       8
       0
       5
       4
      10
       1
       4
       5
       1
       2
       8
       3
       2
       0
       2
       4
       3
       1
       5
       4
       6
       3
       1
       3
       5
       4
       2
       3
       4
       3
       5
       3
       4
       5
       1
       3
       4
       2
       1
       2
       4
       2
       2
       2
       2
       0
       3
       6
       4
       3
       5
       2
       3
       2
       7
       1
       3
       5
       6
       3
       5
       5
       2
       3
       0
       5
       6
       1
       0
       4
       1
       1
       4
       2
       2
       3
       6
       2
       3
       3
       1
       2
       4
       3
       0
       3
       2
       3
       2
       4
       3
       2
       3
       3
       3
       2
       3
       1
       3
       2
       1
       2
       4
       4
       2
       0
       5
       0
       2
       3
       3
       4
       4
       4
       3
       4
       1
       3
       1
       1
       2
       0
       3
       5
       2
       2
       2
       2
       4
       0
       3
       3
       0
       3
       3
       3
       1
       2
       3
       1
       4
       4
       3
       4
       6
       1
       3
       3
       7
       1
       3
       0
       2
       1
       2
       0
       1
       2
       5
       3
       6
       4
       2
       4
       2
       0
       3
       0
       3
       5
       2
       1
       2
       5
       2
       2
       0
       0
       1
       4
       0
       2
       1
       6
       1
       1
       3
       2
       6
       1
       4
       0
       5
       4
       0
       2
       3
       5
       4
       0
       5
       1
       1
       3
       3
       4
       5
       1
       2
       2
       1
       1
       0
       1
       2
       6
       1
       1
       1
       4
       2
       2
       2
       3
       3
       0
       3
       1
       1
       2
       4
       4
       2
       1
       4
       2
       3
       1
       4
       2
       3
       2
       6
       6
       1
       2
       4
       6
       9
       5
       8
       8
      10
       6
       6
       5
       4
       2
       2
       5
       7
       2
       4
       3
       3
       4
       1
       0
       3
       3
       2
       3
       3
       2
       1
       2
       0
       4
       3
       4
       6
       2
       2
       2
       5
       0
       0
       0
       3
       0
       4
       0
       5
       3
       2
       6
       1
       4
       5
       4
       3
       7
       7
       2
       4
       2
       2
       2
       2
       0
       4
       5
       2
       3
       3
       2
       0
       3
       2
       3
       6
       2
       4
       4
       5
       1
       2
       1
       3
       2
       2
       5
       1
       2
       3
       2
       4
       4
       2
       2
       2
       5
       3
       4
       2
       2
       0
       1
       4
       1
       4
       3
       0
       0
       0
       0
       2
       2
       0
       1
       4
       1
       2
       1
       0
       1
       2
       3
       2
       0
       2
       3
       3
       1
       4
       3
       1
       2
       2
       0
       5
       3
       1
       2
       3
       2
       4
       2
       2
       3
       2
       3
       2
       3
       1
       1
       3
       2
       2
       0
       1
       5
       0
       3
       5
       2
       0
       2
       0
       5
       2
       4
       2
       4
       1
       1
       2
       3
       1
       3
       5
       2
       2
       0
       7
       2
       2
       2
       2
       4
       0
       4
       4
       2
       2
       1
       3
       0
       6
       2
       4
       4
       2
       3
       3
       1
       1
       1
       2
       2
       3
       2
       1
       5
       1
       5
       4
       2
       1
       1
       3
       6
       2
       0
       3
       1
       1
       2
       3
       0
       1
       0
       0
       4
       1
       8
       1
       1
       1
       6
       0
       2
       1
       2
       0
       1
       2
       3
       4
       3
       1
       3
       5
       0
       3
       3
       1
       0
       3
       1
       3
       0
       1
       1
       3
       3
       1
       1
       3
       3
       2
       1
       1
       3
       4
       4
       4
       3
       4
       5
       5
       3
       4
       2
       6
       2
       2
       4
       0
       2
       4
       1
       1
       5
       4
       2
       1
       1
       4
       3
       1
       3
       2
       0
       1
       1
       1
       5
       2
       0
       1
       2
       3
       1
       2
       2
       2
       4
       3
       4
       3
       4
       4
       3
       4
       1
       0
       4
       1
       3
       0
       3
       3
       1
       4
       2
       4
       1
       2
       4
       1
       4
       1
       4
       5
       1
       3
       1
       3
       4
       4
       1
       3
       2
       1
       1
       1
       3
       1
       1
       0
       1
       4
       4
       3
       2
       0
       1
       5
       2
       2
       2
       2
       0
       4
       3
       0
       1
       0
       1
       0
       3
       2
       3
       1
       3
       2
       1
       3
       4
       1
       1
       4
       5
       1
       2
       2
       5
       0
       1
       0
       1
       4
       1
       0
       3
       2
       2
       2
       1
       2
       3
       2
       1
       3
       2
       4
       6
       0
       5
       2
       1
       1
       2
       2
       1
       3
       3
       3
       0
       1
       1
       0
       0
       0
       2
       2
       1
       3
       1
       4
       4
       3
       2
       2
       0
       0
       3
       2
       0
       1
       0
       2
       1
       0
       2
       0
       4
       1
       1
       4
       0
       1
       1
       1
       1
       2
       0
       3
       4
       1
       3
       2
       1
       2
       3
       3
       1
       3
       2
       2
       2
       1
       1
       0
       3
       2
       0
       2
       1
       2
       3
       2
       4
       0
       4
       3
       2
       1
       0
       1
       0
       1
       3
       1
       0
       1
       3
       3
       1
       1
       1
       1
       1
       4
       2
       1
       1
       0
       2
       1
       2
       2
       3
       2
       2
       3
       3
       3
       4
       2
       2
       3
       1
       1
       0
       2
       4
       2
       2
       2
       1
       2
       0
       3
       1
       0
       0
       0
       0
       3
       2
       1
       1
       1
       0
       2
       0
       3
       0
       0
       2
       0
       3
       4
       0
       1
       2
       2
       2
       2
       1
       1
       2
       2
       2
       4
       1
       2
       1
       1
       1
       1
       2
       2
       2
       4
       1
       5
       2
       2
       2
       0
       2
       1
       0
       1
       0
       0
       4
       0
       4
       3
       1
       4
       2
       1
       0
       1
       2
       1
       1
       0
       2
       3
       0
       2
       0
       3
       1
       1
       2
       3
       2
       3
       1
       2
       2
       2
       2
       2
       2
       1
       2
       0
       0
       1
       1
       4
       1
       1
       2
       2
       3
       1
       2
       1
       2
       1
       0
       2
       2
       1
       0
       2
       1
       2
       0
       4
       5
       2
       3
       1
       3
       1
       0
       4
       1
       3
       2
       1
       2
       1
       2
       1
       1
       1
       0
       2
       2
       2
       2
       0
       3
       1
       0
       5
       2
       1
       1
       2
       2
       0
       1
       2
       3
       3
       1
       4
       0
       4
       4
       3
       3
       0
       2
       2
       2
       1
       3
       1
       1
       2
       1
       2
       0
       0
       1
       1
       1
       3
       3
       1
       1
       0
       2
       2
       2
       3
       1
       2
       0
       1
       1
       2
       0
       2
       1
       6
       3
       0
       0
       1
       2
       2
       3
       1
       0
       0
       2
       2
       1
       1
       2
       4
       1
       1
       5
       1
       1
       3
       3
       2
       0
       1
       0
       2
       2
       0
       0
       0
       2
       1
       2
       1
       0
       2
       1
       1
       1
       2
       0
       3
       1
       0
       3
       2
       0
       4
       1
       4
       2
       1
       5
       1
       2
       1
       1
       2
       3
       5
       3
       1
       1
       2
       0
       1
       1
       0
       2
       3
       1
       0
       1
       0
       1
       1
       2
       1
       4
       0
       3
       2
       1
       0
       2
       1
       0
       3
       0
       3
       1
       3
       0
       2
       2
       0
       0
       1
       2
       1
       2
       2
       2
       3
       4
       2
       1
       3
       2
       4
       1
       1
       1
       1
       1
       2
       0
       2
       1
       0
       4
       2
       1
       2
       3
       2
       1
       1
       3
       0
       0
       3
       0
       1
       1
       2
       1
       2
       0
       2
       1
       3
       3
       1
       2
       1
       1
       2
       0
       2
       3
       3
       0
       0
       0
       0
       0
       3
       4
       1
       2
       3
       1
       1
       4
       1
       2
       3
       2
       1
       2
       2
       2
       0
       0
       1
       1
       1
       2
       1
       0
       2
       1
       1
       0
       2
       2
       1
       4
       1
       4
       1
       1
       4
       1
       1
       1
       1
       1
       2
       0
       2
       3
       2
       3
       1
       3
       3
       1
       0
       1
       2
       2
       0
       5
       0
       2
       2
       3
       1
       1
       0
       5
       3
       1
       0
       1
       2
       2
       0
       0
       0
       0
       0
       2
       0
       2
       1
       3
       2
       1
       2
       2
       1
       2
       0
       1
       3
       1
       0
       2
       4
       1
       2
       0
       2
       1
       1
       0
       1
       1
       1
       1
       4
       2
       2
       2
       1
       1
       2
       0
       3
       1
       0
       1
       1
       2
       0
       0
       2
       1
       1
       3
       1
       0
       1
       3
       1
       1
       0
       2
       0
       0
       0
       0
       0
       1
       2
       1
       0
       0
       0
       1
       1
       1
       3
       1
       3
       1
       1
       1
       2
       3
       0
       0
       1
       1
       2
       2
       1
       1
       1
       1
       3
       0
       0
       2
       0
       3
       0
       1
       0
       0
       2
       0
       1
       1
       1
       0
       2
       0
       1
       0
       0
       3
       2
       0
       2
       2
       0
       1
       2
       2
       1
       3
       1
       1
       2
       1
       0
       2
       0
       1
       2
       2
       0
       1
       3
       0
       0
       3
       1
       0
       1
       2
       0
       0
       0
       0
       2
       0
       2
       1
       2
       0
       0
       0
       3
       2
       4
       2
       2
       1
       0
       0
       0
       2
       2
       1
       2
       2
       2
       2
       0
       1
       0
       1
       0
       1
       2
       1
       1
       2
       0
       3
       1
       0
       2
       1
       0
       0
       1
       0
       0
       2
       0
       2
       1
       3
       0
       0
       1
       0
       1
       0
       4
       2
       3
       3
       1
       0
       1
       2
       2
       1
       2
       2
       0
       1
       1
       0
       2
       2
       1
       2
       1
       2
       1
       3
       0
       0
       4
       2
       0
       1
       1
       1
       2
       0
       0
       1
       2
       0
       0
       1
       1
       3
       1
       3
       1
       1
       2
       0
       0
       1
       3
       0
       1
       4
       0
       3
       0
       0
       4
       1
       0
       0
       1
       0
       2
       2
       1
       0
       2
       0
       0
       1
       0
       0
       0
       2
       1
       1
       1
       1
       1
       3
       0
       1
       0
       3
       1
       4
       0
       1
       2
       3
       0
       4
       0
       3
       1
       2
       0
       1
       2
       0
       3
       2
       2
       1
       1
       1
       1
       2
       1
       1
       4
       0
       0
       0
       0
       1
       1
       2
       0
       2
       2
       2
       1
       2
       2
       0
       0
       4
       0
       1
       0
       2
       1
       1
       3
       0
       1
       1
       2
       1
       1
       0
       2
       3
       0
       2
       1
       1
       1
       3
       1
       1
       0
       1
       1
       3
       1
       2
       3
       1
       0
       3
       2
       2
       0
       1
       0
       1
       1
       0
       2
       2
       0
       1
       1
       2
       0
       0
       2
       1
       1
       0
       0
       2
       0
       1
       1
       0
       0
       1
       2
       0
       1
       1
       0
       0
       2
       1
       1
       3
       0
       2
       0
       0
       1
       3
       0
       2
       2
       0
       0
       3
       1
       2
       0
       2
       1
       1
       0
       0
       1
       1
       1
       4
       1
       0
       3
       1
       0
       2
       0
       0
       0
       1
       2
       0
       2
       0
       0
       1
       1
       1
       0
       1
       1
       1
       0
       2
       2
       1
       0
       0
       0
       2
       0
       1
       1
       0
       2
       4
       0
       0
       1
       1
       1
       1
       0
       2
       0
       0
       2
       1
       1
       0
       2
       1
       1
       3
       0
       3
       1
       0
       2
       0
       3
       0
       1
       1
       0
       1
       2
       1
       3
       3
       2
       0
       1
       1
       1
       0
       0
       0
       3
       3
       0
       1
       0
       1
       1
       0
       3
       3
       0
       0
       0
       1
       1
       0
       0
       0
       1
       2
       0
       1
       1
       0
       0
       1
       1
       0
       0
       0
       1
       0
       0
       0
       3
       0
       0
       2
       1
       1
       3
       1
       1
       0
       1
       0
       2
       1
       1
       1
       0
       4
       1
       2
       0
       0
       1
       2
       2
       1
       1
       0
       1
       0
       0
       2
       0
       2
       0
       0
       0
       2
       0
       1
       0
       0
       1
       0
       1
       0
       2
       2
       1
       1
       1
       1
       1
       3
       1
       2
       0
       2
       0
       0
       0
       0
       0
       1
       1
       0
       0
       0
       0
       0
       0
       0
       0
       0
       1
       2
       2
       2
       1
       2
       0
       0
       2
       1
       3
       0
       0
       0
       1
       0
       0
       2
       0
       0
       1
       0
       1
       1
       0
       0
       1
       2
       0
       0
       1
       1
       0
       1
       2
       0
       1
       0
       2
       2
       0
       0
       2
       0
       1
       0
       2
       2
       1
       0
       1
       1
       0
       2
       2
       3
       1
       1
       2
       0
       0
       1
       0
       3
       0
       2
       0
       1
       1
       1
       0
       1
       0
       1
       0
       0
       1
       0
       0
       0
       2
       2
       0
       0
       2
       0
       0
       1
       0
       0
       1
       1
       1
       2
       0
       0
       1
       0
       1
       0
       0
       1
       0
       3
       1
       1
       0
       3
       1
       1
       2
       2
       1
       0
       1
       1
       1
       1
       1
       0
       2
       0
       2
       1
       1
       0
       0
       1
       1
       1
       2
       2
       1
       0
       2
       1
       3
       1
       0
       1
       0
       0
       2
       1
       1
       1
       1
       2
       1
       0
       2
       2
       2
       0
       1
       0
       1
       2
       0
       0
       0
       1
       0
       1
       1
       0
       1
       1
       4
       1
       0
       1
       1
       2
       0
       0
       0
       0
       0
       0
       0
       1
       0
       0
       1
       1
       0
       2
       1
       2
       1
       1
       0
       3
       2
       2
       1
       1
       0
       2
       3
       1
       1
       1
       1
       0
       0
       1
       0
       1
       0
       0
       0
       1
       0
       1
       0
       3
       1
       0
       0
       1
       0
       1
       0
       0
       1
       0
       0
       3
       1
       1
       1
       1
       2
       0
       1
       0
       1
       2
       2
       0
       0
       1
       0
       1
       0
       0
       0
       1
       0
       3
       0
       0
       2
       0
       4
       0
       1
       0
       1
       1
       2
       1
       0
       0
       2
       0
       1
       3
       1
       0
       2
       2
       1
       0
       0
       1
       1
       2
       0
       0
       2
       0
       1
       1
       2
       0
       0
       1
       1
       1
       0
       0
       1
       0
       1
       2
       1
       0
       1
       0
       0
       3
       2
       1
       2
       0
       1
       0
       0
       1
       0
       3
       1
       2
       0
       0
       1
       1
       0
       1
       0
       1
       3
       0
       0
       3
       2
       1
       2
       1
       0
       1
       2
       1
       0
       1
       0
       0
       0
       0
       1
       1
       0
       0
       0
       0
       0
       2
       0
       1
       0
       0
       0
       3
       0
       1
       0
       1
       0
       2
       2
       0
       0
       1
       1
       0
       1
       2
       0
       0
       2
       1
       1
       0
       0
       0
       1
       0
       1
       0
       1
       0
       1
       2
       2
       2
       1
       0
       0
       1
       1
       2
       0
       1
       1
       0
       2
       2
       0
       3
       0
       1
       2
       2
       0
       1
       0
       1
       2
       0
       0
       2
       1
       0
       2
       1
       1
       2
       0
       1
       1
       1
       0
       2
       0
       1
       1
       2
       2
       2
       1
       2
       0
       0
       0
       1
       0
       1
       1
       1
       1
       1
       1
       1
       1
       1
       1
       0
       0
       1
       1
       0
       0
       0
       0
       3
       1
       0
       0
       0
       2
       0
       2
       1
       1
       1
       0
       3
       0
       0
       1
       1
       2
       0
       2
       2
       0
       0
       1
       2
       0
       0
       0
       0
       0
       0
       3
       2
       1
       1
       1
       1
       2
       1
       2
       0
       1
       0
       0
       0
       1
       0
       1
       0
       0
       2
       2
       1
       1
       3
       1
       1
       0
       1
       2
       0
       0
       1
       0
       0
       0
       0
       0
       2
       1
       0
       0
       3
       2
       1
       0
       2
       1
       2
       1
       1
       0
       1
       3
       0
       0
       1
       0
       0
       0
       1
       1
       1
       2
       1
       0
       0
       0
       0
       2
       0
       0
       1
       1
       0
       0
       0
       1
       1
       3
       1
       0
       2
       0
       1
       0
       1
       0
       0
       0
       0
       0
       0
       0
       1
       1
       2
       1
       3
       0
       1
       1
       1
       1
       1
       2
       0
       1
       0
       3
       3
       1
       1
       3
       0
       1
       1
       0
       2
       1
       0
       0
       0
       0
       1
       3
       0
       0
       1
       0
       0
       1
       2
       0
       0
       1
       1
       1
       1
       1
       1
       0
       0
       0
       1
       0
       2
       2
       1
       3
       0
       2
       0
       2
       1
       0
       1
       0
       0
       0
       0
       0
       3
       0
       0
       3
       1
       1
       1
       0
       1
       0
       1
       0
       0
       0
       0
       1
       3
       3
       1
       1
       0
       1
       0
       1
       1
       2
       0
       1
       1
       0
       1
       1
       1
       1
       1
       0
       0
       2
       0
       1
       0
       1
       0
       0
       1
       0
       1
       1
       2
       2
       1
       0
       1
       1
       1
       1
       1
       0
       0
       0
       1
       1
       3
       1
       3
       1
       1
       0
       0
       1
       2
       1
       1
       1
       1
       1
       0
       1
       1
       0
       1
       2
       2
       0
       0
       0
       0
       1
       0
       2
       0
       1
       0
       1
       3
       0
       0
       3
       0
       1
       1
       1
       0
       0
       0
       0
       3
       0
       0
       0
       2
       1
       1
       0
       1
       0
       2
       2
       0
       1
       0
       0
       1
       1
       0
       0
       1
       1
       1
       2
       0
       0
       1
       2
       3
       0
       1
       1
       1
       0
       0
       1
       0
       1
       1
       1
       1
       0
       2
       1
       0
       0
       2
       1
       2
       3
       2
       2
       1
       0
       0
       2
       1
       2
       1
       3
       1
       1
       0
       1
       0
       1
       1
       0
       0
       1
       0
       0
       0
       0
       1
       1
       2
       2
       0
       3
       1
       0
       0
       0
       1
       2
       0
       0
       1
       0
       0
       0
       1
       1
       0
       1
       0
       0
       1
       0
       0
       1
       2
       2
       0
       0
       1
       2
       0
       1
       1
       2
       2
       0
       1
       2
       1
       4
       0
       1
       0
       3
       2
       1
       2
       0
       2
       0
       0
       1
       1
       2
       0
       0
       0
       0
       1
       1
       0
       0
       0
       4
       1
       0
       0
       1
       0
       0
       0
       0
       0
       1
       0
       2
       0
       0
       0
       0
       1
       1
       1
       1
       2
       0
       0
       0
       0
       1
       1
       0
       1
       0
       1
       1
       1
       1
       1
       1
       1
       0
       0
       0
       2
       2
       0
       1
       0
       0
       1
       1
       0
       0
       0
       0
       0
       3
       1
       1
       1
       1
       0
       1
       1
       0
       1
       0
       0
       1
       0
       1
       1
       1
       1
       1
       1
       0
       2
       0
       1
       0
       4
       1
       0
       1
       1
       1
       1
       3
       1
       0
       1
       0
       0
       1
       2
       0
       0
       1
       1
       0
       0
       1
       1
       3
       1
       1
       0
       0
       4
       0
       0
       1
       2
       2
       0
       1
       1
       2
       1
       0
       2
       2
       0
       0
       0
       4
       1
       1
       0
       1
       1
       0
       2
       0
       0
       0
       2
       3
       0
       0
       3
       0
       0
       0
       1
       0
       2
       1
       3
       2
       0
       0
       0
       0
       0
       0
       0
       1
       3
       3
       3
       1
       0
       1
       1
       1
       1
       2
       0
       1
       1
       0
       0
       4
       1
       0
       2
       2
       2
       0
       1
       0
       1
       1
       0
       0
       2
       2
       1
       2
       0
       2
       0
       0
       0
       1
       0
       0
       1
       0
       0
       0
       1
       0
       0
       2
       1
       2
       0
       1
       0
       0
       1
       0
       1
       0
       0
       1
       1
       3
       0
       0
       0
       0
       1
       0
       0
       1
       0
       0
       0
       1
       0
       0
       1
       2
       0
       1
       0
       0
       0
       1
       0
       0
       0
       0
       2
       2
       0
       1
       0
       0
       1
       3
       2
       1
       0
       1
       0
       2
       0
       0
       0
       1
       2
       3
       0
       1
       0
       0
       2
       1
       1
       0
       0
       1
       3
       1
       0
       0
       0
       0
       1
       1
       0
       0
       0
       1
       0
       1
       0
       2
       1
       2
       0
       1
       2
       0
       1
       1
       2
       0
       1
       0
       3
       0
       1
       2
       2
       2
       1
       0
       0
       1
       1
       0
       1
       0
       0
       2
       0
       1
       0
       1
       0
       0
       1
       1
       0
       0
       1
       0
       1
       1
       1
       0
       2
       0
       0
       1
       0
       1
       1
       3
       0
       0
       2
       4
       0
       1
       2
       0
       1
       0
       0
       0
       2
       1
       1
       0
       0
       0
       0
       0
       0
       1
       0
       0
       1
       0
       0
       0
       0
       1
       1
       0
       0
       0
       2
       0
       0
       0
       0
       0
       2
       3
       0
       0
       0
       0
       3
       0
       0
       0
       0
       0
       1
       1
       1
       0
       0
       1
       1
       0
       0
       0
       1
       1
       0
       2
       1
       0
       0
       0
       2
       0
       0
       0
       0
       1
       0
       0
       0
       1
       0
       1
       0
       0
       2
       0
       0
       1
       0
       0
       1
       1
       0
       2
       0
       0
       0
       1
       1
       0
       0
       0
       2
       1
       2
       0
       1
       2
       2
       0
       0
       1
       0
       1
       0
       1
       1
       1
       1
       0
       0
       1
       0
       1
       0
       2
       0
       0
       1
       0
       1
       2
       1
       0
       0
       1
       1
       2
       0
       0
       0
       0
       1
       1
       4
       2
       4
       2
       1
       1
       1
       0
       1
       3
       4
       0
       1
       6
       2
       2
       1
       1
       0
       1
       4
       1
       1
       2
       0
       1
       1
       3
       0
       1
       0
       2
       2
       0
       0
       1
       0
       1
       1
       1
       1
       0
       0
       1
       2
       0
       0
       0
       1
       0
       0
       1
       1
       0
       0
       2
       0
       0
       0
       1
       2
       2
       0
       0
       0
       0
       1
       1
       0
       0
       1
       0
       1
       0
       1
       1
       0
       1
       0
       1
       1
       0
       0
       0
       1
       1
       1
       0
       1
       0
       1
       0
       0
       1
       0
       3
       0
       0
       0
       0
       1
       0
       1
       0
       0
       1
       2
       0
       0
       0
       0
       1
       0
       2
       0
       0
       0
       0
       0
       2
       1
       1
       0
       0
       0
       0
       1
       1
       1
       1
       0
       0
       0
       2
       1
       0
       0
       0
       0
       1
       1
       1
       0
       0
       0
       1
       0
       1
       1
       1
       0
       0
       2
       2
       0
       0
       0
       3
       1
       1
       0
       1
       0
       0
       0
       1
       1
       0
       1
       0
       0
       1
       0
       2
       0
       0
       0
       0
       0
       0
       0
       1
       0
       0
       1
       1
       0
       1
       3
       2
       0
       0
       1
       1
       0
       0
       1
       0
       1
       1
       0
       1
       1
       1
       0
       1
       1
       1
       0
       0
       1
       0
       0
       0
       0
       2
       0
       0
       0
       1
       2
       1
       0
       0
       1
       0
       1
       0
       0
       0
       1
       1
       0
       0
       0
       0
       3
       1
       0
       0
       0
       1
       0
       0
       0
       1
       0
       1
       0
       2
       2
       0
       0
       1
       0
       0
       2
       1
       0
       1
       1
       0
       3
       1
       1
       0
       1
       2
       2
       0
       0
       0
       0
       0
       1
       0
       0
       0
       1
       0
       0
       0
       2
       0
       0
       1
       1
       1
       0
       0
       2
       0
       2
       1
       1
       0
       1
       1
       0
       1
       0
       1
       0
       1
       1
       0
       2
       0
       1
       1
       0
       0
       1
       0
       0
       2
       1
       0
       0
       0
       1
       1
       0
       1
       0
       0
       0
       2
       1
       0
       2
       0
       0
       0
       0
       0
       0
       2
       0
       1
       0
       1
       0
       1
       1
       0
       2
       0
       0
       1
       1
       1
       0
       1
       0
       0
       0
       0
       0
       1
       2
       1
       0
       1
       1
       0
       0
       1
       0
       1
       0
       2
       0
       0
       0
       1
       2
       0
       1
       0
       0
       0
       0
       1
       0
       1
       0
       0
       1
       1
       1
       0
       0
       0
       0
       0
       0
       1
       2
       1
       1
       1
       0
       1
       0
       2
       0
       0
       1
       3
       0
       0
       1
       2
       2
       0
       0
       0
       2
       0
       0
       0
       0
       1
       0
       0
       1
       0
       1
       0
       0
       0
       0
       0
       2
       0
       2
       0
       0
       0
       0
       0
       0
       0
       0
       1
       0
       0
       0
       0
       1
       0
       1
       0
       0
       1
       1
       0
       0
       0
       2
       0
       1
       0
       0
       1
       0
       0
       1
       1
       0
       1
       0
       0
       1
       2
       2
       0
       1
       1
       0
       0
       1
       1
       1
       0
       1
       0
       1
       0
       0
       0
       1
       0
       0
       0
       2
       0
       1
       0
       1
       0
       0
       2
       1
       0
       1
       0
       0
       0
       1
       2
       1
       2
       2
       0
       0
       0
       1
       0
       0
       0
       0
       0
       0
       0
       1
       1
       0
       1
       0
       0
       0
       0
       0
       2
       0
       2
       2
       2
       1
       1
       0
       1
       0
       0
       1
       0
       0
       1
       1
       0
       0
       2
       0
       0
       1
       0
       0
       0
       0
       1
       3
       0
       0
       0
       0
       1
       2
       2
       0
       0
       2
       0
       2
       0
       0
       1
       1
       0
       1
       0
       2
       0
       0
       0
       0
       0
       2
       0
       0
       1
       0
       0
       1
       0
       1
       1
       0
       2
       1
       0
       1
       1
       0
       0
       0
       0
       0
       0
       1
       0
       0
       1
       0
       0
       0
       0
       0
       0
       1
       0
       2
       0
       3
       1
       0
       1
       0
       0
       1
       1
       2
       2
       1
       0
       0
       1
       0
       0
       0
       1
       0
       1
       0
       0
       0
       1
       0
       0
       3
       0
       1
       2
       1
       1
       1
       1
       0
       2
       0
       0
       0
       0
       1
       0
       0
       0
       0
       1
       0
       1
       0
       1
       0
       0
       0
       1
       0
       0
       0
       1
       1
       0
       1
       1
       0
       0
       0
       0
       2
       1
       0
       0
       1
       0
       0
       0
       0
       0
       0
       1
       1
       0
       1
       1
       0
       0
       0
       0
       0
       0
       0
       0
       0
       0
       0
       0
       0
       0
       0
       1
       1
       0
       0
       0
       1
       0
       0
       0
       0
       1
       0
       1
       1
       0
       1
       1
       0
       0
       1
       1
       0
       1
       0
       0
       1
       1
       1
       0
       0
       1
       0
       0
       1
       1
       1
       0
       0
       1
       0
       1
       1
       0
       2
       0
       1
       0
       2
       0
       1
       0
       1
       0
       0
       0
       1
       1
       1
       1
       1
       1
       1
       0
       0
       0
       0
       1
       0
       0
       1
       0
       0
       0
       2
       0
       0
       0
       0
       0
       0
       0
       1
       0
       0
       1
       0
       0
       1
       1
       0
       1
       1
       1
       0
       0
       1
       0
       0
       0
       0
       2
       0
       1
       0
       0
       0
       0
       0
       0
       0
       0
       0
       0
       1
       1
       0
       0
       0
       2
       0
       0
       1
       0
       0
       0
       2
       1
       0
       1
       0
       1
       1
       0
       0
       1
       1
       0
       1
       1
       1
       0
       0
       0
       0
       1
       1
       0
       0
       2
       0
       0
       0
       2
       0
       0
       2
       1
       1
       0
       0
       1
       0
       3
       1
       0
       2
       0
       1
       0
       0
       2
       1
       0
       1
       1
       1
       0
       4
       1
       0
       0
       0
       1
       0
       0
       0
       1
       1
       1
       0
       0
       1
       1
       0
       0
       0
       0
       0
       0
       1
       3
       1
       0
       0
       0
       0
       1
       0
       0
       1
       0
       0
       0
       0
       1
       3
       0
       0
       0
       0
       0
       1
       1
       0
       0
       1
       0
       2
       0
       0
       0
       3
       0
       0
       1
       1
       1
       0
       1
       0
       0
       0
       0
       2
       0
       0
       2
       0
       1
       2
       0
       1
       2
       1
       1
       0
       0
       0
       1
       0
       1
       2
       0
       0
       0
       1
       1
       0
       1
       0
       0
       1
       0
       0
       1
       2
       1
       0
       1
       0
       0
       1
       0
       1
       0
       0
       1
       2
       1
       0
       0
       0
       0
       2
       0
       0
       0
       0
       1
       0
       0
       1
       0
       0
       0
       0
       0
       1
       2
       1
       0
       0
       1
       0
       0
       0
       0
       1
       0
       0
       0
       0
       0
       0
       0
       0
       0
       0
       0
       0
       1
       0
       0
       2
       1
       0
       0
       1
       1
       0
       0
       1
       1
       0
       1
       2
       1
       1
       0
       0
       2
       0
       0
       0
       0
       1
       0
       2
       1
       1
       0
       1
       0
       0
       0
       0
       0
       0
       0
       0
       0
       0
       1
       1
       1
       1
       0
       1
       0
       0
       0
       0
       0
       0
       0
       1
       0
       0
       0
       3
       0
       0
       3
       0
       0
       0
       1
       0
       1
       0
       1
       0
       1
       0
       0
       0
       0
       0
       0
       0
       0
       0
       0
       0
       0
       1
       0
       0
       1
       1
       1
       2
       0
       1
       0
       0
       0
       0
       0
       1
       0
       0
       1
       1
       1
       0
       0
       1
       0
       0
       1
       0
       0
       2
       0
       0
       0
       1
       0
       0
       0
       1
       1
       1
       0
       0
       0
       1
       0
       0
       3
       0
       0
       0
       1
       1
       1
       0
       2
       1
       0
       0
       0
       0
       0
       0
       0
       0
       2
       0
       0
       1
       0
       0
       1
       1
       0
       0
       1
       0
       1
       1
       0
       0
       0
       0
       0
       1
       2
       0
       2
       1
       0
       0
       1
       2
       0
       1
       0
       0
       0
       0
       0
       1
       0
       1
       0
       1
       0
       1
       0
       0
       0
       0
       1
       0
       0
       0
       0
       1
       0
       1
       2
       2
       0
       0
       1
       0
       0
       0
       0
       1
       1
       1
       1
       0
       1
       0
       0
       0
       0
       1
       0
       0
       0
       2
       2
       0
       1
       1
       0
       0
       0
       0
       0
       0
       0
       0
       0
       0
       0
       0
       0
       0
       0
       0
       0
       0
       0
       0
       0
       0
       0
       0
       0
       0
       0
       0
       0
       0
       0
       0
       0
       0
       0
       0
       0
       0
       0
       0
       0
       0
       0
       0
       0
       0
       0
       0
       0
       0
       0
       0
       0
       0
       0
       0
       0
       0
       0
       0
       0
       0
       0
       0
       0
       0
       0
       0
       0
       0
       0
       0
       0
       0
       0
       0
       0
       0
       0
       0
       0
       0
       0
       0
       0
       0
       0
       0
       0
       0
       0
       0
       0
       0
       0
       0
       0
       0
       0
       0
       0
       0
       0
       0
       0
       0
       0
       0
       0
       0
       0
       0
       0
       0
       0
       0
       0
       0
       0
       0
       0
       0
       0
       0
       0
       0
       0
       0
       0
       0
       0
       0
       0
       0
       0
       0
       0
       0
       0
       0
       0
       0
       0
       0
       0
       0
       0
       0
       0
       0
       0
       0
       0
       0
       0
       0
       0
       0
       0
       0
       0
       0
       0
       0
       0
       0
       0
       0
       0
       0
       0
       0
       0
       0
       0
       0
       0
       0
       0
       0
       0
       0
       0
       0
       0
       0
       0
       0
$ROI:
0
$PRESETS:
None
0
0
$ENER_FIT:
-0.547189 0.388971
$MCA_CAL:
3
-5.471888E-001 3.889708E-001 0.000000E+000 keV
$SHAPE_CAL:
3
0.000000E+000 0.000000E+000 0.000000E+000
