$SPEC_ID:
Cs137
$SPEC_REM:
DET# 2
DETDESC# DETECTOR 2
AP# GammaVision Version 7.01.03
$DATE_MEA:
12/05/2017 23:05:47
$MEAS_TIM:
37171 37179
$DATA:
0 8191
       0
       0
       0
       0
       0
       0
       0
       0
       0
       0
       0
       0
       0
       0
       0
       0
       0
       0
       0
       0
       0
       0
       0
      25
    3521
    6127
     879
     653
     574
     509
     519
     659
     850
    1067
    1058
     983
     832
     791
     747
     806
     971
    1144
    1162
    1094
     921
     744
     704
     724
     725
     796
     740
     746
     737
     727
     726
     672
     718
     685
     774
     902
    1241
    1938
    2569
    2367
    1673
    1155
     883
     836
     967
    1073
    1227
    1243
    1006
     816
     682
     651
     639
     593
     605
     607
     563
     577
     532
     532
     509
     505
     529
     447
     458
     457
     447
     442
     441
     405
     399
     419
     408
     390
     448
     415
     358
     394
     348
     393
     358
     361
     324
     341
     345
     352
     366
     324
     360
     359
     375
     329
     376
     377
     394
     358
     390
     438
     416
     363
     377
     338
     392
     382
     362
     355
     373
     403
     387
     385
     378
     377
     422
     438
     415
     444
     406
     386
     402
     392
     400
     420
     424
     421
     440
     425
     438
     399
     456
     476
     513
     463
     523
     503
     472
     467
     477
     492
     600
     690
     716
     615
     552
     531
     482
     491
     452
     501
     503
     561
     513
     542
     505
     472
     515
     527
     569
     534
     531
     518
     627
     632
     904
    1436
    1779
    1649
    1158
    1022
    1537
    2319
    2685
    1953
    1103
     634
     497
     452
     413
     440
     426
     447
     441
     434
     439
     444
     469
     467
     405
     466
     471
     427
     481
     468
     582
     797
    1134
    1355
    1258
     853
     650
     478
     579
     658
     685
     670
     530
     430
     419
     416
     407
     427
     442
     444
     466
     550
     620
     704
     744
     630
     554
     461
     431
     444
     413
     454
     445
     418
     423
     431
     456
     464
     472
     465
     474
     467
     480
     440
     408
     451
     494
     418
     447
     480
     446
     443
     483
     449
     436
     466
     469
     430
     454
     438
     440
     440
     483
     459
     460
     448
     499
     468
     496
     446
     477
     481
     472
     468
     506
     476
     492
     457
     457
     481
     495
     492
     473
     449
     455
     456
     454
     460
     480
     489
     473
     433
     509
     485
     443
     488
     505
     497
     488
     516
     465
     472
     439
     488
     457
     465
     477
     476
     492
     509
     453
     524
     469
     511
     483
     490
     482
     462
     495
     485
     468
     478
     484
     501
     466
     464
     473
     484
     482
     510
     461
     470
     479
     474
     492
     470
     463
     473
     642
     865
    1245
    1473
    1393
    1058
     735
     561
     523
     464
     482
     483
     485
     499
     482
     484
     490
     517
     538
     577
     525
     462
     511
     532
     524
     567
     502
     541
     531
     541
     520
     520
     494
     513
     557
     521
     544
     527
     536
     535
     494
     494
     514
     566
     522
     533
     528
     554
     592
     546
     567
     534
     554
     533
     538
     613
     574
     577
     563
     590
     544
     514
     538
     562
     543
     557
     493
     615
     633
     610
     555
     587
     533
     602
     572
     536
     580
     586
     551
     566
     542
     563
     522
     571
     560
     572
     509
     588
     557
     559
     558
     547
     527
     552
     524
     558
     489
     524
     491
     523
     511
     521
     587
     502
     509
     519
     517
     544
     544
     501
     498
     515
     507
     483
     524
     556
     529
     493
     514
     551
     527
     466
     525
     581
     572
     597
     651
     597
     499
     495
     449
     546
     490
     453
     468
     483
     505
     530
     493
     430
     495
     450
     457
     407
     462
     434
     449
     412
     425
     454
     444
     441
     384
     431
     416
     414
     413
     406
     405
     400
     412
     430
     432
     408
     387
     410
     396
     426
     401
     405
     395
     396
     461
     390
     410
     431
     388
     437
     393
     434
     416
     363
     404
     421
     401
     399
     430
     412
     409
     402
     415
     396
     416
     414
     417
     415
     405
     427
     401
     457
     405
     388
     448
     431
     429
     421
     436
     424
     403
     421
     444
     412
     434
     398
     397
     397
     401
     425
     395
     457
     402
     397
     405
     404
     398
     415
     385
     418
     411
     418
     388
     407
     393
     407
     398
     374
     409
     402
     414
     445
     447
     433
     372
     421
     414
     384
     378
     389
     434
     381
     432
     386
     372
     397
     415
     398
     435
     453
     452
     425
     424
     435
     442
     423
     410
     424
     382
     390
     426
     398
     370
     393
     420
     373
     407
     383
     411
     405
     430
     410
     415
     379
     406
     367
     390
     390
     383
     426
     391
     411
     376
     414
     383
     388
     356
     403
     382
     425
     404
     377
     357
     378
     391
     408
     343
     355
     386
     395
     380
     410
     406
     381
     334
     385
     372
     331
     326
     385
     323
     359
     355
     369
     357
     364
     347
     403
     324
     305
     345
     355
     333
     301
     355
     310
     334
     299
     334
     338
     308
     321
     322
     291
     293
     292
     301
     310
     314
     301
     292
     260
     316
     262
     254
     277
     267
     256
     256
     256
     255
     279
     250
     267
     294
     298
     275
     305
     284
     270
     219
     248
     253
     242
     215
     250
     263
     235
     242
     258
     239
     261
     232
     255
     231
     251
     237
     243
     245
     218
     224
     226
     218
     245
     225
     238
     231
     250
     223
     205
     236
     202
     232
     231
     234
     231
     205
     184
     234
     210
     210
     243
     207
     210
     191
     200
     188
     206
     196
     189
     238
     216
     201
     182
     191
     192
     206
     187
     221
     209
     172
     200
     177
     201
     207
     182
     187
     195
     205
     173
     182
     159
     209
     177
     185
     160
     170
     212
     192
     173
     165
     173
     182
     170
     175
     184
     181
     197
     176
     164
     180
     169
     193
     166
     167
     184
     185
     168
     172
     191
     166
     169
     170
     162
     189
     172
     192
     168
     170
     165
     187
     162
     166
     183
     144
     159
     177
     176
     173
     168
     176
     159
     162
     167
     180
     145
     167
     164
     142
     152
     138
     160
     147
     169
     151
     154
     131
     166
     216
     315
     535
    1054
    1894
    3174
    4456
    5054
    4690
    3605
    2111
    1085
     506
     233
     162
     172
     128
     159
     150
     153
     150
     142
     146
     147
     137
     152
     162
     148
     147
     142
     140
     147
     155
     122
     145
     124
     146
     120
     138
     123
     144
     122
     133
     157
     137
     157
     172
     143
     154
     167
     128
     126
     148
     166
     189
     209
     201
     223
     226
     165
     175
     149
     105
     132
     115
     131
     122
     133
     129
     133
     129
     123
     120
     128
     126
     115
     127
     161
     113
     126
     135
     131
     140
     123
     128
     150
     139
     111
     119
     135
     123
     108
     120
     121
     130
     136
     133
     114
     126
     129
     115
     116
     119
     111
     150
     122
     127
     129
     129
     115
     131
     131
     117
     114
     131
     126
     131
     115
     136
     120
     134
     134
     122
     113
     122
     113
     132
     114
     110
     108
     119
     118
     122
     131
     124
      98
     121
     132
     116
     115
     132
     131
     112
     111
     132
     136
     145
     167
     239
     220
     256
     244
     184
     165
     132
     132
     116
     104
     105
     116
     114
     100
     122
     116
     111
     119
     121
      90
     134
     111
      94
     124
     111
     115
     115
     114
     122
     119
     101
     102
     127
     106
      93
     126
      99
     126
     138
     108
     113
     106
     116
     100
      97
     112
     116
     119
     113
     120
     103
     116
     120
     114
     110
      83
     104
     101
     105
     152
     225
     310
     595
    1100
    1717
    2325
    2898
    2983
    2728
    1998
    1179
     613
     283
     196
     101
     121
     104
      97
     106
      95
     100
     106
      89
     104
     113
     100
     107
      84
     107
      87
     103
     111
     110
      92
      99
      76
      85
     102
     105
     102
      87
     118
      90
     109
      97
      78
      97
      97
     118
      84
      86
      96
     107
     102
     108
      82
     100
     106
      88
      88
     105
      87
      87
      99
     105
     100
      86
      92
     102
      81
     100
      97
      97
      68
      86
     108
      97
      97
      93
      94
     102
     101
      78
      79
      93
      93
     121
      72
      87
      85
     104
      86
     101
      86
      81
     113
     103
      90
      90
      81
      94
      90
      97
      88
      91
      82
      88
      83
      87
      81
      86
      98
      86
     107
      73
      95
      94
      80
      80
     111
     109
      94
     107
     123
     139
     141
     166
     148
     135
     108
     112
     108
      91
      77
      93
      89
      75
      76
     110
      89
      80
      69
      93
      91
      82
      81
      92
      71
      85
     102
      75
      78
      89
      87
      83
      95
      94
      91
      97
      97
      79
      93
      87
      71
      77
      84
      92
      88
      72
      88
      89
      78
      94
      75
      78
      87
      94
      83
      91
      80
      92
      88
      91
     100
      80
      84
      89
      94
      89
      84
      68
      73
      78
      80
      86
      81
      77
      71
      78
      84
      81
      74
      97
      85
      72
      85
      63
      78
      77
     101
      84
      80
      92
      87
      95
      76
      72
      84
      94
      78
      86
      72
     101
      86
      83
      84
      76
     103
      90
      79
      64
      89
     104
      76
     101
      90
      80
      96
      93
      94
     108
      98
     128
     130
     162
     183
     216
     236
     251
     292
     268
     235
     203
     159
     133
     133
     100
     100
      95
      82
      85
      94
      83
      73
      94
     103
      75
      88
      77
      76
      70
      72
      80
      98
      88
      81
      80
      88
      76
      83
      75
      85
      92
      78
      83
      72
     101
      80
      86
     102
      73
      75
      80
      99
      97
      76
      78
      98
      82
      71
      71
      81
      81
      69
      80
      84
      82
      68
      96
      72
      81
      91
      71
      96
      76
      78
      72
      79
      86
      99
      63
      83
      61
      91
      79
      89
      66
      88
      82
      84
      81
      86
      85
      87
      75
      78
      81
     103
      74
      64
      78
      66
      88
      79
      86
      78
      73
      69
      82
      74
      73
      86
      81
      83
      72
      77
      90
      80
      87
      71
      89
      94
      76
      70
      77
      92
      92
      78
      69
      85
      99
      88
      80
      89
      77
      85
      82
      68
      86
      82
      72
      83
      65
      71
      67
      78
      80
      81
      95
      93
      86
      72
      77
      87
      89
      91
      91
     107
      77
      78
      95
      79
      78
      92
      87
      87
      79
      72
      81
     101
      84
      79
      77
      79
      79
      74
      68
      80
      88
      70
      72
      85
      77
      81
      81
      93
      67
      81
      72
      69
      71
      82
      74
      85
      72
      88
      93
      93
      84
      71
      92
      72
      75
      70
      83
      89
      85
      70
      80
      81
      78
      66
      91
      90
      67
      82
      63
      77
      69
      83
      70
      88
      73
      68
      88
      87
      90
      85
      86
      73
      69
      89
      81
      85
      86
      93
      95
      79
      71
      76
      77
      98
      87
      83
      91
      81
      69
      92
      66
      75
      74
      83
      83
      87
      99
      73
      92
      83
      79
      84
      87
      85
      91
      77
      84
      75
     104
      85
      91
      98
      78
      90
      91
      94
      84
      80
      88
      68
      70
      76
      70
      83
      85
      78
      86
      85
      89
      92
      80
      72
      81
      78
      66
      84
      82
      86
      81
      94
      82
      91
      67
      83
      74
      83
      75
      97
      74
      74
      70
      75
      70
      78
      62
      72
      78
      57
      75
      89
      79
      68
      61
      79
      73
      61
      59
      79
      67
      65
      61
      63
      69
      73
      81
      80
      74
      62
      73
      89
      79
      73
      81
      77
      82
      85
      76
      62
      74
      60
      62
      85
      71
      83
      81
      74
      75
      82
      67
      97
      71
      66
      74
      67
      85
      63
      71
      65
      75
      70
      80
      71
      70
      79
      89
      75
      70
      64
      76
      69
      86
      69
      75
      83
      85
      77
      87
      76
      65
      60
      72
      74
      73
      67
      76
      66
      81
      71
      69
      72
      80
      72
      78
      90
      59
      89
      88
      78
      63
      62
      70
      72
      81
      73
      69
      77
      59
      88
      72
      70
      61
      85
      73
      73
      73
      61
      68
      58
      74
      65
      78
      59
      78
      65
      73
      67
      58
      84
      64
      75
      83
      68
      67
      71
      76
      66
      68
      66
      67
      70
      61
      74
      70
      68
      70
      68
      74
      78
      84
      69
      67
      70
      57
      78
      71
      81
      62
      70
      74
      67
      87
      80
      70
      74
      77
      77
      80
      73
      67
      75
      80
      70
      69
      69
      80
      61
      75
      77
      89
      65
      73
      63
      71
      77
      59
      84
      77
      72
      67
      54
      67
      51
      77
      64
      72
      77
      75
      70
      62
      77
      82
      66
      60
      80
      83
      76
      65
      70
      74
      73
      60
      69
      84
      76
      70
      63
      77
      71
      66
      78
      75
      84
      73
      69
      71
      67
      64
      86
      77
      71
      70
      71
      68
      66
      70
      81
      89
      88
      62
      84
      66
      58
      62
      69
      69
      70
      85
      73
      61
      70
      53
      59
      69
      77
      68
      74
      97
      73
      75
      66
      77
      89
      81
      71
      85
      77
      64
      62
      73
      68
      79
      72
      53
      69
      56
      79
      64
      73
      76
      57
      76
      57
      65
      79
      74
      76
      67
      74
      77
      64
      63
      85
      71
      59
      62
      68
      69
      69
      84
      66
      72
      61
      66
      67
      82
      63
      80
      76
      84
      76
      83
      71
      67
      64
      74
      66
      62
      69
      75
      70
      64
      69
      76
      70
      78
      70
      68
      68
      69
      62
      73
      72
      66
      75
      64
      64
      86
      82
      71
      55
      57
      67
      59
      61
      74
      80
      69
      68
      78
      85
      91
      81
      76
      69
      89
      66
      72
      89
      87
      72
      93
      73
      75
      84
      68
      79
      76
      80
      88
      65
      89
      67
      66
      86
      57
      63
      67
      78
      75
      62
      59
      87
      80
      75
      71
      68
     103
      93
      75
      78
      87
      97
      86
      90
      83
      89
      79
      85
      77
      91
      91
      65
      78
      75
      85
      92
      74
      73
      65
      83
      80
      90
      76
      75
      80
      78
      84
      77
      90
      54
      89
      78
      71
      73
      77
      91
      85
      68
      65
      59
      82
      68
      80
      70
      84
      80
      88
      70
      82
      60
      73
      75
      74
      90
     100
      85
      81
      77
      74
      66
      69
      80
      78
      56
      73
      80
      91
      74
      80
      86
      81
      76
      86
      70
      93
      85
      78
      80
      67
      76
      73
      81
      82
      88
      91
      83
      76
      80
      96
      72
     106
      97
     101
     102
     115
     145
     179
     215
     296
     363
     429
     487
     591
     573
     552
     497
     425
     323
     234
     163
     161
      99
      98
      89
      69
      84
      84
      93
      70
      79
      85
      79
      89
      94
      77
      93
     114
      82
      85
      86
      87
      84
      80
      89
      95
     100
      85
      96
      85
      80
      87
      93
      98
      98
      76
      92
      90
      86
      91
      87
      89
      79
      93
     108
      82
      91
      98
      82
      98
      86
      95
      96
      88
      80
      66
      79
      83
      82
      91
      82
      94
      80
      76
     100
      90
      97
      99
      85
     128
      90
      87
      70
      81
     105
      94
      79
      93
     102
      77
      79
      98
      81
     101
      84
      90
      85
      81
     106
      71
      85
      96
     119
      84
      85
      82
     100
      95
      85
      93
      99
      98
      79
      84
      98
     110
      88
     107
      97
      98
      93
      92
      94
      97
      88
     113
      83
      80
      88
      80
      78
      93
      88
      86
      83
      89
     108
      86
     103
     101
     105
      96
      81
     108
     101
      87
      95
      81
     102
      96
      98
      87
      88
      89
      94
      84
      90
      85
      85
      84
      94
      93
      84
      87
      93
      85
     114
      88
      96
      89
      60
     101
     112
      95
      98
     100
      89
      88
      92
     107
      86
      83
      77
      87
      82
      70
      87
      88
      87
      83
      94
      65
      74
      78
      88
      87
      77
      76
      87
     120
      81
      77
      87
      86
      71
      75
      66
      75
      78
      80
      73
      78
      90
      72
      78
      69
      80
      73
      96
      85
      77
      68
      97
      70
      74
      75
      78
      82
      77
      80
      77
      75
      83
      58
      61
      78
      81
      74
      66
      78
      55
      75
      76
      72
      78
      76
      66
      62
      64
      67
      80
      63
      76
      83
      90
      72
      73
      76
      69
      64
      67
      66
      82
      81
      71
      67
      77
      76
      73
      64
      79
      78
      72
      72
      61
      75
      75
      68
      65
      51
      73
      78
      61
      70
      65
      79
      81
      59
      71
      82
      83
      84
      99
      71
      71
      77
      69
      68
      54
      77
      57
      59
      64
      67
      61
      68
      71
      70
      75
      72
      64
      73
      73
      68
      62
      72
      68
      61
      81
      70
      65
      59
      80
      64
      59
      69
      72
      86
      74
      78
      64
      71
      86
      77
      70
      71
      60
      68
      71
      64
      79
      56
      53
      56
      86
      66
      69
      60
      54
      72
      58
      65
      57
      83
      73
      55
      60
      82
      58
      76
      79
      68
      61
      83
      60
      65
      67
      67
      77
      63
      61
      62
      80
      76
      57
      66
      59
      58
      59
      62
      52
      65
      57
      75
      59
      78
      75
      69
      68
      69
      71
      77
      62
      70
      79
      71
      77
      80
      76
      79
      83
      79
      79
      84
      80
      82
      68
      64
      66
      64
      57
      57
      69
      61
      61
      50
      51
      67
      74
      56
      65
      55
      69
      72
      61
      54
      70
      60
      57
      57
      60
      65
      78
      76
      53
      54
      66
      63
      67
      65
      53
      50
      58
      58
      75
      64
      73
      67
      68
      54
      62
      85
      56
      62
      55
      86
      58
      74
      58
      72
      64
      76
      84
      74
      75
      57
      72
      63
      68
      81
      83
      59
      68
      65
      71
      77
      70
      75
      75
      65
      78
      69
      66
      64
      71
      83
      68
      72
      70
      67
      48
      69
      60
      73
      69
      66
      62
      64
      64
      62
      49
      54
      60
      68
      77
      64
      68
      66
      78
      74
      74
      60
      59
      79
      77
      83
      79
      61
      60
      72
      64
      63
      82
      60
      79
      53
      78
      62
      63
      88
      65
      65
      70
      84
      69
      69
      62
      55
      65
      69
      65
      72
      77
      65
      78
      74
      65
      67
      71
      70
      69
      61
      66
      63
      66
      72
      67
      87
      76
      73
      95
      85
      65
      73
      70
      50
      81
      73
      81
      59
      77
      71
      61
      72
      62
      67
      53
      67
      69
      83
      69
      72
      66
      72
      75
      72
      74
      76
      71
      74
      83
      89
      71
      87
      85
      77
      70
      81
      71
      60
      77
      78
      72
      71
      77
      74
      76
      85
      86
      70
      84
      94
      68
      85
      69
      82
      81
      72
      84
      73
      73
      73
      79
      68
      73
      87
      69
      72
      66
      86
      78
      77
      87
      83
      64
      67
      70
      75
      80
      79
      68
      76
      87
      85
      78
      78
      87
      85
      83
      70
      74
     103
      85
      83
      99
      79
      90
      80
      95
      78
      83
      73
      67
      75
      77
      63
      74
      62
      65
      96
      64
      73
      54
      55
      65
      68
      64
      68
      60
      70
      59
      76
      63
      62
      67
      66
      69
      51
      63
      57
      57
      59
      62
      44
      64
      68
      58
      56
      49
      80
      64
      67
      73
      68
      58
     103
     112
     120
     185
     174
     208
     272
     344
     436
     545
     700
     904
    1089
    1244
    1460
    1540
    1506
    1569
    1489
    1389
    1193
     864
     570
     407
     241
     189
     115
     117
      87
      57
      53
      42
      43
      63
      47
      49
      47
      44
      55
      43
      50
      52
      47
      37
      55
      40
      41
      45
      46
      37
      48
      55
      55
      44
      33
      42
      62
      45
      42
      55
      48
      44
      41
      54
      51
      51
      49
      43
      27
      49
      45
      42
      45
      56
      48
      33
      40
      40
      44
      47
      40
      41
      44
      46
      31
      40
      45
      30
      45
      32
      45
      40
      38
      50
      56
      37
      39
      39
      33
      45
      26
      34
      41
      40
      41
      42
      47
      29
      35
      38
      40
      37
      39
      34
      35
      53
      32
      40
      39
      45
      47
      40
      43
      29
      42
      37
      30
      42
      30
      34
      30
      27
      40
      38
      34
      24
      41
      30
      35
      37
      35
      27
      32
      38
      34
      37
      41
      40
      31
      28
      29
      34
      36
      36
      34
      36
      28
      29
      33
      45
      32
      36
      40
      39
      34
      26
      34
      32
      36
      29
      20
      37
      36
      30
      37
      35
      41
      29
      28
      31
      43
      36
      26
      30
      26
      27
      40
      30
      22
      32
      30
      32
      29
      32
      24
      18
      27
      23
      37
      28
      28
      26
      27
      24
      27
      29
      19
      26
      30
      23
      32
      32
      28
      24
      24
      26
      23
      29
      27
      18
      20
      33
      27
      28
      20
      30
      24
      20
      19
      33
      22
      30
      18
      29
      16
      27
      15
      17
      25
      26
      25
      37
      18
      18
      23
      21
      24
      30
      27
      17
      16
      20
      20
      24
      22
      18
      20
      27
      15
      29
      18
      16
      19
      24
      15
      17
      25
      29
      12
      13
      20
      20
      24
      20
      19
      21
      14
      12
      21
      19
      14
      22
      18
      20
      18
      21
      20
      19
      19
      18
      15
      14
      15
      11
      19
      26
      20
      22
      20
      15
      18
      19
      10
      22
      19
      19
      15
      16
      17
      19
      18
      23
      21
      14
      18
      19
      12
      19
      30
      18
      12
      23
      19
      14
      19
      21
      24
      17
      21
      15
      15
      12
      14
      22
      14
      17
      22
      20
      19
      20
      22
      16
      18
      18
      19
      20
      18
      28
      14
      18
      19
      21
      25
      17
      17
      25
      22
      15
      15
      18
      16
      18
      21
      24
      25
      16
      15
      16
      30
      18
      20
      21
      14
      22
      18
      26
       9
      22
      17
      26
      20
      20
      21
      15
      16
      24
      12
      29
      21
      18
      13
      15
      22
      16
      13
      14
      15
      19
      17
      17
      11
      17
      15
      15
      23
      17
      17
      10
      19
      18
      17
      18
      12
      22
      23
      13
      17
      16
      14
      18
      17
      13
      20
      17
      26
      22
      12
      20
      22
      20
      17
      19
      15
      26
      23
      15
      16
      21
      22
      22
      17
      16
      19
      20
      15
      19
      14
      18
      26
      18
      14
      14
      20
      14
      16
      17
      20
      24
      22
      17
      18
      28
       8
      17
      19
      18
      16
      13
      22
      21
      18
      24
      14
      21
      20
      21
      19
      21
      18
      22
      22
      16
      27
      25
      21
      19
      19
      22
      24
      13
      22
      22
      17
      18
      11
      21
      32
      15
      32
      32
      21
      40
      42
      49
      71
      79
     117
     128
     182
     217
     272
     317
     378
     513
     737
     880
    1129
    1283
    1324
    1533
    1634
    1666
    1673
    1685
    1618
    1486
    1184
     946
     655
     393
     292
     178
     127
      92
      78
      55
      31
      24
      16
      10
      12
      15
      11
      12
      13
       4
       9
      15
       6
      12
      14
       9
      15
       8
      15
      13
       6
      11
      11
      10
      15
      11
      10
       9
      14
      14
      19
      17
      20
       6
       9
      17
      26
      18
      16
      14
      15
      11
       7
      12
      17
      15
      16
      13
      18
      12
      10
      15
       8
       9
      15
      10
       6
      13
      10
      13
       9
       9
      13
      10
       8
      16
      13
      18
      12
      16
      19
      16
      13
      13
      14
      16
      13
      19
      12
      16
      13
       6
      12
       8
      14
      12
      18
      11
      17
       7
       5
      11
      10
       7
      13
       9
       9
      13
       7
      10
       8
       8
       5
       6
       4
      10
      10
      17
      15
      12
      15
      14
      17
       7
      12
       9
       7
      12
       9
       7
      18
      15
       6
      15
       9
       6
      13
       8
      13
      11
      19
      10
      13
       7
       7
       8
      13
      16
       9
      17
       7
       5
      17
      11
      14
      11
       8
      13
       7
       6
       6
       7
      11
      11
      11
       7
       8
       9
       3
      12
       8
      10
       7
       8
       9
      15
      11
       7
      13
       6
       6
       9
       7
      14
      13
      11
      11
      11
      11
      12
      11
      11
      10
      11
      11
      12
      14
       8
      11
      13
      15
       5
      10
       9
       7
      12
      10
       7
       8
      13
      14
       8
       8
      10
      14
      10
      12
       8
       7
      12
       9
       6
      11
      13
      11
      11
       8
      18
       7
       5
       7
      19
      17
       7
       7
      14
      16
       9
       9
       9
      10
       7
      11
      11
      16
       5
      14
      13
      12
      14
      11
      13
       8
      13
       8
       9
      10
       7
       9
       5
       6
       9
      11
      10
       9
       6
      11
       4
      12
       8
       3
       5
      10
      14
      10
       7
      11
       3
       9
       8
      12
      10
      12
       5
       7
      14
      12
      17
      10
      21
      13
      18
       8
       2
      14
       8
      10
       8
      10
      12
       9
      10
      13
      16
      12
       6
      14
      11
      11
      11
      16
       9
       5
       8
      10
      10
      11
      11
       4
       7
       6
       7
       7
       5
       6
       9
       9
       7
       8
      11
      11
       7
       9
      11
       7
       7
       9
       9
      10
      13
       8
      10
       7
      12
       9
      12
       5
       5
       8
       6
       7
      12
       5
       6
       9
       7
       9
       8
       5
      11
      10
       6
       6
      12
       9
      10
       7
      13
      11
       3
       5
       5
      10
       5
      12
       6
      10
       7
      12
       5
       9
      12
      19
       8
       7
       9
      10
       5
       9
       8
       7
       8
       7
       8
       9
       5
       6
       4
      10
      13
       8
       4
       7
       6
      10
       5
       9
       9
      10
       6
       2
      11
      12
      20
      11
       5
       7
      13
       7
      11
      12
      11
      16
      17
      17
       9
      15
      16
      20
      14
       6
       8
      11
      14
       9
      12
       3
      11
      10
      16
       8
      14
       6
      11
      11
       9
      13
      11
      11
       9
       4
      11
      10
       4
      11
       7
      13
       9
       9
       9
      12
      14
       7
      11
      15
       8
      14
       9
       6
       5
       9
      13
       8
      10
       9
       7
      11
       8
       7
       8
      11
      11
      10
      12
       6
       7
       4
       5
      16
       9
       5
       8
       7
       9
       9
       8
      12
      10
       8
      11
       8
       8
      12
       5
      12
      12
       9
      12
      10
       5
       7
      12
       9
       9
      10
       8
       7
      10
       5
       6
       8
      14
       5
      14
      14
      14
      14
      20
      24
      15
      18
      20
      28
      35
      38
      28
      46
      55
      78
      78
      84
     129
     115
     141
     148
     146
     116
     151
     167
     140
     151
     134
      99
      73
      69
      45
      35
      19
      15
      17
      17
       9
      11
      10
       9
      11
      10
       8
       6
       9
       4
       6
      11
       6
      13
       3
       7
       9
      11
       8
      13
       5
       6
      12
       9
       8
      10
      12
       9
       7
       5
      10
       9
      12
       7
      10
      13
       6
       9
       9
      10
      10
       6
       4
       8
      10
       8
       8
       5
       5
       7
       9
      11
      10
       5
       6
       7
      10
       8
       8
       2
       9
       7
       8
      13
      11
       7
       8
       9
       9
       9
      11
       7
       8
       9
       5
       8
      13
       6
      14
       6
       4
       5
       9
       4
       4
       6
       8
       3
       5
       9
       7
       4
       4
       4
       9
       5
       8
      10
      10
       9
       6
       8
       4
       6
       6
       7
       6
       4
       9
       6
      12
       6
      12
      11
       7
       7
       6
       7
       4
       3
       8
       7
       8
       6
       4
       9
      11
       7
       7
       9
       8
       4
       5
       5
       5
       9
       8
       7
      11
       6
      12
       6
       4
       9
       9
       9
       9
      10
       5
       6
      10
       6
       8
      11
       8
       6
      13
      12
       6
      13
       4
      11
      11
       5
       9
       6
       5
       3
       3
       7
       3
       5
       3
       8
       6
       6
       6
       9
       9
      10
       8
       8
       9
      10
       9
       9
       5
      11
      11
       7
       4
       6
       3
       7
       5
       5
       4
       8
      10
       9
       6
      10
       7
       6
      11
       9
       6
       5
       6
      10
       8
      12
       9
      11
       5
       8
      14
      15
      10
      16
      19
      13
      21
      15
      11
      18
      14
      16
      16
      14
      15
      16
      17
       8
       9
      17
       8
       9
       8
       4
       9
       8
      13
       4
       9
      10
      11
       2
       8
       7
      13
       8
      10
       6
       7
       5
       9
       8
       7
       3
       6
       8
       8
       4
       6
      10
      10
       7
       6
       9
       8
       1
       7
       2
      10
       7
       3
       4
       5
      11
       8
       4
       6
       6
       3
       8
       7
       4
       6
       9
       4
       5
       5
       5
       6
       7
       6
       6
       2
       8
      10
      11
       6
       5
       3
       3
      10
       9
      10
       3
       9
       9
       7
       3
       7
       5
       5
       9
       9
       7
      12
       6
       8
       6
      11
       4
       5
       9
       6
       7
      12
       6
      10
      10
      12
       5
       6
       9
       5
       5
      12
       1
       4
       7
       3
       4
       3
      14
      12
       7
       6
       5
       6
       3
       6
       9
       7
       9
       8
       8
       6
       9
       5
       9
       7
       8
       5
       6
       7
       8
       7
       8
       7
       7
       1
       5
       3
       3
       7
       4
       7
       4
       3
       9
       8
       3
      10
       8
       6
      10
       4
      12
       8
       8
       8
       9
       5
       5
       7
       9
       3
       9
       6
      11
       6
       8
       5
      10
       5
       9
       5
       7
       6
       6
       6
      12
       8
      11
       6
      10
       5
       9
       9
       6
       7
       9
       7
       6
       8
       6
       9
      11
      12
       2
      12
      10
       9
       9
       6
       8
       7
       7
       4
       7
       9
       2
       2
       4
       4
       7
       5
       9
      11
       7
       9
       4
      14
       6
       7
       8
       7
       9
       3
       7
       6
       7
       9
       5
       7
      11
       7
       8
       4
      12
      10
       5
       9
       6
      10
      10
       6
       8
       3
      10
       5
      12
       6
      11
       6
       7
       9
       6
      10
       4
      11
       9
       6
       7
       5
       5
       7
      10
      13
       9
       4
      11
       8
       6
      11
       9
       6
       7
       5
      11
      10
       4
      12
      10
      11
       9
       6
       5
       7
       4
       6
       7
       6
       8
       4
       5
       9
      12
       6
       8
       7
       3
       9
       1
       7
       8
       9
       9
       7
      10
       5
       6
       7
       4
       9
       8
       5
       5
       5
       5
       7
       8
       4
      11
       6
       8
       9
      12
       8
      17
      11
       4
       8
       8
       3
      11
       3
       5
       8
       6
       6
       3
       9
       8
       9
       4
       7
       4
       4
       7
      10
       7
       4
      13
       8
       7
      14
       5
       7
       1
      10
      11
      10
       8
      10
      12
      12
      12
      12
      12
      11
      20
      17
      18
      24
      16
      29
      26
      34
      37
      29
      21
      38
      30
      43
      39
      41
      44
      24
      38
      15
      21
      16
      11
      10
       8
       4
       8
       8
       7
      11
      15
       9
       7
       7
       9
       3
       8
       7
      11
       8
       8
      10
      10
       8
       9
       9
       6
      12
       6
       9
       6
       8
       7
       7
      10
       6
      10
       4
       3
       8
       5
       9
       7
      13
       3
      14
       8
       4
       4
       4
       6
       7
       9
       9
      10
       7
       7
      11
       7
      11
      11
       9
       4
      14
      13
      11
       6
       4
       5
       6
       1
       9
      10
       7
       6
       5
       7
       8
       9
      13
      10
      11
       8
       6
       9
      12
      12
       7
      11
       3
       9
       6
      11
       4
      11
       9
       9
       7
      10
       8
       9
       6
       5
      10
       9
       4
       8
       8
       4
      12
       6
       5
       6
       7
       8
       5
       7
       7
       9
       8
       8
      10
       7
       5
      10
       6
       9
       6
       8
      12
       8
       8
       7
       9
       6
       3
      12
       9
       5
       5
       7
       2
       8
      12
       5
       7
       4
       8
      11
      10
       8
       3
      10
      12
       9
       7
       9
       8
       7
       8
       8
       4
       8
      14
       8
       9
      10
      13
       6
      10
       6
       9
       6
      10
      17
      10
       7
       6
      14
       9
      13
      10
       5
      14
       8
       2
       8
       9
       6
       7
      11
       6
       8
       7
      17
       4
      11
       9
      15
       5
       5
       9
       7
      10
      10
       9
       8
       2
       7
       3
      12
       9
      12
      13
      15
       9
       8
      10
      13
       9
       8
      11
      16
       7
      10
       5
       8
       4
       9
       8
       9
       5
      12
       8
      11
       9
      11
       7
       9
       9
      12
      13
       8
       6
       8
      12
      14
      11
      11
      14
       9
      10
      11
      14
      17
       7
       5
       6
       3
      11
       5
       8
       9
      10
      12
       8
      10
       5
      10
      15
       9
      15
      10
      12
       7
      14
      10
       7
       6
       9
      10
       6
      13
      14
       9
      11
      14
       8
      11
      16
       8
       8
      12
       6
       6
      18
       8
       9
       2
       7
      12
       6
       7
       9
      12
      12
       8
      13
      12
      14
       8
       5
       9
      12
       3
       8
       7
       6
       7
       8
       6
       7
      11
      11
      10
       6
       5
       5
       8
       9
       4
      10
       9
       3
       6
       5
       5
       7
       5
       5
       7
       6
       5
       7
       5
      13
       9
       8
      11
       1
       3
       7
       4
       6
       6
       8
       5
       5
       4
       8
       3
       5
       8
       6
       7
       9
       4
       5
       5
       0
       9
       4
       7
       6
       9
       5
       5
       7
       6
       7
       3
       8
      11
       5
       1
       3
       7
       6
       1
       5
       6
       4
       7
       7
       6
      11
       8
       5
       5
       8
       7
       5
       9
       7
       3
       6
       5
       4
       3
       7
      10
       9
       3
       6
       6
       8
      11
       6
       9
       3
       6
       2
      16
       5
       7
       5
       5
       3
      11
       2
       3
       7
       6
       5
       6
       6
       2
       6
      10
       7
       7
       8
       5
       7
       6
       4
       5
       6
       5
       5
       9
       6
       2
       5
       5
       1
       3
       6
       4
       4
      12
       4
       4
       6
       8
       4
       5
       6
      11
       4
       5
       4
       6
       3
       8
       7
       8
       4
       7
       2
       5
       6
       3
       5
       4
       5
       9
       5
       8
       6
       2
       1
       2
       5
       6
       8
       8
       7
       3
       2
       4
       6
       9
       2
       2
       9
       7
       4
       4
       5
       3
       7
       3
       1
       2
       8
       8
       4
       7
      10
       6
       3
       4
       3
       6
       0
       1
       7
       2
       5
       1
       7
       5
       6
       5
       4
       5
       3
       3
       7
       4
       6
       4
       4
       5
       4
       2
       6
       3
       0
      10
       3
       2
      10
       0
       3
       5
       1
       1
       3
       2
       3
       4
       4
       2
       4
       6
       6
       3
       2
       4
       5
       8
       6
       5
       3
       5
       6
       4
       7
       8
       2
       4
       4
       4
       5
       3
       3
       2
       3
       2
       0
       1
       2
       5
       8
       5
       3
       2
       5
       0
       1
       4
       5
       4
       2
       4
       6
       9
       4
       2
       1
       5
       5
       3
       3
       1
       6
       2
       0
       3
       3
       4
       3
       3
       3
       5
       1
       1
       3
       1
       3
       8
       1
       2
       3
       5
       2
       3
       2
       7
       1
       3
       1
       5
       8
       3
       6
       5
       6
       4
       3
       2
       3
       1
       1
       2
       4
       1
       6
       0
       1
       3
       0
       2
       3
       1
       0
       3
       3
       3
       1
       3
       2
       1
       2
       3
       4
       2
       3
       0
       0
       4
       1
       2
       2
       0
       2
       1
       0
       2
       2
       5
       3
       0
       2
       2
       2
       1
       1
       0
       2
       0
       3
       1
       1
       2
       4
       3
       4
       1
       3
       1
       3
       2
       5
       2
       0
       0
       2
       3
       4
       2
       4
       4
       2
       0
       1
       1
       4
       1
       2
       4
       1
       1
       2
       4
       1
       0
       1
       3
       3
       2
       0
       2
       0
       2
       1
       2
       1
       0
       1
       2
       2
       1
       2
       3
       7
       1
       2
       4
       4
       2
       1
       0
       1
       0
       0
       1
       1
       1
       3
       2
       2
       3
       0
       1
       3
       4
       2
       0
       1
       1
       1
       2
       1
       4
       1
       0
       2
       1
       6
       2
       2
       4
       2
       1
       1
       0
       1
       1
       2
       2
       2
       2
       0
       0
       4
       3
       4
       1
       1
       3
       4
       1
       3
       1
       0
       3
       1
       2
       2
       0
       2
       0
       3
       2
       2
       1
       0
       3
       0
       2
       0
       3
       2
       1
       3
       2
       2
       4
       2
       5
       0
       4
       3
       2
       0
       3
       1
       1
       2
       1
       1
       1
       1
       3
       0
       1
       2
       3
       5
       3
       1
       3
       3
       0
       1
       2
       2
       1
       2
       0
       3
       3
       4
       1
       2
       6
       4
       6
       1
       0
       8
       5
       3
       4
       5
       8
       3
       6
      13
       6
      12
      12
      12
      18
      18
      26
      17
      19
      29
      20
      34
      38
      47
      67
      76
      72
      82
      98
     100
     106
     122
      95
     131
     112
     134
     117
     144
     134
     133
     133
     119
      83
      91
      58
      26
      33
      18
      17
      16
      12
       7
       6
       8
       6
       9
       9
       1
       3
       4
       2
       2
       0
       1
       1
       2
       2
       0
       3
       3
       1
       1
       1
       2
       1
       4
       3
       0
       1
       0
       0
       2
       0
       2
       0
       2
       4
       2
       1
       1
       0
       1
       2
       1
       5
       2
       1
       1
       2
       5
       1
       0
       0
       1
       0
       2
       1
       2
       2
       1
       3
       3
       2
       1
       0
       0
       0
       1
       1
       1
       0
       0
       2
       1
       2
       3
       0
       0
       0
       2
       1
       3
       2
       2
       2
       1
       0
       1
       2
       0
       1
       0
       0
       1
       2
       3
       1
       4
       1
       0
       1
       0
       2
       1
       0
       2
       0
       1
       1
       2
       5
       1
       2
       3
       0
       2
       0
       0
       0
       0
       1
       2
       2
       0
       5
       3
       0
       2
       0
       2
       0
       2
       0
       2
       3
       1
       0
       3
       0
       1
       0
       1
       4
       1
       4
       4
       1
       2
       0
       0
       1
       1
       0
       3
       3
       2
       0
       0
       2
       6
       0
       3
       0
       0
       2
       1
       3
       0
       1
       0
       1
       1
       0
       3
       0
       1
       2
       1
       1
       1
       0
       1
       0
       0
       0
       1
       0
       1
       0
       2
       0
       1
       3
       2
       0
       2
       1
       0
       1
       2
       1
       2
       4
       2
       0
       4
       3
       1
       2
       3
       0
       1
       1
       3
       1
       0
       0
       0
       1
       3
       1
       1
       3
       0
       1
       0
       2
       1
       2
       3
       0
       0
       1
       3
       3
       0
       4
       0
       2
       1
       5
       2
       2
       1
       1
       1
       1
       1
       0
       4
       1
       2
       0
       2
       4
       1
       0
       2
       0
       1
       1
       4
       0
       2
       2
       3
       4
       2
       4
       1
       1
       1
       2
       2
       2
       2
       2
       4
       1
       0
       4
       3
       2
       1
       1
       1
       1
       0
       0
       3
       3
       3
       0
       2
       0
       1
       3
       5
       1
       0
       1
       1
       3
       2
       0
       3
       0
       2
       1
       2
       1
       3
       1
       1
       2
       1
       0
       1
       4
       0
       2
       1
       1
       0
       2
       0
       2
       3
       0
       0
       0
       2
       3
       0
       1
       0
       2
       0
       3
       2
       2
       0
       2
       1
       0
       3
       2
       3
       2
       1
       2
       1
       2
       2
       1
       1
       1
       1
       0
       4
       1
       0
       0
       1
       0
       4
       0
       3
       1
       2
       0
       3
       1
       0
       3
       0
       0
       1
       0
       2
       0
       2
       0
       2
       2
       1
       0
       1
       3
       1
       3
       2
       2
       2
       2
       3
       0
       2
       3
       3
       1
       1
       1
       1
       2
       0
       2
       0
       3
       2
       2
       0
       2
       2
       0
       1
       2
       1
       1
       3
       0
       2
       1
       2
       3
       1
       1
       0
       1
       1
       2
       1
       0
       2
       3
       1
       2
       2
       0
       2
       2
       2
       0
       0
       0
       1
       2
       1
       1
       1
       3
       1
       1
       0
       2
       3
       1
       2
       0
       0
       3
       1
       2
       2
       3
       0
       0
       1
       0
       3
       2
       2
       2
       2
       1
       1
       2
       2
       3
       0
       0
       1
       2
       4
       1
       1
       0
       4
       1
       0
       1
       2
       0
       1
       4
       1
       2
       2
       0
       0
       2
       1
       0
       1
       1
       0
       2
       1
       3
       2
       1
       2
       1
       1
       1
       5
       0
       1
       0
       2
       1
       1
       2
       0
       2
       0
       0
       6
       1
       1
       3
       1
       0
       3
       1
       1
       3
       1
       0
       0
       2
       3
       0
       1
       2
       1
       0
       1
       3
       2
       2
       2
       1
       1
       1
       1
       2
       1
       1
       0
       1
       3
       1
       1
       0
       0
       3
       0
       1
       3
       2
       2
       1
       5
       1
       3
       0
       3
       1
       1
       2
       0
       1
       1
       1
       0
       4
       4
       1
       1
       3
       3
       2
       0
       2
       1
       1
       1
       3
       0
       1
       0
       1
       2
       0
       0
       2
       0
       1
       1
       0
       0
       1
       0
       2
       1
       0
       1
       1
       4
       0
       2
       1
       3
       0
       2
       1
       1
       0
       0
       1
       1
       2
       3
       2
       3
       0
       1
       0
       2
       2
       3
       0
       0
       1
       1
       2
       2
       1
       0
       3
       1
       2
       1
       3
       1
       1
       1
       3
       2
       2
       2
       1
       1
       0
       0
       2
       0
       2
       0
       3
       0
       0
       0
       2
       0
       1
       0
       2
       0
       2
       3
       0
       1
       2
       2
       1
       0
       1
       1
       1
       1
       2
       1
       1
       1
       1
       0
       1
       1
       3
       2
       0
       3
       3
       0
       3
       0
       3
       0
       4
       0
       0
       1
       2
       3
       2
       1
       1
       1
       1
       1
       1
       0
       0
       2
       2
       0
       1
       2
       0
       1
       1
       0
       1
       2
       0
       3
       0
       0
       2
       2
       2
       1
       5
       2
       4
       3
       1
       0
       0
       0
       1
       3
       1
       0
       1
       2
       0
       3
       0
       0
       1
       1
       1
       0
       3
       0
       1
       2
       1
       3
       1
       3
       0
       4
       0
       3
       2
       1
       1
       3
       0
       1
       0
       2
       1
       1
       0
       1
       1
       2
       1
       3
       1
       0
       2
       3
       1
       3
       0
       2
       3
       3
       1
       1
       0
       1
       1
       2
       1
       1
       3
       1
       1
       1
       1
       0
       0
       2
       0
       1
       2
       1
       2
       0
       1
       1
       2
       0
       1
       1
       2
       2
       2
       1
       1
       2
       0
       4
       2
       1
       1
       2
       0
       2
       0
       0
       1
       2
       1
       0
       2
       0
       0
       1
       2
       2
       4
       2
       3
       0
       2
       1
       1
       2
       1
       0
       2
       1
       0
       0
       2
       2
       0
       1
       2
       1
       0
       0
       1
       2
       1
       3
       0
       2
       0
       1
       2
       1
       2
       2
       0
       1
       2
       0
       2
       1
       1
       2
       2
       1
       1
       1
       1
       1
       0
       0
       4
       2
       0
       1
       1
       0
       2
       0
       1
       1
       0
       2
       1
       1
       0
       0
       0
       2
       0
       0
       0
       0
       1
       3
       2
       1
       0
       3
       1
       1
       1
       2
       3
       1
       0
       1
       1
       1
       1
       0
       0
       1
       0
       2
       1
       1
       2
       1
       0
       1
       3
       0
       2
       0
       1
       1
       1
       1
       1
       4
       2
       1
       0
       0
       1
       2
       1
       0
       3
       2
       2
       2
       0
       0
       1
       3
       0
       3
       4
       0
       0
       1
       2
       0
       1
       1
       1
       2
       0
       1
       2
       1
       2
       1
       0
       1
       1
       1
       0
       0
       1
       3
       1
       1
       1
       1
       0
       1
       0
       1
       1
       1
       1
       1
       1
       2
       2
       0
       3
       1
       3
       1
       2
       0
       0
       0
       1
       1
       0
       1
       1
       1
       1
       0
       2
       1
       1
       2
       0
       3
       2
       3
       2
       2
       3
       1
       2
       1
       4
       4
       1
       1
       0
       0
       1
       0
       1
       0
       2
       1
       0
       0
       2
       3
       2
       0
       0
       0
       0
       1
       2
       0
       0
       0
       1
       1
       0
       0
       0
       2
       0
       0
       1
       0
       2
       3
       1
       1
       0
       1
       1
       1
       0
       2
       1
       2
       2
       0
       0
       2
       0
       1
       1
       0
       2
       2
       0
       1
       0
       0
       0
       1
       1
       0
       1
       2
       3
       2
       1
       1
       0
       0
       1
       1
       0
       3
       1
       1
       2
       0
       2
       2
       2
       1
       0
       0
       0
       1
       0
       1
       0
       0
       1
       3
       1
       3
       0
       1
       0
       3
       3
       3
       1
       0
       0
       0
       1
       0
       0
       0
       4
       2
       1
       2
       0
       3
       0
       2
       2
       2
       0
       1
       1
       1
       2
       3
       1
       1
       1
       4
       1
       0
       2
       0
       2
       1
       2
       2
       0
       2
       3
       1
       0
       2
       2
       2
       0
       1
       1
       2
       0
       0
       0
       1
       1
       1
       3
       2
       1
       0
       1
       1
       0
       0
       1
       0
       0
       1
       0
       1
       3
       0
       0
       0
       1
       1
       1
       3
       2
       3
       1
       1
       0
       1
       0
       0
       1
       2
       2
       0
       1
       1
       1
       0
       2
       1
       1
       1
       0
       2
       1
       2
       1
       1
       0
       2
       3
       1
       2
       5
       1
       5
       4
       3
       5
       6
       1
       4
       4
       5
       4
       4
       4
       4
       1
       6
       6
       8
       5
       3
       0
       2
       0
       0
       1
       2
       0
       1
       0
       0
       1
       0
       0
       1
       2
       1
       1
       2
       2
       0
       0
       0
       2
       1
       1
       0
       1
       0
       1
       3
       1
       0
       1
       1
       1
       0
       0
       2
       1
       0
       1
       2
       0
       1
       0
       0
       0
       1
       1
       2
       2
       0
       1
       1
       0
       1
       0
       0
       2
       1
       1
       0
       0
       1
       3
       0
       2
       1
       2
       1
       3
       0
       1
       0
       1
       2
       0
       2
       1
       1
       1
       0
       0
       2
       1
       2
       1
       0
       1
       1
       0
       0
       0
       1
       0
       0
       1
       0
       0
       1
       0
       0
       3
       0
       0
       1
       0
       1
       1
       0
       1
       1
       2
       1
       1
       1
       1
       2
       0
       1
       1
       2
       1
       1
       1
       1
       1
       1
       2
       2
       1
       0
       4
       4
       1
       0
       0
       1
       1
       1
       2
       3
       2
       0
       2
       0
       1
       1
       1
       0
       1
       1
       2
       0
       0
       0
       2
       0
       1
       1
       2
       0
       2
       3
       2
       1
       0
       0
       1
       0
       0
       0
       1
       1
       1
       0
       1
       0
       0
       2
       0
       0
       1
       2
       1
       0
       2
       0
       0
       2
       1
       1
       0
       1
       1
       1
       1
       0
       1
       0
       3
       0
       1
       1
       0
       1
       1
       3
       0
       0
       0
       1
       0
       0
       0
       1
       1
       0
       0
       1
       2
       0
       0
       1
       0
       2
       2
       0
       1
       2
       1
       0
       1
       1
       1
       2
       0
       2
       1
       1
       1
       0
       0
       2
       2
       0
       2
       0
       0
       0
       2
       1
       1
       0
       2
       0
       1
       0
       0
       0
       1
       1
       0
       0
       2
       2
       0
       1
       0
       0
       0
       1
       0
       3
       2
       2
       1
       2
       1
       3
       2
       3
       0
       0
       1
       0
       3
       3
       0
       0
       0
       0
       2
       4
       2
       1
       1
       1
       2
       0
       1
       1
       2
       0
       1
       1
       0
       1
       2
       0
       1
       2
       1
       2
       4
       0
       0
       1
       0
       2
       0
       3
       0
       0
       0
       1
       0
       2
       1
       0
       1
       1
       0
       0
       1
       3
       0
       0
       0
       3
       2
       0
       1
       0
       1
       2
       1
       1
       0
       1
       0
       2
       0
       0
       0
       0
       0
       1
       1
       0
       2
       0
       0
       2
       0
       0
       1
       1
       2
       0
       1
       2
       1
       1
       0
       2
       1
       0
       0
       0
       2
       0
       1
       0
       1
       0
       1
       2
       0
       0
       2
       0
       0
       2
       1
       1
       1
       1
       0
       1
       0
       1
       0
       2
       1
       1
       0
       1
       1
       1
       0
       0
       1
       1
       3
       0
       4
       1
       0
       0
       1
       0
       0
       1
       1
       4
       4
       0
       0
       1
       2
       0
       0
       0
       2
       2
       3
       1
       1
       0
       2
       0
       1
       3
       1
       2
       0
       4
       1
       0
       2
       1
       1
       0
       1
       2
       1
       1
       0
       1
       1
       0
       2
       2
       1
       1
       1
       0
       1
       0
       1
       1
       1
       1
       0
       1
       0
       2
       2
       1
       0
       0
       2
       1
       2
       1
       2
       1
       1
       1
       2
       1
       0
       1
       0
       0
       1
       0
       1
       1
       1
       1
       0
       1
       1
       0
       1
       1
       0
       0
       0
       2
       0
       1
       1
       0
       0
       3
       1
       0
       0
       1
       0
       0
       1
       1
       2
       1
       0
       1
       0
       0
       1
       0
       0
       3
       1
       0
       1
       0
       0
       2
       2
       0
       0
       0
       0
       1
       0
       0
       3
       0
       1
       0
       1
       1
       1
       1
       0
       0
       0
       0
       1
       1
       1
       1
       0
       0
       1
       1
       1
       0
       1
       0
       1
       0
       1
       1
       1
       1
       1
       1
       0
       2
       1
       2
       0
       3
       2
       1
       1
       0
       2
       0
       0
       1
       2
       0
       0
       3
       1
       0
       1
       1
       2
       1
       0
       2
       1
       1
       2
       0
       1
       0
       2
       1
       0
       2
       2
       1
       0
       0
       0
       1
       0
       0
       2
       2
       0
       2
       0
       2
       0
       0
       0
       0
       0
       1
       0
       1
       0
       2
       0
       0
       1
       0
       0
       0
       2
       1
       1
       1
       0
       2
       2
       1
       1
       0
       0
       0
       1
       2
       3
       0
       0
       0
       2
       2
       0
       2
       3
       0
       0
       0
       1
       0
       1
       1
       0
       3
       1
       2
       1
       1
       0
       1
       2
       1
       0
       2
       1
       1
       1
       1
       0
       1
       2
       1
       1
       0
       1
       0
       2
       0
       1
       1
       0
       0
       1
       0
       2
       1
       1
       1
       2
       0
       4
       0
       0
       2
       0
       0
       0
       0
       1
       1
       0
       0
       0
       0
       0
       0
       1
       1
       0
       2
       1
       0
       0
       0
       2
       1
       1
       0
       1
       2
       0
       0
       0
       1
       3
       0
       0
       1
       1
       0
       0
       0
       3
       1
       1
       1
       1
       0
       3
       0
       2
       3
       1
       1
       1
       1
       2
       1
       2
       0
       1
       0
       2
       0
       2
       0
       0
       2
       1
       0
       1
       1
       2
       0
       0
       0
       0
       1
       1
       0
       1
       0
       1
       1
       0
       1
       0
       0
       1
       1
       1
       0
       2
       0
       1
       0
       0
       0
       0
       1
       0
       0
       0
       2
       1
       1
       0
       1
       1
       1
       0
       1
       3
       0
       1
       2
       0
       0
       1
       0
       0
       1
       1
       1
       0
       0
       0
       3
       1
       0
       0
       0
       0
       1
       0
       2
       2
       1
       3
       0
       0
       0
       1
       1
       1
       1
       0
       1
       0
       0
       1
       3
       1
       0
       1
       0
       3
       0
       0
       1
       1
       2
       3
       0
       1
       0
       0
       1
       0
       0
       0
       1
       1
       0
       1
       0
       1
       1
       0
       0
       0
       0
       0
       1
       0
       1
       2
       2
       0
       1
       0
       1
       2
       1
       1
       1
       0
       1
       1
       1
       0
       1
       0
       0
       1
       1
       2
       0
       2
       1
       1
       0
       1
       1
       2
       2
       0
       2
       0
       0
       0
       2
       0
       0
       0
       1
       0
       1
       3
       0
       0
       0
       1
       1
       0
       0
       0
       1
       1
       0
       0
       0
       0
       1
       1
       0
       1
       1
       1
       1
       0
       0
       0
       2
       0
       0
       2
       3
       0
       1
       0
       1
       1
       0
       0
       0
       1
       1
       1
       1
       1
       0
       0
       2
       0
       2
       0
       1
       1
       4
       2
       0
       0
       1
       0
       0
       1
       0
       0
       0
       0
       0
       0
       1
       1
       0
       0
       1
       2
       0
       0
       2
       0
       1
       0
       1
       0
       0
       0
       2
       0
       0
       1
       1
       1
       1
       0
       1
       1
       0
       1
       1
       4
       0
       0
       2
       0
       1
       1
       0
       3
       0
       1
       0
       1
       1
       0
       0
       1
       0
       0
       0
       0
       0
       0
       0
       3
       0
       1
       0
       0
       1
       0
       0
       0
       1
       0
       0
       1
       0
       1
       1
       0
       1
       2
       0
       1
       0
       3
       1
       1
       1
       0
       0
       0
       0
       1
       0
       0
       2
       2
       2
       0
       1
       2
       1
       1
       0
       2
       0
       0
       1
       1
       0
       0
       0
       1
       0
       0
       0
       1
       0
       0
       1
       0
       2
       1
       2
       0
       0
       0
       0
       0
       0
       1
       0
       1
       0
       0
       1
       0
       0
       1
       1
       0
       1
       1
       1
       2
       0
       0
       0
       3
       1
       1
       2
       1
       0
       0
       0
       2
       0
       0
       2
       0
       0
       0
       0
       1
       1
       0
       1
       0
       1
       1
       0
       3
       2
       1
       1
       2
       0
       1
       1
       1
       0
       1
       1
       0
       0
       0
       0
       1
       1
       0
       2
       0
       0
       2
       1
       1
       0
       0
       0
       0
       0
       0
       1
       1
       0
       1
       0
       0
       2
       0
       2
       0
       0
       0
       0
       0
       0
       0
       2
       0
       1
       2
       1
       2
       0
       3
       1
       1
       4
       0
       0
       2
       1
       0
       0
       0
       1
       0
       0
       1
       0
       0
       1
       1
       0
       0
       2
       1
       1
       1
       1
       0
       2
       1
       1
       0
       0
       2
       3
       2
       1
       1
       2
       0
       1
       0
       0
       0
       0
       0
       0
       0
       0
       0
       0
       0
       0
       0
       0
       0
       0
       0
       0
       0
       0
       0
       0
       0
       0
       0
       0
       0
       0
       0
       0
       0
       0
       0
       0
       0
       0
       0
       0
       0
       0
       0
       0
       0
       0
       0
       0
       0
       0
       0
       0
       0
       0
       0
       0
       0
       0
       0
       0
       0
       0
       0
       0
       0
       0
       0
       0
       0
       0
       0
       0
       0
       0
       0
       0
       0
       0
       0
       0
       0
       0
       0
       0
       0
       0
       0
       0
       0
       0
       0
       0
       0
       0
       0
       0
       0
       0
       0
       0
       0
       0
       0
       0
       0
       0
       0
       0
       0
       0
       0
       0
       0
       0
       0
       0
       0
       0
       0
       0
       0
       0
       0
       0
       0
       0
       0
       0
       0
       0
       0
       0
       0
       0
       0
       0
       0
       0
       0
       0
       0
       0
       0
       0
       0
       0
       0
       0
       0
       0
       0
       0
       0
       0
       0
       0
       0
       0
       0
       0
       0
       0
       0
       0
       0
       0
       0
       0
       0
       0
       0
       0
       0
       0
       0
       0
       0
       0
       0
       0
       0
       0
       0
       0
       0
       0
$ROI:
0
$PRESETS:
None
0
0
$ENER_FIT:
-0.547189 0.388971
$MCA_CAL:
3
-5.471888E-001 3.889708E-001 0.000000E+000 keV
$SHAPE_CAL:
3
0.000000E+000 0.000000E+000 0.000000E+000
