   E (MeV)	Unadj. F×Eavg	Adj. F×Eavg
 1.00000E-10	 0.00000E+00	 0.00000E+00
 1.00000E-09	 0.00000E+00	 0.00000E+00
 1.00000E-09	 0.00000E+00	 0.00000E+00
 1.00000E-08	 0.00000E+00	 0.00000E+00
 1.00000E-08	 0.00000E+00	 0.00000E+00
 2.30000E-08	 0.00000E+00	 0.00000E+00
 2.30000E-08	 0.00000E+00	 0.00000E+00
 5.00000E-08	 0.00000E+00	 0.00000E+00
 5.00000E-08	 0.00000E+00	 0.00000E+00
 7.60000E-08	 0.00000E+00	 0.00000E+00
 7.60000E-08	 0.00000E+00	 0.00000E+00
 1.15000E-07	 0.00000E+00	 0.00000E+00
 1.15000E-07	 0.00000E+00	 0.00000E+00
 1.70000E-07	 0.00000E+00	 0.00000E+00
 1.70000E-07	 0.00000E+00	 0.00000E+00
 2.55000E-07	 0.00000E+00	 0.00000E+00
 2.55000E-07	 0.00000E+00	 0.00000E+00
 3.80000E-07	 0.00000E+00	 0.00000E+00
 3.80000E-07	 0.00000E+00	 0.00000E+00
 5.50000E-07	 0.00000E+00	 0.00000E+00
 5.50000E-07	 0.00000E+00	 0.00000E+00
 8.40000E-07	 0.00000E+00	 0.00000E+00
 8.40000E-07	 0.00000E+00	 0.00000E+00
 1.27500E-06	 0.00000E+00	 0.00000E+00
 1.27500E-06	 0.00000E+00	 0.00000E+00
 1.90000E-06	 0.00000E+00	 0.00000E+00
 1.90000E-06	 0.00000E+00	 0.00000E+00
 2.80000E-06	 0.00000E+00	 0.00000E+00
 2.80000E-06	 1.83071E-48	 1.85435E-48
 4.25000E-06	 1.83071E-48	 1.85435E-48
 4.25000E-06	 1.87366E-48	 1.89784E-48
 6.30000E-06	 1.87366E-48	 1.89784E-48
 6.30000E-06	 2.08642E-48	 2.11336E-48
 9.20000E-06	 2.08642E-48	 2.11336E-48
 9.20000E-06	 2.37056E-48	 2.40116E-48
 1.35000E-05	 2.37056E-48	 2.40116E-48
 1.35000E-05	 4.02858E-48	 4.08059E-48
 2.10000E-05	 4.02858E-48	 4.08059E-48
 2.10000E-05	 9.31742E-48	 9.43771E-48
 3.00000E-05	 9.31742E-48	 9.43771E-48
 3.00000E-05	 1.06138E-47	 1.07509E-47
 4.50000E-05	 1.06138E-47	 1.07509E-47
 4.50000E-05	 1.00979E-47	 1.02282E-47
 6.90000E-05	 1.00979E-47	 1.02282E-47
 6.90000E-05	 1.17814E-47	 1.19335E-47
 1.00000E-04	 1.17814E-47	 1.19335E-47
 1.00000E-04	 1.35955E-47	 1.37711E-47
 1.35000E-04	 1.35955E-47	 1.37711E-47
 1.35000E-04	 1.79654E-47	 1.81973E-47
 1.70000E-04	 1.79654E-47	 1.81973E-47
 1.70000E-04	 1.36714E-47	 1.38479E-47
 2.20000E-04	 1.36714E-47	 1.38479E-47
 2.20000E-04	 1.51901E-47	 1.53862E-47
 2.80000E-04	 1.51901E-47	 1.53862E-47
 2.80000E-04	 1.42780E-47	 1.44623E-47
 3.60000E-04	 1.42780E-47	 1.44623E-47
 3.60000E-04	 1.58735E-47	 1.60784E-47
 4.50000E-04	 1.58735E-47	 1.60784E-47
 4.50000E-04	 1.55423E-47	 1.57429E-47
 5.75000E-04	 1.55423E-47	 1.57429E-47
 5.75000E-04	 1.49736E-47	 1.51670E-47
 7.60000E-04	 1.49736E-47	 1.51670E-47
 7.60000E-04	 2.05123E-47	 2.07771E-47
 9.60000E-04	 2.05123E-47	 2.07771E-47
 9.60000E-04	 2.10518E-47	 2.13236E-47
 1.27500E-03	 2.10518E-47	 2.13236E-47
 1.27500E-03	 3.45399E-47	 3.49860E-47
 1.60000E-03	 3.45399E-47	 3.49860E-47
 1.60000E-03	 5.04548E-47	 5.11066E-47
 2.00000E-03	 5.04548E-47	 5.11066E-47
 2.00000E-03	 5.76252E-47	 5.83700E-47
 2.70000E-03	 5.76252E-47	 5.83700E-47
 2.70000E-03	 1.09658E-46	 1.11076E-46
 3.40000E-03	 1.09658E-46	 1.11076E-46
 3.40000E-03	 5.65237E-46	 5.72558E-46
 4.50000E-03	 5.65237E-46	 5.72558E-46
 4.50000E-03	 1.86482E-46	 1.88902E-46
 5.50000E-03	 1.86482E-46	 1.88902E-46
 5.50000E-03	 1.54135E-45	 1.56143E-45
 7.20000E-03	 1.54135E-45	 1.56143E-45
 7.20000E-03	 2.42376E-46	 2.45547E-46
 9.20000E-03	 2.42376E-46	 2.45547E-46
 9.20000E-03	 9.31584E-47	 9.43858E-47
 1.20000E-02	 9.31584E-47	 9.43858E-47
 1.20000E-02	 1.53864E-46	 1.55911E-46
 1.50000E-02	 1.53864E-46	 1.55911E-46
 1.50000E-02	 6.46714E-48	 6.55432E-48
 1.90000E-02	 6.46714E-48	 6.55432E-48
 1.90000E-02	 1.54724E-49	 1.56847E-49
 2.55000E-02	 1.54724E-49	 1.56847E-49
 2.55000E-02	 1.13238E-51	 1.14826E-51
 3.20000E-02	 1.13238E-51	 1.14826E-51
 3.20000E-02	 1.84973E-54	 1.87639E-54
 4.00000E-02	 1.84973E-54	 1.87639E-54
 4.00000E-02	 2.30165E-56	 2.33590E-56
 5.25000E-02	 2.30165E-56	 2.33590E-56
 5.25000E-02	 4.15121E-59	 4.21522E-59
 6.60000E-02	 4.15121E-59	 4.21522E-59
 6.60000E-02	 2.44773E-61	 2.48690E-61
 8.80000E-02	 2.44773E-61	 2.48690E-61
 8.80000E-02	 1.47663E-62	 1.50112E-62
 1.10000E-01	 1.47663E-62	 1.50112E-62
 1.10000E-01	 3.64101E-62	 3.70324E-62
 1.35000E-01	 3.64101E-62	 3.70324E-62
 1.35000E-01	 1.13668E-59	 1.15654E-59
 1.60000E-01	 1.13668E-59	 1.15654E-59
 1.60000E-01	 5.13663E-54	 5.22728E-54
 1.90000E-01	 5.13663E-54	 5.22728E-54
 1.90000E-01	 2.17311E-44	 2.21134E-44
 2.20000E-01	 2.17311E-44	 2.21134E-44
 2.20000E-01	 2.06213E-30	 2.09786E-30
 2.55000E-01	 2.06213E-30	 2.09786E-30
 2.55000E-01	 8.40894E-12	 8.55139E-12
 2.90000E-01	 8.40894E-12	 8.55139E-12
 2.90000E-01	 1.02796E+12	 1.04500E+12
 3.20000E-01	 1.02796E+12	 1.04500E+12
 3.20000E-01	 3.49267E-27	 3.54036E-27
 3.60000E-01	 3.49267E-27	 3.54036E-27
 3.60000E-01	 4.05141E-21	 4.10684E-21
 4.00000E-01	 4.05141E-21	 4.10684E-21
 4.00000E-01	 1.12917E-14	 1.14470E-14
 4.50000E-01	 1.12917E-14	 1.14470E-14
 4.50000E-01	 3.82592E-08	 3.87889E-08
 5.00000E-01	 3.82592E-08	 3.87889E-08
 5.00000E-01	 4.63941E-02	 4.70416E-02
 5.50000E-01	 4.63941E-02	 4.70416E-02
 5.50000E-01	 7.83222E+03	 7.94252E+03
 6.00000E-01	 7.83222E+03	 7.94252E+03
 6.00000E-01	 2.29923E+08	 2.33194E+08
 6.60000E-01	 2.29923E+08	 2.33194E+08
 6.60000E-01	 1.72977E+11	 1.75471E+11
 7.20000E-01	 1.72977E+11	 1.75471E+11
 7.20000E-01	 4.72176E+12	 4.79107E+12
 7.80000E-01	 4.72176E+12	 4.79107E+12
 7.80000E-01	 2.22991E+12	 2.26340E+12
 8.40000E-01	 2.22991E+12	 2.26340E+12
 8.40000E-01	 5.09901E+10	 5.17757E+10
 9.20000E-01	 5.09901E+10	 5.17757E+10
 9.20000E-01	 3.45135E+07	 3.50587E+07
 1.00000E+00	 3.45135E+07	 3.50587E+07
 1.00000E+00	 2.63233E-20	 2.67075E-20
 1.20000E+00	 2.63233E-20	 2.67075E-20
 1.20000E+00	 8.90631E-23	 9.03707E-23
 1.40000E+00	 8.90631E-23	 9.03707E-23
 1.40000E+00	 1.52005E-25	 1.54240E-25
 1.60000E+00	 1.52005E-25	 1.54240E-25
 1.60000E+00	 2.80117E-28	 2.84220E-28
 1.80000E+00	 2.80117E-28	 2.84220E-28
 1.80000E+00	 7.33520E-31	 7.44208E-31
 2.00000E+00	 7.33520E-31	 7.44208E-31
 2.00000E+00	 3.39528E-33	 3.44449E-33
 2.30000E+00	 3.39528E-33	 3.44449E-33
 2.30000E+00	 4.55602E-35	 4.62195E-35
 2.60000E+00	 4.55602E-35	 4.62195E-35
 2.60000E+00	 1.96131E-36	 1.98982E-36
 2.90000E+00	 1.96131E-36	 1.98982E-36
 2.90000E+00	 6.50303E-37	 6.59879E-37
 3.30000E+00	 6.50303E-37	 6.59879E-37
 3.30000E+00	 1.46737E-36	 1.48949E-36
 3.70000E+00	 1.46737E-36	 1.48949E-36
 3.70000E+00	 2.79961E-35	 2.84324E-35
 4.10000E+00	 2.79961E-35	 2.84324E-35
 4.10000E+00	 5.56449E-33	 5.65505E-33
 4.50000E+00	 5.56449E-33	 5.65505E-33
 4.50000E+00	 1.22338E-29	 1.24431E-29
 5.00000E+00	 1.22338E-29	 1.24431E-29
 5.00000E+00	 1.82104E-25	 1.85394E-25
 5.50000E+00	 1.82104E-25	 1.85394E-25
 5.50000E+00	 2.15168E-20	 2.19264E-20
 6.00000E+00	 2.15168E-20	 2.19264E-20
 6.00000E+00	 1.04963E-14	 1.07054E-14
 6.70000E+00	 1.04963E-14	 1.07054E-14
 6.70000E+00	 9.24052E-09	 9.43057E-09
 7.40000E+00	 9.24052E-09	 9.43057E-09
 7.40000E+00	 4.69214E-03	 4.78981E-03
 8.20000E+00	 4.69214E-03	 4.78981E-03
 8.20000E+00	 9.72463E+02	 9.92456E+02
 9.00000E+00	 9.72463E+02	 9.92456E+02
 9.00000E+00	 3.33703E+07	 3.40287E+07
 1.00000E+01	 3.33703E+07	 3.40287E+07
 1.00000E+01	 5.08906E+10	 5.18268E+10
 1.10000E+01	 5.08906E+10	 5.18268E+10
 1.10000E+01	 2.72344E+12	 2.76909E+12
 1.20000E+01	 2.72344E+12	 2.76909E+12
 1.20000E+01	 1.43119E+13	 1.45329E+13
 1.30000E+01	 1.43119E+13	 1.45329E+13
 1.30000E+01	 5.08408E+13	 5.16108E+13
 1.40000E+01	 5.08408E+13	 5.16108E+13
 1.40000E+01	 4.52184E+10	 4.59258E+10
 1.50000E+01	 4.52184E+10	 4.59258E+10
 1.50000E+01	 4.94024E+03	 5.02487E+03
 1.60000E+01	 4.94024E+03	 5.02487E+03
 1.60000E+01	 0.00000E+00	 0.00000E+00
 1.70000E+01	 0.00000E+00	 0.00000E+00
 1.70000E+01	 0.00000E+00	 0.00000E+00
 1.80000E+01	 0.00000E+00	 0.00000E+00
 1.80000E+01	 0.00000E+00	 0.00000E+00
 1.90000E+01	 0.00000E+00	 0.00000E+00
 1.90000E+01	 0.00000E+00	 0.00000E+00
 2.00000E+01	 0.00000E+00	 0.00000E+00
 2.00000E+01	 0.00000E+00	 0.00000E+00
 2.10000E+01	 0.00000E+00	 0.00000E+00
 2.10000E+01	 0.00000E+00	 0.00000E+00
 2.20000E+01	 0.00000E+00	 0.00000E+00
 2.20000E+01	 0.00000E+00	 0.00000E+00
 2.30000E+01	 0.00000E+00	 0.00000E+00
 2.30000E+01	 0.00000E+00	 0.00000E+00
 2.40000E+01	 0.00000E+00	 0.00000E+00
 2.40000E+01	 0.00000E+00	 0.00000E+00
 2.50000E+01	 0.00000E+00	 0.00000E+00
 2.50000E+01	 0.00000E+00	 0.00000E+00
 2.60000E+01	 0.00000E+00	 0.00000E+00
 2.60000E+01	 0.00000E+00	 0.00000E+00
 2.70000E+01	 0.00000E+00	 0.00000E+00
 2.70000E+01	 0.00000E+00	 0.00000E+00
 2.80000E+01	 0.00000E+00	 0.00000E+00
 2.80000E+01	 0.00000E+00	 0.00000E+00
 2.90000E+01	 0.00000E+00	 0.00000E+00
 2.90000E+01	 0.00000E+00	 0.00000E+00
 3.00000E+01	 0.00000E+00	 0.00000E+00
 3.00000E+01	 0.00000E+00	 0.00000E+00
 3.10000E+01	 0.00000E+00	 0.00000E+00
 3.10000E+01	 0.00000E+00	 0.00000E+00
 3.20000E+01	 0.00000E+00	 0.00000E+00
 3.20000E+01	 0.00000E+00	 0.00000E+00
 3.30000E+01	 0.00000E+00	 0.00000E+00
 3.30000E+01	 0.00000E+00	 0.00000E+00
 3.40000E+01	 0.00000E+00	 0.00000E+00
 3.40000E+01	 0.00000E+00	 0.00000E+00
 3.50000E+01	 0.00000E+00	 0.00000E+00
 3.50000E+01	 0.00000E+00	 0.00000E+00
 3.60000E+01	 0.00000E+00	 0.00000E+00
 3.60000E+01	 0.00000E+00	 0.00000E+00
 3.70000E+01	 0.00000E+00	 0.00000E+00
 3.70000E+01	 0.00000E+00	 0.00000E+00
 3.80000E+01	 0.00000E+00	 0.00000E+00
 3.80000E+01	 0.00000E+00	 0.00000E+00
 3.90000E+01	 0.00000E+00	 0.00000E+00
 3.90000E+01	 0.00000E+00	 0.00000E+00
 4.00000E+01	 0.00000E+00	 0.00000E+00
 4.00000E+01	 0.00000E+00	 0.00000E+00
 4.10000E+01	 0.00000E+00	 0.00000E+00
 4.10000E+01	 0.00000E+00	 0.00000E+00
 4.20000E+01	 0.00000E+00	 0.00000E+00
 4.20000E+01	 0.00000E+00	 0.00000E+00
 4.30000E+01	 0.00000E+00	 0.00000E+00
 4.30000E+01	 0.00000E+00	 0.00000E+00
 4.40000E+01	 0.00000E+00	 0.00000E+00
 4.40000E+01	 0.00000E+00	 0.00000E+00
 4.50000E+01	 0.00000E+00	 0.00000E+00
 4.50000E+01	 0.00000E+00	 0.00000E+00
 4.60000E+01	 0.00000E+00	 0.00000E+00
 4.60000E+01	 0.00000E+00	 0.00000E+00
 4.70000E+01	 0.00000E+00	 0.00000E+00
 4.70000E+01	 0.00000E+00	 0.00000E+00
 4.80000E+01	 0.00000E+00	 0.00000E+00
 4.80000E+01	 0.00000E+00	 0.00000E+00
 4.90000E+01	 0.00000E+00	 0.00000E+00
 4.90000E+01	 0.00000E+00	 0.00000E+00
 5.00000E+01	 0.00000E+00	 0.00000E+00
 5.00000E+01	 0.00000E+00	 0.00000E+00
 5.10000E+01	 0.00000E+00	 0.00000E+00
 5.10000E+01	 0.00000E+00	 0.00000E+00
 5.20000E+01	 0.00000E+00	 0.00000E+00
 5.20000E+01	 0.00000E+00	 0.00000E+00
 5.30000E+01	 0.00000E+00	 0.00000E+00
 5.30000E+01	 0.00000E+00	 0.00000E+00
 5.40000E+01	 0.00000E+00	 0.00000E+00
 5.40000E+01	 0.00000E+00	 0.00000E+00
 5.50000E+01	 0.00000E+00	 0.00000E+00
 5.50000E+01	 0.00000E+00	 0.00000E+00
 5.60000E+01	 0.00000E+00	 0.00000E+00
 5.60000E+01	 0.00000E+00	 0.00000E+00
 5.70000E+01	 0.00000E+00	 0.00000E+00
 5.70000E+01	 0.00000E+00	 0.00000E+00
 5.80000E+01	 0.00000E+00	 0.00000E+00
 5.80000E+01	 0.00000E+00	 0.00000E+00
 5.90000E+01	 0.00000E+00	 0.00000E+00
 5.90000E+01	 0.00000E+00	 0.00000E+00
 6.00000E+01	 0.00000E+00	 0.00000E+00
