NIF_RUN Passive 18x snout on TANDM 90-348 Pinhole
  140    5    1    0    0  <-- KG    KA    IPNT  IACT  KQT  (5I5)
0.005  9.0  0.005  0.001        <-- ACVX  FCHN  FCVX  FS         (free format)
0.0   0   0  1 1.0  <-- AK1   NORML ILOG  TIME  ACNM (free fmt: R,I,I,R,R)
ZR902    1.706E-12 0.010                       IFX
IN115N   4.881E-13 0.007                       IFX
AU197G   8.079E-14 0.010            AUNG 3.937 IFX
IN115G   1.161E-13 0.020            INNG 39.37 IFX
AU1972   1.218E-11 0.053                       IFX
Flux Uncertainty 
   4                          <-- NGP  (I4)
 1.00E-11  1E-4 12.99   20.1
 0.05  0.02 0.02 0.01
Input Flux Spectrum
 140 0 1.000E+00 0.000E+00 0.000E+00   <-- NGP, ITHERM, TNORM, TMPR, ETE  (2I4, 3F10.4)
 0 0 0 0 0 0 0 
 0 0 0 0 0 0 0 
 0 0 0 0 
5.4258E+11
2.2905E+11
5.3921E+10
2.5144E+10
1.4380E+10
9.2478E+09
6.6117E+10
3.3483E+10
2.0992E+10
1.2479E+10
9.3867E+09
6.2092E+09
4.3203E+09
4.5608E+09
3.6951E+10
5.0992E+10
1.1543E+11
1.4207E+10
3.1342E+10
5.4738E+10
1.2071E+11
1.2173E+12
1.5966E+12
1.6096E+12
1.9664E+11
1.8089E+11
1.2856E+11
1.4108E+11
1.2086E+12
7.8547E+11
7.1828E+11
4.2695E+10
4.0977E+10
3.4769E+10
3.3942E+10
2.8163E+11
2.8810E+11
2.6109E+11
2.8614E+10
3.7994E+10
3.3531E+10
4.0512E+10
3.9923E+11
4.9691E+11
6.2026E+11
7.6913E+10
7.8151E+10
9.2914E+10
1.0709E+11
1.1883E+12
9.4300E+11
9.4564E+11
3.5524E+10
3.1105E+10
2.5220E+10
1.8386E+10
1.1244E+11
5.0558E+10
4.1891E+10
3.5125E+09
2.2646E+09
2.0231E+09
1.8985E+09
1.8962E+10
1.6364E+10
1.9261E+10
2.9756E+09
4.7912E+09
8.5996E+09
1.2229E+10
1.8676E+11
2.1648E+11
2.9740E+11
3.8663E+11
2.6556E+11
1.3466E+12
1.5082E+12
 0.0000E+00 0.0000E+00 0.0000E+00
 0.0000E+00 0.0000E+00 0.0000E+00 0.0000E+00 0.0000E+00 0.0000E+00 0.0000E+00
 0.0000E+00 0.0000E+00 0.0000E+00 0.0000E+00 0.0000E+00 0.0000E+00 0.0000E+00
 0.0000E+00 0.0000E+00 0.0000E+00 0.0000E+00 0.0000E+00 0.0000E+00 0.0000E+00
 0.0000E+00 0.0000E+00 0.0000E+00 0.0000E+00 0.0000E+00 0.0000E+00 0.0000E+00
 0.0000E+00 0.0000E+00 0.0000E+00 0.0000E+00 0.0000E+00 0.0000E+00 0.0000E+00
 0.0000E+00 0.0000E+00 0.0000E+00 0.0000E+00 0.0000E+00 0.0000E+00 0.0000E+00 
  10  13  28  11  8  5  8  7 10 40
