NIF_RUN Passive 18x snout on TANDM 90-348 Pinhole
  140    5    1    0    0  <-- KG    KA    IPNT  IACT  KQT  (5I5)
0.005  9.0  0.005  0.001        <-- ACVX  FCHN  FCVX  FS         (free format)
0.0   0   0  1 1.0  <-- AK1   NORML ILOG  TIME  ACNM (free fmt: R,I,I,R,R)
ZR902    1.706E-12 0.010                       IFX
IN115N   4.881E-13 0.007                       IFX
AU197G   8.079E-14 0.010            AUNG 3.937 IFX
IN115G   1.161E-13 0.020            INNG 39.37 IFX
AU1972   1.218E-11 0.053                       IFX
Flux Uncertainty 
   5                          <-- NGP  (I4)
 1.00E-11  5.5000E-07 1.0000E-04  1.0000E+01 13 14 20.1
 0.05  0.05 0.04 0.04 0.01 0.01
Input Flux Spectrum
 140 0 1.000E+00 0.000E+00 0.000E+00   <-- NGP, ITHERM, TNORM, TMPR, ETE  (2I4, 3F10.4)
 0 0 0 0 0 0 0 
 0 0 0 0 0 0 0 
 0 0 0 0 
5.2700E+11
2.2246E+11
5.2368E+10
2.4419E+10
1.3964E+10
8.9798E+09
6.4196E+10
3.2508E+10
2.0379E+10
1.2114E+10
9.1112E+09
6.0267E+09
4.1932E+09
4.4268E+09
3.5869E+10
4.9508E+10
1.1210E+11
1.3803E+10
3.0468E+10
5.3249E+10
1.1753E+11
1.1863E+12
1.5575E+12
1.5719E+12
1.9224E+11
1.7703E+11
1.2593E+11
1.3832E+11
1.1858E+12
7.7107E+11
7.0546E+11
4.1952E+10
4.0284E+10
3.4204E+10
3.3422E+10
2.7769E+11
2.8459E+11
2.5856E+11
2.8427E+10
3.7893E+10
3.3596E+10
4.0804E+10
4.0441E+11
5.0639E+11
6.3594E+11
7.9316E+10
8.1019E+10
9.6752E+10
1.1188E+11
1.2440E+12
9.8770E+11
9.8945E+11
3.7075E+10
3.2333E+10
2.6078E+10
1.8892E+10
1.1471E+11
5.1187E+10
4.2077E+10
3.4999E+09
2.2388E+09
1.9852E+09
1.8498E+09
1.8358E+10
1.5755E+10
1.8457E+10
2.8410E+09
4.5629E+09
8.1788E+09
1.1629E+10
1.7778E+11
2.0648E+11
2.8449E+11
3.7114E+11
2.5909E+11
1.3306E+12
1.4888E+12
 0.0000E+00 0.0000E+00 0.0000E+00
 0.0000E+00 0.0000E+00 0.0000E+00 0.0000E+00 0.0000E+00 0.0000E+00 0.0000E+00
 0.0000E+00 0.0000E+00 0.0000E+00 0.0000E+00 0.0000E+00 0.0000E+00 0.0000E+00
 0.0000E+00 0.0000E+00 0.0000E+00 0.0000E+00 0.0000E+00 0.0000E+00 0.0000E+00
 0.0000E+00 0.0000E+00 0.0000E+00 0.0000E+00 0.0000E+00 0.0000E+00 0.0000E+00
 0.0000E+00 0.0000E+00 0.0000E+00 0.0000E+00 0.0000E+00 0.0000E+00 0.0000E+00
 0.0000E+00 0.0000E+00 0.0000E+00 0.0000E+00 0.0000E+00 0.0000E+00 0.0000E+00 
  10  13  28  11  8  5  8  7 10 40
