   E (MeV)	Unadj. F×Eavg	Adj. F×Eavg
 1.00000E-10	 4.06568E+02	 4.15027E+02
 1.00000E-09	 4.06568E+02	 4.15027E+02
 1.00000E-09	 4.06568E+02	 4.13072E+02
 1.00000E-08	 4.06568E+02	 4.13072E+02
 1.00000E-08	 8.44411E+02	 8.55394E+02
 2.30000E-08	 8.44411E+02	 8.55394E+02
 2.30000E-08	 8.99378E+02	 9.09743E+02
 5.00000E-08	 8.99378E+02	 9.09743E+02
 5.00000E-08	 1.61206E+03	 1.62859E+03
 7.60000E-08	 1.61206E+03	 1.62859E+03
 7.60000E-08	 1.62912E+03	 1.64405E+03
 1.15000E-07	 1.62912E+03	 1.64405E+03
 1.15000E-07	 1.72371E+03	 1.73757E+03
 1.70000E-07	 1.72371E+03	 1.73757E+03
 1.70000E-07	 1.66323E+03	 1.67470E+03
 2.55000E-07	 1.66323E+03	 1.67470E+03
 2.55000E-07	 1.68984E+03	 1.69962E+03
 3.80000E-07	 1.68984E+03	 1.69962E+03
 3.80000E-07	 1.81977E+03	 1.82843E+03
 5.50000E-07	 1.81977E+03	 1.82843E+03
 5.50000E-07	 1.59441E+03	 1.60046E+03
 8.40000E-07	 1.59441E+03	 1.60046E+03
 8.40000E-07	 1.61735E+03	 1.62205E+03
 1.27500E-06	 1.61735E+03	 1.62205E+03
 1.27500E-06	 1.68984E+03	 1.69342E+03
 1.90000E-06	 1.68984E+03	 1.69342E+03
 1.90000E-06	 1.73715E+03	 1.73961E+03
 2.80000E-06	 1.73715E+03	 1.73961E+03
 2.80000E-06	 1.61735E+03	 1.61860E+03
 4.25000E-06	 1.61735E+03	 1.61860E+03
 4.25000E-06	 1.71191E+03	 1.71223E+03
 6.30000E-06	 1.71191E+03	 1.71223E+03
 6.30000E-06	 1.77794E+03	 1.77733E+03
 9.20000E-06	 1.77794E+03	 1.77733E+03
 9.20000E-06	 1.75606E+03	 1.75462E+03
 1.35000E-05	 1.75606E+03	 1.75462E+03
 1.35000E-05	 1.53017E+03	 1.52822E+03
 2.10000E-05	 1.53017E+03	 1.52822E+03
 2.10000E-05	 1.88500E+03	 1.88182E+03
 3.00000E-05	 1.88500E+03	 1.88182E+03
 3.00000E-05	 1.66323E+03	 1.65982E+03
 4.50000E-05	 1.66323E+03	 1.65982E+03
 4.50000E-05	 1.58007E+03	 1.57630E+03
 6.90000E-05	 1.58007E+03	 1.57630E+03
 6.90000E-05	 1.81346E+03	 1.80861E+03
 1.00000E-04	 1.81346E+03	 1.80861E+03
 1.00000E-04	 2.23348E+03	 2.22698E+03
 1.35000E-04	 2.23348E+03	 2.22698E+03
 1.35000E-04	 2.89878E+03	 2.88976E+03
 1.70000E-04	 2.89878E+03	 2.88976E+03
 1.70000E-04	 2.59464E+03	 2.58614E+03
 2.20000E-04	 2.59464E+03	 2.58614E+03
 2.20000E-04	 2.77205E+03	 2.76259E+03
 2.80000E-04	 2.77205E+03	 2.76259E+03
 2.80000E-04	 2.66117E+03	 2.65179E+03
 3.60000E-04	 2.66117E+03	 2.65179E+03
 3.60000E-04	 2.99382E+03	 2.98299E+03
 4.50000E-04	 2.99382E+03	 2.98299E+03
 4.50000E-04	 2.72770E+03	 2.71763E+03
 5.75000E-04	 2.72770E+03	 2.71763E+03
 5.75000E-04	 2.40045E+03	 2.39145E+03
 7.60000E-04	 2.40045E+03	 2.39145E+03
 7.60000E-04	 2.86076E+03	 2.84989E+03
 9.60000E-04	 2.86076E+03	 2.84989E+03
 9.60000E-04	 2.36021E+03	 2.35115E+03
 1.27500E-03	 2.36021E+03	 2.35115E+03
 1.27500E-03	 2.94264E+03	 2.93126E+03
 1.60000E-03	 2.94264E+03	 2.93126E+03
 1.60000E-03	 2.99382E+03	 2.98216E+03
 2.00000E-03	 2.99382E+03	 2.98216E+03
 2.00000E-03	 2.23348E+03	 2.22474E+03
 2.70000E-03	 2.23348E+03	 2.22474E+03
 2.70000E-03	 2.89878E+03	 2.88737E+03
 3.40000E-03	 2.89878E+03	 2.88737E+03
 3.40000E-03	 2.38901E+03	 2.37957E+03
 4.50000E-03	 2.38901E+03	 2.37957E+03
 4.50000E-03	 3.32647E+03	 3.31329E+03
 5.50000E-03	 3.32647E+03	 3.31329E+03
 5.50000E-03	 2.48507E+03	 2.47519E+03
 7.20000E-03	 2.48507E+03	 2.47519E+03
 7.20000E-03	 2.72770E+03	 2.71684E+03
 9.20000E-03	 2.72770E+03	 2.71684E+03
 9.20000E-03	 2.51861E+03	 2.50856E+03
 1.20000E-02	 2.51861E+03	 2.50856E+03
 1.20000E-02	 2.99382E+03	 2.98186E+03
 1.50000E-02	 2.99382E+03	 2.98186E+03
 1.50000E-02	 2.82750E+03	 2.81618E+03
 1.90000E-02	 2.82750E+03	 2.81618E+03
 1.90000E-02	 2.27735E+03	 2.26823E+03
 2.55000E-02	 2.27735E+03	 2.26823E+03
 2.55000E-02	 2.94264E+03	 2.93085E+03
 3.20000E-02	 2.94264E+03	 2.93085E+03
 3.20000E-02	 2.99382E+03	 2.98181E+03
 4.00000E-02	 2.99382E+03	 2.98181E+03
 4.00000E-02	 2.46158E+03	 2.45171E+03
 5.25000E-02	 2.46158E+03	 2.45171E+03
 5.25000E-02	 2.91990E+03	 2.90817E+03
 6.60000E-02	 2.91990E+03	 2.90817E+03
 6.60000E-02	 2.32853E+03	 2.31917E+03
 8.80000E-02	 2.32853E+03	 2.31917E+03
 8.80000E-02	 2.99382E+03	 2.98179E+03
 1.10000E-01	 2.99382E+03	 2.98179E+03
 1.10000E-01	 3.25994E+03	 3.24684E+03
 1.35000E-01	 3.25994E+03	 3.24684E+03
 1.35000E-01	 3.92523E+03	 3.90945E+03
 1.60000E-01	 3.92523E+03	 3.90945E+03
 1.60000E-01	 3.88088E+03	 3.86528E+03
 1.90000E-01	 3.88088E+03	 3.86528E+03
 1.90000E-01	 4.54617E+03	 4.52789E+03
 2.20000E-01	 4.54617E+03	 4.52789E+03
 2.20000E-01	 4.51449E+03	 4.49634E+03
 2.55000E-01	 4.51449E+03	 4.49634E+03
 2.55000E-01	 5.17978E+03	 5.15895E+03
 2.90000E-01	 5.17978E+03	 5.15895E+03
 2.90000E-01	 6.76381E+03	 6.73661E+03
 3.20000E-01	 6.76381E+03	 6.73661E+03
 3.20000E-01	 5.65499E+03	 5.63225E+03
 3.60000E-01	 5.65499E+03	 5.63225E+03
 3.60000E-01	 6.32029E+03	 6.29487E+03
 4.00000E-01	 6.32029E+03	 6.29487E+03
 4.00000E-01	 5.65499E+03	 5.63225E+03
 4.50000E-01	 5.65499E+03	 5.63225E+03
 4.50000E-01	 6.32029E+03	 6.29487E+03
 5.00000E-01	 6.32029E+03	 6.29487E+03
 5.00000E-01	 6.98558E+03	 6.95748E+03
 5.50000E-01	 6.98558E+03	 6.95748E+03
 5.50000E-01	 7.65087E+03	 7.62010E+03
 6.00000E-01	 7.65087E+03	 7.62010E+03
 6.00000E-01	 6.98558E+03	 6.95748E+03
 6.60000E-01	 6.98558E+03	 6.95748E+03
 6.60000E-01	 7.65087E+03	 7.62010E+03
 7.20000E-01	 7.65087E+03	 7.62010E+03
 7.20000E-01	 8.31616E+03	 8.28355E+03
 7.80000E-01	 8.31616E+03	 8.28355E+03
 7.80000E-01	 8.98146E+03	 8.94570E+03
 8.40000E-01	 8.98146E+03	 8.94570E+03
 8.40000E-01	 7.31822E+03	 7.28930E+03
 9.20000E-01	 7.31822E+03	 7.28930E+03
 9.20000E-01	 7.98352E+03	 7.95231E+03
 1.00000E+00	 7.98352E+03	 7.95231E+03
 1.00000E+00	 3.65911E+03	 3.64504E+03
 1.20000E+00	 3.65911E+03	 3.64504E+03
 1.20000E+00	 4.32441E+03	 4.30813E+03
 1.40000E+00	 4.32441E+03	 4.30813E+03
 1.40000E+00	 4.98970E+03	 4.97145E+03
 1.60000E+00	 4.98970E+03	 4.97145E+03
 1.60000E+00	 5.65499E+03	 5.63495E+03
 1.80000E+00	 5.65499E+03	 5.63495E+03
 1.80000E+00	 6.32029E+03	 6.29848E+03
 2.00000E+00	 6.32029E+03	 6.29848E+03
 2.00000E+00	 4.76793E+03	 4.75153E+03
 2.30000E+00	 4.76793E+03	 4.75153E+03
 2.30000E+00	 5.43323E+03	 5.41355E+03
 2.60000E+00	 5.43323E+03	 5.41355E+03
 2.60000E+00	 6.09852E+03	 6.07315E+03
 2.90000E+00	 6.09852E+03	 6.07315E+03
 2.90000E+00	 5.15602E+03	 5.12864E+03
 3.30000E+00	 5.15602E+03	 5.12864E+03
 3.30000E+00	 5.82132E+03	 5.77814E+03
 3.70000E+00	 5.82132E+03	 5.77814E+03
 3.70000E+00	 6.48661E+03	 6.41569E+03
 4.10000E+00	 6.48661E+03	 6.41569E+03
 4.10000E+00	 7.15190E+03	 7.03454E+03
 4.50000E+00	 7.15190E+03	 7.03454E+03
 4.50000E+00	 6.32029E+03	 6.16577E+03
 5.00000E+00	 6.32029E+03	 6.16577E+03
 5.00000E+00	 6.98558E+03	 6.73650E+03
 5.50000E+00	 6.98558E+03	 6.73650E+03
 5.50000E+00	 7.65087E+03	 7.26359E+03
 6.00000E+00	 7.65087E+03	 7.26359E+03
 6.00000E+00	 6.03516E+03	 5.61486E+03
 6.70000E+00	 6.03516E+03	 5.61486E+03
 6.70000E+00	 6.70045E+03	 6.07881E+03
 7.40000E+00	 6.70045E+03	 6.07881E+03
 7.40000E+00	 6.48661E+03	 5.70948E+03
 8.20000E+00	 6.48661E+03	 5.70948E+03
 8.20000E+00	 7.15190E+03	 6.07899E+03
 9.00000E+00	 7.15190E+03	 6.07899E+03
 9.00000E+00	 6.32029E+03	 5.16890E+03
 1.00000E+01	 6.32029E+03	 5.16890E+03
 1.00000E+01	 6.98558E+03	 5.48603E+03
 1.10000E+01	 6.98558E+03	 5.48603E+03
 1.10000E+01	 7.65087E+03	 5.76984E+03
 1.20000E+01	 7.65087E+03	 5.76984E+03
 1.20000E+01	 8.31616E+03	 6.04826E+03
 1.30000E+01	 8.31616E+03	 6.04826E+03
 1.30000E+01	 2.20193E+13	 1.57783E+13
 1.40000E+01	 2.20193E+13	 1.57783E+13
 1.40000E+01	 3.43162E+13	 2.47960E+13
 1.50000E+01	 3.43162E+13	 2.47960E+13
 1.50000E+01	 0.00000E+00	 0.00000E+00
 1.60000E+01	 0.00000E+00	 0.00000E+00
 1.60000E+01	 0.00000E+00	 0.00000E+00
 1.70000E+01	 0.00000E+00	 0.00000E+00
 1.70000E+01	 0.00000E+00	 0.00000E+00
 1.80000E+01	 0.00000E+00	 0.00000E+00
 1.80000E+01	 0.00000E+00	 0.00000E+00
 1.90000E+01	 0.00000E+00	 0.00000E+00
 1.90000E+01	 0.00000E+00	 0.00000E+00
 2.00000E+01	 0.00000E+00	 0.00000E+00
 2.00000E+01	 0.00000E+00	 0.00000E+00
 2.10000E+01	 0.00000E+00	 0.00000E+00
 2.10000E+01	 0.00000E+00	 0.00000E+00
 2.20000E+01	 0.00000E+00	 0.00000E+00
 2.20000E+01	 0.00000E+00	 0.00000E+00
 2.30000E+01	 0.00000E+00	 0.00000E+00
 2.30000E+01	 0.00000E+00	 0.00000E+00
 2.40000E+01	 0.00000E+00	 0.00000E+00
 2.40000E+01	 0.00000E+00	 0.00000E+00
 2.50000E+01	 0.00000E+00	 0.00000E+00
 2.50000E+01	 0.00000E+00	 0.00000E+00
 2.60000E+01	 0.00000E+00	 0.00000E+00
 2.60000E+01	 0.00000E+00	 0.00000E+00
 2.70000E+01	 0.00000E+00	 0.00000E+00
 2.70000E+01	 0.00000E+00	 0.00000E+00
 2.80000E+01	 0.00000E+00	 0.00000E+00
 2.80000E+01	 0.00000E+00	 0.00000E+00
 2.90000E+01	 0.00000E+00	 0.00000E+00
 2.90000E+01	 0.00000E+00	 0.00000E+00
 3.00000E+01	 0.00000E+00	 0.00000E+00
 3.00000E+01	 0.00000E+00	 0.00000E+00
 3.10000E+01	 0.00000E+00	 0.00000E+00
 3.10000E+01	 0.00000E+00	 0.00000E+00
 3.20000E+01	 0.00000E+00	 0.00000E+00
 3.20000E+01	 0.00000E+00	 0.00000E+00
 3.30000E+01	 0.00000E+00	 0.00000E+00
 3.30000E+01	 0.00000E+00	 0.00000E+00
 3.40000E+01	 0.00000E+00	 0.00000E+00
 3.40000E+01	 0.00000E+00	 0.00000E+00
 3.50000E+01	 0.00000E+00	 0.00000E+00
 3.50000E+01	 0.00000E+00	 0.00000E+00
 3.60000E+01	 0.00000E+00	 0.00000E+00
 3.60000E+01	 0.00000E+00	 0.00000E+00
 3.70000E+01	 0.00000E+00	 0.00000E+00
 3.70000E+01	 0.00000E+00	 0.00000E+00
 3.80000E+01	 0.00000E+00	 0.00000E+00
 3.80000E+01	 0.00000E+00	 0.00000E+00
 3.90000E+01	 0.00000E+00	 0.00000E+00
 3.90000E+01	 0.00000E+00	 0.00000E+00
 4.00000E+01	 0.00000E+00	 0.00000E+00
 4.00000E+01	 0.00000E+00	 0.00000E+00
 4.10000E+01	 0.00000E+00	 0.00000E+00
 4.10000E+01	 0.00000E+00	 0.00000E+00
 4.20000E+01	 0.00000E+00	 0.00000E+00
 4.20000E+01	 0.00000E+00	 0.00000E+00
 4.30000E+01	 0.00000E+00	 0.00000E+00
 4.30000E+01	 0.00000E+00	 0.00000E+00
 4.40000E+01	 0.00000E+00	 0.00000E+00
 4.40000E+01	 0.00000E+00	 0.00000E+00
 4.50000E+01	 0.00000E+00	 0.00000E+00
 4.50000E+01	 0.00000E+00	 0.00000E+00
 4.60000E+01	 0.00000E+00	 0.00000E+00
 4.60000E+01	 0.00000E+00	 0.00000E+00
 4.70000E+01	 0.00000E+00	 0.00000E+00
 4.70000E+01	 0.00000E+00	 0.00000E+00
 4.80000E+01	 0.00000E+00	 0.00000E+00
 4.80000E+01	 0.00000E+00	 0.00000E+00
 4.90000E+01	 0.00000E+00	 0.00000E+00
 4.90000E+01	 0.00000E+00	 0.00000E+00
 5.00000E+01	 0.00000E+00	 0.00000E+00
 5.00000E+01	 0.00000E+00	 0.00000E+00
 5.10000E+01	 0.00000E+00	 0.00000E+00
 5.10000E+01	 0.00000E+00	 0.00000E+00
 5.20000E+01	 0.00000E+00	 0.00000E+00
 5.20000E+01	 0.00000E+00	 0.00000E+00
 5.30000E+01	 0.00000E+00	 0.00000E+00
 5.30000E+01	 0.00000E+00	 0.00000E+00
 5.40000E+01	 0.00000E+00	 0.00000E+00
 5.40000E+01	 0.00000E+00	 0.00000E+00
 5.50000E+01	 0.00000E+00	 0.00000E+00
 5.50000E+01	 0.00000E+00	 0.00000E+00
 5.60000E+01	 0.00000E+00	 0.00000E+00
 5.60000E+01	 0.00000E+00	 0.00000E+00
 5.70000E+01	 0.00000E+00	 0.00000E+00
 5.70000E+01	 0.00000E+00	 0.00000E+00
 5.80000E+01	 0.00000E+00	 0.00000E+00
 5.80000E+01	 0.00000E+00	 0.00000E+00
 5.90000E+01	 0.00000E+00	 0.00000E+00
 5.90000E+01	 0.00000E+00	 0.00000E+00
 6.00000E+01	 0.00000E+00	 0.00000E+00
