   E (MeV)	Unadj. F×Eavg	Adj. F×Eavg
 1.00000E-10	 0.00000E+00	 0.00000E+00
 1.00000E-09	 0.00000E+00	 0.00000E+00
 1.00000E-09	 0.00000E+00	 0.00000E+00
 1.00000E-08	 0.00000E+00	 0.00000E+00
 1.00000E-08	 0.00000E+00	 0.00000E+00
 2.30000E-08	 0.00000E+00	 0.00000E+00
 2.30000E-08	 0.00000E+00	 0.00000E+00
 5.00000E-08	 0.00000E+00	 0.00000E+00
 5.00000E-08	 0.00000E+00	 0.00000E+00
 7.60000E-08	 0.00000E+00	 0.00000E+00
 7.60000E-08	 0.00000E+00	 0.00000E+00
 1.15000E-07	 0.00000E+00	 0.00000E+00
 1.15000E-07	 0.00000E+00	 0.00000E+00
 1.70000E-07	 0.00000E+00	 0.00000E+00
 1.70000E-07	 0.00000E+00	 0.00000E+00
 2.55000E-07	 0.00000E+00	 0.00000E+00
 2.55000E-07	 0.00000E+00	 0.00000E+00
 3.80000E-07	 0.00000E+00	 0.00000E+00
 3.80000E-07	 0.00000E+00	 0.00000E+00
 5.50000E-07	 0.00000E+00	 0.00000E+00
 5.50000E-07	 0.00000E+00	 0.00000E+00
 8.40000E-07	 0.00000E+00	 0.00000E+00
 8.40000E-07	 0.00000E+00	 0.00000E+00
 1.27500E-06	 0.00000E+00	 0.00000E+00
 1.27500E-06	 0.00000E+00	 0.00000E+00
 1.90000E-06	 0.00000E+00	 0.00000E+00
 1.90000E-06	 0.00000E+00	 0.00000E+00
 2.80000E-06	 0.00000E+00	 0.00000E+00
 2.80000E-06	 2.67739E+08	 6.62601E+06
 4.25000E-06	 2.67739E+08	 6.62601E+06
 4.25000E-06	 2.83393E+08	 1.15500E+07
 6.30000E-06	 2.83393E+08	 1.15500E+07
 6.30000E-06	 2.94323E+08	 2.33984E+07
 9.20000E-06	 2.94323E+08	 2.33984E+07
 9.20000E-06	 2.90702E+08	 5.19912E+07
 1.35000E-05	 2.90702E+08	 5.19912E+07
 1.35000E-05	 2.53307E+08	 2.57060E+08
 2.10000E-05	 2.53307E+08	 2.57060E+08
 2.10000E-05	 3.12045E+08	 6.20316E+08
 3.00000E-05	 3.12045E+08	 6.20316E+08
 3.00000E-05	 2.75334E+08	 8.17660E+08
 4.50000E-05	 2.75334E+08	 8.17660E+08
 4.50000E-05	 2.61567E+08	 1.02344E+09
 6.90000E-05	 2.61567E+08	 1.02344E+09
 6.90000E-05	 3.00203E+08	 1.43369E+09
 1.00000E-04	 3.00203E+08	 1.43369E+09
 1.00000E-04	 3.69734E+08	 2.04356E+09
 1.35000E-04	 3.69734E+08	 2.04356E+09
 1.35000E-04	 4.79868E+08	 2.94956E+09
 1.70000E-04	 4.79868E+08	 2.94956E+09
 1.70000E-04	 4.29521E+08	 2.84596E+09
 2.20000E-04	 4.29521E+08	 2.84596E+09
 2.20000E-04	 4.58890E+08	 3.19724E+09
 2.80000E-04	 4.58890E+08	 3.19724E+09
 2.80000E-04	 4.40534E+08	 3.16393E+09
 3.60000E-04	 4.40534E+08	 3.16393E+09
 3.60000E-04	 4.95601E+08	 3.61149E+09
 4.50000E-04	 4.95601E+08	 3.61149E+09
 4.50000E-04	 4.51548E+08	 3.29759E+09
 5.75000E-04	 4.51548E+08	 3.29759E+09
 5.75000E-04	 3.97374E+08	 2.88101E+09
 7.60000E-04	 3.97374E+08	 2.88101E+09
 7.60000E-04	 4.73575E+08	 3.38512E+09
 9.60000E-04	 4.73575E+08	 3.38512E+09
 9.60000E-04	 3.90712E+08	 2.73985E+09
 1.27500E-03	 3.90712E+08	 2.73985E+09
 1.27500E-03	 4.87129E+08	 3.33947E+09
 1.60000E-03	 4.87129E+08	 3.33947E+09
 1.60000E-03	 4.95601E+08	 3.31297E+09
 2.00000E-03	 4.95601E+08	 3.31297E+09
 2.00000E-03	 3.69734E+08	 2.40498E+09
 2.70000E-03	 3.69734E+08	 2.40498E+09
 2.70000E-03	 4.79868E+08	 3.03099E+09
 3.40000E-03	 4.79868E+08	 3.03099E+09
 3.40000E-03	 3.95480E+08	 2.42003E+09
 4.50000E-03	 3.95480E+08	 2.42003E+09
 4.50000E-03	 5.50668E+08	 3.25551E+09
 5.50000E-03	 5.50668E+08	 3.25551E+09
 5.50000E-03	 4.11381E+08	 2.34200E+09
 7.20000E-03	 4.11381E+08	 2.34200E+09
 7.20000E-03	 4.51548E+08	 2.46626E+09
 9.20000E-03	 4.51548E+08	 2.46626E+09
 9.20000E-03	 4.16934E+08	 2.17585E+09
 1.20000E-02	 4.16934E+08	 2.17585E+09
 1.20000E-02	 4.95601E+08	 2.46066E+09
 1.50000E-02	 4.95601E+08	 2.46066E+09
 1.50000E-02	 4.68068E+08	 2.20268E+09
 1.90000E-02	 4.68068E+08	 2.20268E+09
 1.90000E-02	 3.76996E+08	 1.67421E+09
 2.55000E-02	 3.76996E+08	 1.67421E+09
 2.55000E-02	 4.87129E+08	 2.03495E+09
 3.20000E-02	 4.87129E+08	 2.03495E+09
 3.20000E-02	 4.95601E+08	 1.94260E+09
 4.00000E-02	 4.95601E+08	 1.94260E+09
 4.00000E-02	 4.07494E+08	 1.49627E+09
 5.25000E-02	 4.07494E+08	 1.49627E+09
 5.25000E-02	 4.83364E+08	 1.66202E+09
 6.60000E-02	 4.83364E+08	 1.66202E+09
 6.60000E-02	 3.85468E+08	 1.24255E+09
 8.80000E-02	 3.85468E+08	 1.24255E+09
 8.80000E-02	 4.95601E+08	 1.50171E+09
 1.10000E-01	 4.95601E+08	 1.50171E+09
 1.10000E-01	 5.39655E+08	 1.54434E+09
 1.35000E-01	 5.39655E+08	 1.54434E+09
 1.35000E-01	 6.49788E+08	 1.76828E+09
 1.60000E-01	 6.49788E+08	 1.76828E+09
 1.60000E-01	 6.42446E+08	 1.67796E+09
 1.90000E-01	 6.42446E+08	 1.67796E+09
 1.90000E-01	 7.52580E+08	 1.90894E+09
 2.20000E-01	 7.52580E+08	 1.90894E+09
 2.20000E-01	 7.47335E+08	 1.86761E+09
 2.55000E-01	 7.47335E+08	 1.86761E+09
 2.55000E-01	 8.57469E+08	 2.14668E+09
 2.90000E-01	 8.57469E+08	 2.14668E+09
 2.90000E-01	 1.11969E+09	 2.86083E+09
 3.20000E-01	 1.11969E+09	 2.86083E+09
 3.20000E-01	 9.36136E+08	 2.48955E+09
 3.60000E-01	 9.36136E+08	 2.48955E+09
 3.60000E-01	 1.04627E+09	 2.95377E+09
 4.00000E-01	 1.04627E+09	 2.95377E+09
 4.00000E-01	 9.36136E+08	 2.85855E+09
 4.50000E-01	 9.36136E+08	 2.85855E+09
 4.50000E-01	 1.04627E+09	 3.51350E+09
 5.00000E-01	 1.04627E+09	 3.51350E+09
 5.00000E-01	 1.15640E+09	 4.32967E+09
 5.50000E-01	 1.15640E+09	 4.32967E+09
 5.50000E-01	 1.26654E+09	 5.34219E+09
 6.00000E-01	 1.26654E+09	 5.34219E+09
 6.00000E-01	 1.15640E+09	 5.53297E+09
 6.60000E-01	 1.15640E+09	 5.53297E+09
 6.60000E-01	 1.26654E+09	 6.89843E+09
 7.20000E-01	 1.26654E+09	 6.89843E+09
 7.20000E-01	 1.37667E+09	 8.54024E+09
 7.80000E-01	 1.37667E+09	 8.54024E+09
 7.80000E-01	 1.48680E+09	 1.04833E+10
 8.40000E-01	 1.48680E+09	 1.04833E+10
 8.40000E-01	 1.21147E+09	 9.66752E+09
 9.20000E-01	 1.21147E+09	 9.66752E+09
 9.20000E-01	 1.32160E+09	 1.18653E+10
 1.00000E+00	 1.32160E+09	 1.18653E+10
 1.00000E+00	 6.05735E+08	 6.07398E+09
 1.20000E+00	 6.05735E+08	 6.07398E+09
 1.20000E+00	 7.15868E+08	 7.95157E+09
 1.40000E+00	 7.15868E+08	 7.95157E+09
 1.40000E+00	 8.26002E+08	 1.00727E+10
 1.60000E+00	 8.26002E+08	 1.00727E+10
 1.60000E+00	 9.36136E+08	 1.24155E+10
 1.80000E+00	 9.36136E+08	 1.24155E+10
 1.80000E+00	 1.04627E+09	 1.49466E+10
 2.00000E+00	 1.04627E+09	 1.49466E+10
 2.00000E+00	 7.89291E+08	 1.20274E+10
 2.30000E+00	 7.89291E+08	 1.20274E+10
 2.30000E+00	 8.99424E+08	 1.44778E+10
 2.60000E+00	 8.99424E+08	 1.44778E+10
 2.60000E+00	 1.00956E+09	 1.70011E+10
 2.90000E+00	 1.00956E+09	 1.70011E+10
 2.90000E+00	 8.53535E+08	 1.48948E+10
 3.30000E+00	 8.53535E+08	 1.48948E+10
 3.30000E+00	 9.63669E+08	 1.72636E+10
 3.70000E+00	 9.63669E+08	 1.72636E+10
 3.70000E+00	 1.07380E+09	 1.95659E+10
 4.10000E+00	 1.07380E+09	 1.95659E+10
 4.10000E+00	 1.18394E+09	 2.17417E+10
 4.50000E+00	 1.18394E+09	 2.17417E+10
 4.50000E+00	 1.04627E+09	 1.91882E+10
 5.00000E+00	 1.04627E+09	 1.91882E+10
 5.00000E+00	 1.15640E+09	 2.09868E+10
 5.50000E+00	 1.15640E+09	 2.09868E+10
 5.50000E+00	 1.26654E+09	 2.25361E+10
 6.00000E+00	 1.26654E+09	 2.25361E+10
 6.00000E+00	 9.99069E+08	 1.72656E+10
 6.70000E+00	 9.99069E+08	 1.72656E+10
 6.70000E+00	 1.10920E+09	 1.84383E+10
 7.40000E+00	 1.10920E+09	 1.84383E+10
 7.40000E+00	 1.07380E+09	 1.69993E+10
 8.20000E+00	 1.07380E+09	 1.69993E+10
 8.20000E+00	 1.18394E+09	 1.76673E+10
 9.00000E+00	 1.18394E+09	 1.76673E+10
 9.00000E+00	 1.04627E+09	 1.45617E+10
 1.00000E+01	 1.04627E+09	 1.45617E+10
 1.00000E+01	 1.15640E+09	 1.48481E+10
 1.10000E+01	 1.15640E+09	 1.48481E+10
 1.10000E+01	 1.26654E+09	 1.48364E+10
 1.20000E+01	 1.26654E+09	 1.48364E+10
 1.20000E+01	 1.37667E+09	 1.45469E+10
 1.30000E+01	 1.37667E+09	 1.45469E+10
 1.30000E+01	 1.48680E+09	 1.40117E+10
 1.40000E+01	 1.48680E+09	 1.40117E+10
 1.40000E+01	 1.59694E+09	 1.32726E+10
 1.50000E+01	 1.59694E+09	 1.32726E+10
 1.50000E+01	 0.00000E+00	 0.00000E+00
 1.60000E+01	 0.00000E+00	 0.00000E+00
 1.60000E+01	 0.00000E+00	 0.00000E+00
 1.70000E+01	 0.00000E+00	 0.00000E+00
 1.70000E+01	 0.00000E+00	 0.00000E+00
 1.80000E+01	 0.00000E+00	 0.00000E+00
 1.80000E+01	 0.00000E+00	 0.00000E+00
 1.90000E+01	 0.00000E+00	 0.00000E+00
 1.90000E+01	 0.00000E+00	 0.00000E+00
 2.00000E+01	 0.00000E+00	 0.00000E+00
 2.00000E+01	 0.00000E+00	 0.00000E+00
 2.10000E+01	 0.00000E+00	 0.00000E+00
 2.10000E+01	 0.00000E+00	 0.00000E+00
 2.20000E+01	 0.00000E+00	 0.00000E+00
 2.20000E+01	 0.00000E+00	 0.00000E+00
 2.30000E+01	 0.00000E+00	 0.00000E+00
 2.30000E+01	 0.00000E+00	 0.00000E+00
 2.40000E+01	 0.00000E+00	 0.00000E+00
 2.40000E+01	 0.00000E+00	 0.00000E+00
 2.50000E+01	 0.00000E+00	 0.00000E+00
 2.50000E+01	 0.00000E+00	 0.00000E+00
 2.60000E+01	 0.00000E+00	 0.00000E+00
 2.60000E+01	 0.00000E+00	 0.00000E+00
 2.70000E+01	 0.00000E+00	 0.00000E+00
 2.70000E+01	 0.00000E+00	 0.00000E+00
 2.80000E+01	 0.00000E+00	 0.00000E+00
 2.80000E+01	 0.00000E+00	 0.00000E+00
 2.90000E+01	 0.00000E+00	 0.00000E+00
 2.90000E+01	 0.00000E+00	 0.00000E+00
 3.00000E+01	 0.00000E+00	 0.00000E+00
 3.00000E+01	 0.00000E+00	 0.00000E+00
 3.10000E+01	 0.00000E+00	 0.00000E+00
 3.10000E+01	 0.00000E+00	 0.00000E+00
 3.20000E+01	 0.00000E+00	 0.00000E+00
 3.20000E+01	 0.00000E+00	 0.00000E+00
 3.30000E+01	 0.00000E+00	 0.00000E+00
 3.30000E+01	 0.00000E+00	 0.00000E+00
 3.40000E+01	 0.00000E+00	 0.00000E+00
 3.40000E+01	 0.00000E+00	 0.00000E+00
 3.50000E+01	 0.00000E+00	 0.00000E+00
 3.50000E+01	 0.00000E+00	 0.00000E+00
 3.60000E+01	 0.00000E+00	 0.00000E+00
 3.60000E+01	 0.00000E+00	 0.00000E+00
 3.70000E+01	 0.00000E+00	 0.00000E+00
 3.70000E+01	 0.00000E+00	 0.00000E+00
 3.80000E+01	 0.00000E+00	 0.00000E+00
 3.80000E+01	 0.00000E+00	 0.00000E+00
 3.90000E+01	 0.00000E+00	 0.00000E+00
 3.90000E+01	 0.00000E+00	 0.00000E+00
 4.00000E+01	 0.00000E+00	 0.00000E+00
 4.00000E+01	 0.00000E+00	 0.00000E+00
 4.10000E+01	 0.00000E+00	 0.00000E+00
 4.10000E+01	 0.00000E+00	 0.00000E+00
 4.20000E+01	 0.00000E+00	 0.00000E+00
 4.20000E+01	 0.00000E+00	 0.00000E+00
 4.30000E+01	 0.00000E+00	 0.00000E+00
 4.30000E+01	 0.00000E+00	 0.00000E+00
 4.40000E+01	 0.00000E+00	 0.00000E+00
 4.40000E+01	 0.00000E+00	 0.00000E+00
 4.50000E+01	 0.00000E+00	 0.00000E+00
 4.50000E+01	 0.00000E+00	 0.00000E+00
 4.60000E+01	 0.00000E+00	 0.00000E+00
 4.60000E+01	 0.00000E+00	 0.00000E+00
 4.70000E+01	 0.00000E+00	 0.00000E+00
 4.70000E+01	 0.00000E+00	 0.00000E+00
 4.80000E+01	 0.00000E+00	 0.00000E+00
 4.80000E+01	 0.00000E+00	 0.00000E+00
 4.90000E+01	 0.00000E+00	 0.00000E+00
 4.90000E+01	 0.00000E+00	 0.00000E+00
 5.00000E+01	 0.00000E+00	 0.00000E+00
 5.00000E+01	 0.00000E+00	 0.00000E+00
 5.10000E+01	 0.00000E+00	 0.00000E+00
 5.10000E+01	 0.00000E+00	 0.00000E+00
 5.20000E+01	 0.00000E+00	 0.00000E+00
 5.20000E+01	 0.00000E+00	 0.00000E+00
 5.30000E+01	 0.00000E+00	 0.00000E+00
 5.30000E+01	 0.00000E+00	 0.00000E+00
 5.40000E+01	 0.00000E+00	 0.00000E+00
 5.40000E+01	 0.00000E+00	 0.00000E+00
 5.50000E+01	 0.00000E+00	 0.00000E+00
 5.50000E+01	 0.00000E+00	 0.00000E+00
 5.60000E+01	 0.00000E+00	 0.00000E+00
 5.60000E+01	 0.00000E+00	 0.00000E+00
 5.70000E+01	 0.00000E+00	 0.00000E+00
 5.70000E+01	 0.00000E+00	 0.00000E+00
 5.80000E+01	 0.00000E+00	 0.00000E+00
 5.80000E+01	 0.00000E+00	 0.00000E+00
 5.90000E+01	 0.00000E+00	 0.00000E+00
 5.90000E+01	 0.00000E+00	 0.00000E+00
 6.00000E+01	 0.00000E+00	 0.00000E+00
