NIF_RUN Passive 18x snout on TANDM 90-348 Pinhole
  140    5    1    0    0  <-- KG    KA    IPNT  IACT  KQT  (5I5)
0.005  9.0  0.03  0.03        <-- ACVX  FCHN  FCVX  FS         (free format)
0.0   0   0  1 1.0  <-- AK1   NORML ILOG  TIME  ACNM (free fmt: R,I,I,R,R)
ZR902    1.706E-12 0.010                       IFX
IN115N   4.881E-13 0.007                       IFX
AU197G   8.079E-14 0.010            AUNG 3.937 IFX
IN115G   1.161E-13 0.020            INNG 39.37 IFX
AU1972   1.218E-11 0.053                       IFX
Flux Uncertainty 
   7                          <-- NGP  (I4)
 1E-11 1E-7 .5 1 10 13   20.1
 0.9   0.9  0.6  0.3 0.2 0.03 0.03
Input Flux Spectrum
 140 0 1.000E+00 0.000E+00 0.000E+00   <-- NGP, ITHERM, TNORM, TMPR, ETE  (2I4, 3F10.4)
3.4312E+14
3.4310E+13
2.3747E+13
1.1426E+13
1.1843E+13
7.8719E+12
5.5539E+12
3.5659E+12
2.3972E+12
1.7345E+12
9.9452E+11
6.4353E+11
4.3067E+11
2.8428E+11
1.6540E+11
1.6160E+11
8.0847E+11
5.9784E+11
9.4506E+11
6.8383E+11
7.5349E+11
8.6520E+11
7.6416E+11
6.6842E+11
6.1799E+11
5.0199E+11
4.4405E+11
3.6659E+11
2.8339E+11
2.4093E+11
1.9507E+11
1.5416E+11
1.4801E+11
1.3679E+11
1.7773E+11
2.3193E+11
2.6283E+11
3.1249E+11
3.3880E+11
3.4600E+11
3.3744E+11
3.4644E+11
3.4345E+11
3.3355E+11
3.0856E+11
2.8776E+11
2.7669E+11
2.5327E+11
2.4244E+11
2.1609E+11
2.0043E+11
1.8866E+11
1.8278E+11
1.7609E+11
1.7862E+11
1.7945E+11
1.8331E+11
1.9319E+11
2.0946E+11
2.2182E+11
2.4069E+11
2.5930E+11
2.8467E+11
3.0501E+11
3.2866E+11
3.4298E+11
3.5058E+11
3.5600E+11
3.6039E+11
3.1627E+11
3.0110E+11
2.6161E+11
2.5153E+11
2.3058E+11
1.7392E+11
1.3617E+11
1.7477E+11
7.4986E+10
6.3745E+10
6.7244E+10
6.4437E+10
5.8545E+10
5.9616E+10
6.3535E+10
6.8861E+10
8.4404E+10
9.0942E+10
9.5545E+10
1.0539E+11
1.0400E+11
8.0189E+10
8.3281E+10
1.0189E+11
1.2904E+12
1.4179E+12
 0.0000E+00 0.0000E+00 0.0000E+00
 0.0000E+00 0.0000E+00 0.0000E+00 0.0000E+00 0.0000E+00 0.0000E+00 0.0000E+00
 0.0000E+00 0.0000E+00 0.0000E+00 0.0000E+00 0.0000E+00 0.0000E+00 0.0000E+00
 0.0000E+00 0.0000E+00 0.0000E+00 0.0000E+00 0.0000E+00 0.0000E+00 0.0000E+00
 0.0000E+00 0.0000E+00 0.0000E+00 0.0000E+00 0.0000E+00 0.0000E+00 0.0000E+00
 0.0000E+00 0.0000E+00 0.0000E+00 0.0000E+00 0.0000E+00 0.0000E+00 0.0000E+00
 0.0000E+00 0.0000E+00 0.0000E+00 0.0000E+00 0.0000E+00 0.0000E+00 0.0000E+00 
  10  13  28  11  8  5  8  7 10 40
