NIF_RUN Passive 18x snout on TANDM 90-348 Pinhole
  140    5    1    0    0  <-- KG    KA    IPNT  IACT  KQT  (5I5)
0.005  9.0  0.005  0.001        <-- ACVX  FCHN  FCVX  FS         (free format)
0.0   0   0  1 1.0  <-- AK1   NORML ILOG  TIME  ACNM (free fmt: R,I,I,R,R)
ZR902    1.706E-12 0.010                       IFX
IN115N   4.881E-13 0.007                       IFX
AU197G   8.079E-14 0.010            AUNG 3.937 IFX
IN115G   1.161E-13 0.020            INNG 39.37 IFX
AU1972   1.218E-11 0.053                       IFX
Flux Uncertainty 
   4                          <-- NGP  (I4)
 1.00E-11  1E-4 12.99   20.1
 0.15  0.07 0.05 0.01
Input Flux Spectrum
 140 0 1.000E+00 0.000E+00 0.000E+00   <-- NGP, ITHERM, TNORM, TMPR, ETE  (2I4, 3F10.4)
 0 0 0 0 0 0 0 
 0 0 0 0 0 0 0 
 0 0 0 0 
5.8241E+11
2.4589E+11
5.7887E+10
2.6995E+10
1.5440E+10
9.9298E+09
7.0995E+10
3.5953E+10
2.2539E+10
1.3397E+10
1.0074E+10
6.6611E+09
4.6319E+09
4.8859E+09
3.9544E+10
5.4498E+10
1.2317E+11
1.5130E+10
3.3307E+10
5.8028E+10
1.2763E+11
1.2835E+12
1.6789E+12
1.6880E+12
2.0571E+11
1.8881E+11
1.3395E+11
1.4679E+11
1.2564E+12
8.1601E+11
7.4603E+11
4.4343E+10
4.2557E+10
3.6100E+10
3.5214E+10
2.9179E+11
2.9785E+11
2.6907E+11
2.9363E+10
3.8778E+10
3.4002E+10
4.0780E+10
3.9865E+11
4.9205E+11
6.0908E+11
7.4931E+10
7.5607E+10
8.9386E+10
1.0263E+11
1.1366E+12
9.0237E+11
9.0742E+11
3.4266E+10
3.0228E+10
2.4735E+10
1.8224E+10
1.1277E+11
5.1338E+10
4.3082E+10
3.6580E+09
2.3871E+09
2.1563E+09
2.0435E+09
2.0575E+10
1.7859E+10
2.1088E+10
3.2585E+09
5.2304E+09
9.3287E+09
1.3141E+10
1.9830E+11
2.2668E+11
3.0679E+11
3.9296E+11
2.6622E+11
1.3433E+12
1.5129E+12
 0.0000E+00 0.0000E+00 0.0000E+00
 0.0000E+00 0.0000E+00 0.0000E+00 0.0000E+00 0.0000E+00 0.0000E+00 0.0000E+00
 0.0000E+00 0.0000E+00 0.0000E+00 0.0000E+00 0.0000E+00 0.0000E+00 0.0000E+00
 0.0000E+00 0.0000E+00 0.0000E+00 0.0000E+00 0.0000E+00 0.0000E+00 0.0000E+00
 0.0000E+00 0.0000E+00 0.0000E+00 0.0000E+00 0.0000E+00 0.0000E+00 0.0000E+00
 0.0000E+00 0.0000E+00 0.0000E+00 0.0000E+00 0.0000E+00 0.0000E+00 0.0000E+00
 0.0000E+00 0.0000E+00 0.0000E+00 0.0000E+00 0.0000E+00 0.0000E+00 0.0000E+00 
  10  13  28  11  8  5  8  7 10 40
