NIF_RUN Passive 18x snout on TANDM 90-348 Pinhole
  140    5    1    0    0  <-- KG    KA    IPNT  IACT  KQT  (5I5)
0.005  9.0  0.005  0.001        <-- ACVX  FCHN  FCVX  FS         (free format)
0.0   0   0  1 1.0  <-- AK1   NORML ILOG  TIME  ACNM (free fmt: R,I,I,R,R)
ZR902    1.706E-12 0.010                       IFX
IN115N   4.881E-13 0.007                       IFX
AU197G   8.079E-14 0.010            AUNG 3.937 IFX
IN115G   1.161E-13 0.020            INNG 39.37 IFX
AU1972   1.218E-11 0.053                       IFX
Flux Uncertainty 
   4                          <-- NGP  (I4)
 1.00E-11  12.9 12.99   20.1
 1  1 0.1 0.03
Input Flux Spectrum
 140 0 1.000E+00 0.000E+00 0.000E+00   <-- NGP, ITHERM, TNORM, TMPR, ETE  (2I4, 3F10.4)
7.9209E+14
6.1335E+13
3.4500E+13
1.4372E+13
1.2694E+13
7.0814E+12
4.0592E+12
2.0594E+12
1.0700E+12
5.9077E+11
2.5615E+11
1.2497E+11
6.3572E+10
3.2386E+08
1.4826E+08
7.8092E+07
4.1727E+07
2.1618E+08
9.6675E+07
6.4138E+07
3.1312E+07
1.6225E+08
1.0651E+08
8.1954E+07
7.2850E+07
4.6219E+07
3.5516E+07
2.4962E+07
2.1088E+07
1.4617E+08
9.6033E+07
8.7109E+07
5.4601E+07
5.2523E+07
4.2538E+07
2.4304E+07
2.4367E+07
1.5584E+08
1.7264E+08
1.0246E+08
8.8020E+07
6.3634E+07
6.0184E+07
4.5777E+07
2.8579E+07
2.8984E+07
2.3869E+07
1.5463E+08
1.4466E+08
8.9486E+07
8.9985E+07
7.9423E+07
7.9458E+07
6.6102E+07
6.5881E+07
5.6234E+07
5.6004E+07
6.5153E+07
4.8854E+07
4.9026E+07
3.9559E+07
4.0138E+07
4.0988E+07
4.2138E+07
3.6319E+07
3.7764E+07
3.9781E+07
4.1520E+07
3.2769E+07
3.4569E+07
1.4629E+08
1.5540E+08
1.6620E+08
1.7956E+08
1.9676E+08
1.4628E+08
1.6639E+08
1.9315E+08
1.7097E+08
2.0361E+08
2.4224E+08
2.8373E+08
2.5703E+08
2.7550E+08
2.7289E+08
1.7252E+08
1.3032E+08
6.8029E+07
2.7142E+07
3.4191E+07
7.2592E+06
7.2225E+06
2.0511E+06
1.1612E+12
1.6983E+12
 0.0000E+00 0.0000E+00 0.0000E+00
 0.0000E+00 0.0000E+00 0.0000E+00 0.0000E+00 0.0000E+00 0.0000E+00 0.0000E+00
 0.0000E+00 0.0000E+00 0.0000E+00 0.0000E+00 0.0000E+00 0.0000E+00 0.0000E+00
 0.0000E+00 0.0000E+00 0.0000E+00 0.0000E+00 0.0000E+00 0.0000E+00 0.0000E+00
 0.0000E+00 0.0000E+00 0.0000E+00 0.0000E+00 0.0000E+00 0.0000E+00 0.0000E+00
 0.0000E+00 0.0000E+00 0.0000E+00 0.0000E+00 0.0000E+00 0.0000E+00 0.0000E+00
 0.0000E+00 0.0000E+00 0.0000E+00 0.0000E+00 0.0000E+00 0.0000E+00 0.0000E+00 
  10  13  28  11  8  5  8  7 10 40
