NIF_RUN Passive 18x snout on TANDM 90-348 Pinhole
  140    5    1    0    0     <-- KG    KA    IPNT  IACT  KQT  (5I5)
0.005  9.0  0.005  0.001        <-- ACVX  FCHN  FCVX  FS         (free format)
0.0   0   0  1 1.0  <-- AK1   NORML ILOG  TIME  ACNM (free fmt: R,I,I,R,R)
ZR902    1.672E-12 0.010                       IFX
IN115N   4.637E-13 0.007                       IFX
AU197G   1.187E-11 0.053            AUNG 1.00  IFX
IN115G   1.158E-13 0.020            INNG 10.00 IFX
AU1972   7.918E-14 0.013                       IFX
Flux Uncertainty 
   5                          <-- NGP  (I4)
 1.00E-11  0.001  12.0 13.0  20.1
 0.99 0.99 0.5 0.05 0.01
Input Flux Spectrum
 140 0 1.000E+00 0.000E+00 0.000E+00   <-- NGP, ITHERM, TNORM, TMPR, ETE  (2I4, 3F10.4)
1.3685E+09
1.3685E+08
9.4741E+07
4.5617E+07
4.7372E+07
3.1581E+07
2.2393E+07
1.4490E+07
9.8532E+06
7.2450E+06
4.2470E+06
2.8314E+06
1.9707E+06
1.3685E+06
8.4940E+05
6.0081E+05
4.2470E+05
2.8644E+05
1.6422E+05
1.3685E+05
8.2108E+04
5.1318E+04
3.9730E+04
3.5189E+04
3.5189E+04
2.4633E+04
2.0527E+04
1.5395E+04
1.3685E+04
9.8530E+03
6.6574E+03
6.1580E+03
3.9099E+03
3.7896E+03
3.0791E+03
1.7594E+03
1.7594E+03
1.1197E+03
1.2316E+03
7.2448E+02
6.1580E+02
4.3987E+02
4.1054E+02
3.0791E+02
1.8948E+02
1.8948E+02
1.5395E+02
9.8530E+01
9.1232E+01
5.5982E+01
5.5982E+01
4.9264E+01
4.9264E+01
4.1054E+01
4.1054E+01
3.5189E+01
3.5189E+01
4.1054E+01
3.0791E+01
3.0791E+01
2.4633E+01
2.4633E+01
2.4633E+01
2.4633E+01
2.0527E+01
2.0527E+01
2.0509E+01
2.0471E+01
1.5317E+01
1.5252E+01
6.0557E+00
5.9803E+00
5.8574E+00
5.6627E+00
5.3645E+00
3.2850E+00
2.8779E+00
2.3383E+00
1.2584E+00
7.1703E-01
2.3290E-01
8.3389E-02
3.4524E-02
1.5605E-02
6.1621E-03
1.5485E-03
5.0003E-04
1.3468E-04
4.1692E-05
1.1077E-05
4.2143E-06
1.9381E-06
2.7650E-04
5.8460E+09
1.4232E+10
 0.0000E+00 0.0000E+00 0.0000E+00
 0.0000E+00 0.0000E+00 0.0000E+00 0.0000E+00 0.0000E+00 0.0000E+00 0.0000E+00
 0.0000E+00 0.0000E+00 0.0000E+00 0.0000E+00 0.0000E+00 0.0000E+00 0.0000E+00
 0.0000E+00 0.0000E+00 0.0000E+00 0.0000E+00 0.0000E+00 0.0000E+00 0.0000E+00
 0.0000E+00 0.0000E+00 0.0000E+00 0.0000E+00 0.0000E+00 0.0000E+00 0.0000E+00
 0.0000E+00 0.0000E+00 0.0000E+00 0.0000E+00 0.0000E+00 0.0000E+00 0.0000E+00
 0.0000E+00 0.0000E+00 0.0000E+00 0.0000E+00 0.0000E+00 0.0000E+00 0.0000E+00 
  10  13  28  11  8  5  8  7 10 40
