   E (MeV)	Unadj. F×Eavg	Adj. F×Eavg
 1.00000E-10	 2.24384E+01	 2.24373E+01
 1.00000E-09	 2.24384E+01	 2.24373E+01
 1.00000E-09	 3.64773E+00	 3.64754E+00
 1.00000E-08	 3.64773E+00	 3.64754E+00
 1.00000E-08	 5.30664E+01	 5.30636E+01
 2.30000E-08	 5.30664E+01	 5.30636E+01
 2.30000E-08	 1.48607E+02	 1.48599E+02
 5.00000E-08	 1.48607E+02	 1.48599E+02
 5.00000E-08	 2.26454E+02	 2.26442E+02
 7.60000E-08	 2.26454E+02	 2.26442E+02
 7.60000E-08	 1.70830E+02	 1.70821E+02
 1.15000E-07	 1.70830E+02	 1.70821E+02
 1.15000E-07	 1.42239E+02	 1.42231E+02
 1.70000E-07	 1.42239E+02	 1.42231E+02
 1.70000E-07	 1.01977E+02	 1.01972E+02
 2.55000E-07	 1.01977E+02	 1.01972E+02
 2.55000E-07	 8.32200E+01	 8.32155E+01
 3.80000E-07	 8.32200E+01	 8.32155E+01
 3.80000E-07	 5.50045E+01	 5.50016E+01
 5.50000E-07	 5.50045E+01	 5.50016E+01
 5.50000E-07	 2.80672E+01	 2.80657E+01
 8.40000E-07	 2.80672E+01	 2.80657E+01
 8.40000E-07	 2.56946E+01	 2.56933E+01
 1.27500E-06	 2.56946E+01	 2.56933E+01
 1.27500E-06	 2.68586E+01	 2.68572E+01
 1.90000E-06	 2.68586E+01	 2.68572E+01
 1.90000E-06	 2.96216E+01	 2.96198E+01
 2.80000E-06	 2.96216E+01	 2.96198E+01
 2.80000E-06	 2.30840E+01	 2.30822E+01
 4.25000E-06	 2.30840E+01	 2.30822E+01
 4.25000E-06	 1.61365E+01	 1.61349E+01
 6.30000E-06	 1.61365E+01	 1.61349E+01
 6.30000E-06	 1.61774E+01	 1.61752E+01
 9.20000E-06	 1.61774E+01	 1.61752E+01
 9.20000E-06	 3.68712E+00	 3.68648E+00
 1.35000E-05	 3.68712E+00	 3.68648E+00
 1.35000E-05	 1.02363E+00	 1.02340E+00
 2.10000E-05	 1.02363E+00	 1.02340E+00
 2.10000E-05	 1.40352E+00	 1.40312E+00
 3.00000E-05	 1.40352E+00	 1.40312E+00
 3.00000E-05	 1.43937E+00	 1.43886E+00
 4.50000E-05	 1.43937E+00	 1.43886E+00
 4.50000E-05	 6.19646E-01	 6.19385E-01
 6.90000E-05	 6.19646E-01	 6.19385E-01
 6.90000E-05	 1.34616E+00	 1.34551E+00
 1.00000E-04	 1.34616E+00	 1.34551E+00
 1.00000E-04	 1.07791E+00	 1.07734E+00
 1.35000E-04	 1.07791E+00	 1.07734E+00
 1.35000E-04	 6.63074E-01	 6.62705E-01
 1.70000E-04	 6.63074E-01	 6.62705E-01
 1.70000E-04	 6.94004E-01	 6.93616E-01
 2.20000E-04	 6.94004E-01	 6.93616E-01
 2.20000E-04	 9.24073E-01	 9.23574E-01
 2.80000E-04	 9.24073E-01	 9.23574E-01
 2.80000E-04	 2.14124E+00	 2.14017E+00
 3.60000E-04	 2.14124E+00	 2.14017E+00
 3.60000E-04	 3.02515E+00	 3.02377E+00
 4.50000E-04	 3.02515E+00	 3.02377E+00
 4.50000E-04	 2.16348E+00	 2.16261E+00
 5.75000E-04	 2.16348E+00	 2.16261E+00
 5.75000E-04	 2.50702E+00	 2.50616E+00
 7.60000E-04	 2.50702E+00	 2.50616E+00
 7.60000E-04	 9.45997E+00	 9.45729E+00
 9.60000E-04	 9.45997E+00	 9.45729E+00
 9.60000E-04	 5.98242E+00	 5.98109E+00
 1.27500E-03	 5.98242E+00	 5.98109E+00
 1.27500E-03	 5.38767E+00	 5.38680E+00
 1.60000E-03	 5.38767E+00	 5.38680E+00
 1.60000E-03	 5.45213E+00	 5.45160E+00
 2.00000E-03	 5.45213E+00	 5.45160E+00
 2.00000E-03	 1.26555E+01	 1.26551E+01
 2.70000E-03	 1.26555E+01	 1.26551E+01
 2.70000E-03	 1.22171E+01	 1.22175E+01
 3.40000E-03	 1.22171E+01	 1.22175E+01
 3.40000E-03	 1.37183E+01	 1.37198E+01
 4.50000E-03	 1.37183E+01	 1.37198E+01
 4.50000E-03	 3.65786E+01	 3.65851E+01
 5.50000E-03	 3.65786E+01	 3.65851E+01
 5.50000E-03	 1.63406E+01	 1.63448E+01
 7.20000E-03	 1.63406E+01	 1.63448E+01
 7.20000E-03	 2.51787E+01	 2.51871E+01
 9.20000E-03	 2.51787E+01	 2.51871E+01
 9.20000E-03	 4.06690E+01	 4.06857E+01
 1.20000E-02	 4.06690E+01	 4.06857E+01
 1.20000E-02	 3.68031E+01	 3.68211E+01
 1.50000E-02	 3.68031E+01	 3.68211E+01
 1.50000E-02	 7.43432E+01	 7.43854E+01
 1.90000E-02	 7.43432E+01	 7.43854E+01
 1.90000E-02	 8.38628E+01	 8.39172E+01
 2.55000E-02	 8.38628E+01	 8.39172E+01
 2.55000E-02	 7.67763E+01	 7.68321E+01
 3.20000E-02	 7.67763E+01	 7.68321E+01
 3.20000E-02	 6.59456E+01	 6.59987E+01
 4.00000E-02	 6.59456E+01	 6.59987E+01
 4.00000E-02	 1.67450E+02	 1.67598E+02
 5.25000E-02	 1.67450E+02	 1.67598E+02
 5.25000E-02	 2.26229E+02	 2.26447E+02
 6.60000E-02	 2.26229E+02	 2.26447E+02
 6.60000E-02	 3.56017E+02	 3.56388E+02
 8.80000E-02	 3.56017E+02	 3.56388E+02
 8.80000E-02	 5.90267E+02	 5.90928E+02
 1.10000E-01	 5.90267E+02	 5.90928E+02
 1.10000E-01	 7.35063E+02	 7.35940E+02
 1.35000E-01	 7.35063E+02	 7.35940E+02
 1.35000E-01	 1.01460E+03	 1.01587E+03
 1.60000E-01	 1.01460E+03	 1.01587E+03
 1.60000E-01	 1.38699E+03	 1.38882E+03
 1.90000E-01	 1.38699E+03	 1.38882E+03
 1.90000E-01	 2.01750E+03	 2.02023E+03
 2.20000E-01	 2.01750E+03	 2.02023E+03
 2.20000E-01	 2.63149E+03	 2.63510E+03
 2.55000E-01	 2.63149E+03	 2.63510E+03
 2.55000E-01	 4.08370E+03	 4.08925E+03
 2.90000E-01	 4.08370E+03	 4.08925E+03
 2.90000E-01	 4.52186E+03	 4.52781E+03
 3.20000E-01	 4.52186E+03	 4.52781E+03
 3.20000E-01	 6.42162E+03	 6.42960E+03
 3.60000E-01	 6.42162E+03	 6.42960E+03
 3.60000E-01	 1.06229E+04	 1.06351E+04
 4.00000E-01	 1.06229E+04	 1.06351E+04
 4.00000E-01	 1.72298E+04	 1.72474E+04
 4.50000E-01	 1.72298E+04	 1.72474E+04
 4.50000E-01	 2.45926E+04	 2.46145E+04
 5.00000E-01	 2.45926E+04	 2.46145E+04
 5.00000E-01	 3.66865E+04	 3.67142E+04
 5.50000E-01	 3.66865E+04	 3.67142E+04
 5.50000E-01	 5.44079E+04	 5.44420E+04
 6.00000E-01	 5.44079E+04	 5.44420E+04
 6.00000E-01	 7.20532E+04	 7.20898E+04
 6.60000E-01	 7.20532E+04	 7.20898E+04
 6.60000E-01	 1.00692E+05	 1.00732E+05
 7.20000E-01	 1.00692E+05	 1.00732E+05
 7.20000E-01	 1.39111E+05	 1.39153E+05
 7.80000E-01	 1.39111E+05	 1.39153E+05
 7.80000E-01	 1.57831E+05	 1.57866E+05
 8.40000E-01	 1.57831E+05	 1.57866E+05
 8.40000E-01	 1.77461E+05	 1.77487E+05
 9.20000E-01	 1.77461E+05	 1.77487E+05
 9.20000E-01	 1.89409E+05	 1.89424E+05
 1.00000E+00	 1.89409E+05	 1.89424E+05
 1.00000E+00	 1.96955E+05	 1.96960E+05
 1.20000E+00	 1.96955E+05	 1.96960E+05
 1.20000E+00	 1.88293E+05	 1.88289E+05
 1.40000E+00	 1.88293E+05	 1.88289E+05
 1.40000E+00	 1.54920E+05	 1.54911E+05
 1.60000E+00	 1.54920E+05	 1.54911E+05
 1.60000E+00	 1.18373E+05	 1.18360E+05
 1.80000E+00	 1.18373E+05	 1.18360E+05
 1.80000E+00	 8.87804E+04	 8.87651E+04
 2.00000E+00	 8.87804E+04	 8.87651E+04
 2.00000E+00	 6.74199E+04	 6.73999E+04
 2.30000E+00	 6.74199E+04	 6.73999E+04
 2.30000E+00	 5.42310E+04	 5.41991E+04
 2.60000E+00	 5.42310E+04	 5.41991E+04
 2.60000E+00	 4.56760E+04	 4.56221E+04
 2.90000E+00	 4.56760E+04	 4.56221E+04
 2.90000E+00	 4.40353E+04	 4.39392E+04
 3.30000E+00	 4.40353E+04	 4.39392E+04
 3.30000E+00	 3.39946E+04	 3.39794E+04
 3.70000E+00	 3.39946E+04	 3.39794E+04
 3.70000E+00	 3.73108E+04	 3.72934E+04
 4.10000E+00	 3.73108E+04	 3.72934E+04
 4.10000E+00	 4.43390E+04	 4.43179E+04
 4.50000E+00	 4.43390E+04	 4.43179E+04
 4.50000E+00	 5.45765E+04	 5.45519E+04
 5.00000E+00	 5.45765E+04	 5.45519E+04
 5.00000E+00	 7.33065E+04	 7.32774E+04
 5.50000E+00	 7.33065E+04	 7.32774E+04
 5.50000E+00	 9.57892E+04	 9.57579E+04
 6.00000E+00	 9.57892E+04	 9.57579E+04
 6.00000E+00	 1.30080E+05	 1.30049E+05
 6.70000E+00	 1.30080E+05	 1.30049E+05
 6.70000E+00	 1.68107E+05	 1.68084E+05
 7.40000E+00	 1.68107E+05	 1.68084E+05
 7.40000E+00	 2.08431E+05	 2.08424E+05
 8.20000E+00	 2.08431E+05	 2.08424E+05
 8.20000E+00	 2.50492E+05	 2.50507E+05
 9.00000E+00	 2.50492E+05	 2.50507E+05
 9.00000E+00	 2.78776E+05	 2.78817E+05
 1.00000E+01	 2.78776E+05	 2.78817E+05
 1.00000E+01	 2.85958E+05	 2.86019E+05
 1.10000E+01	 2.85958E+05	 2.86019E+05
 1.10000E+01	 2.82232E+05	 2.82305E+05
 1.20000E+01	 2.82232E+05	 2.82305E+05
 1.20000E+01	 2.57577E+05	 2.57649E+05
 1.30000E+01	 2.57577E+05	 2.57649E+05
 1.30000E+01	 2.33348E+05	 2.33413E+05
 1.40000E+01	 2.33348E+05	 2.33413E+05
 1.40000E+01	 1.94548E+05	 1.94596E+05
 1.50000E+01	 1.94548E+05	 1.94596E+05
 1.50000E+01	 1.64593E+05	 1.64624E+05
 1.60000E+01	 1.64593E+05	 1.64624E+05
 1.60000E+01	 1.31354E+05	 1.31367E+05
 1.70000E+01	 1.31354E+05	 1.31367E+05
 1.70000E+01	 1.05005E+05	 1.05002E+05
 1.80000E+01	 1.05005E+05	 1.05002E+05
 1.80000E+01	 7.96617E+04	 7.96481E+04
 1.90000E+01	 7.96617E+04	 7.96481E+04
 1.90000E+01	 5.61521E+04	 5.61329E+04
 2.00000E+01	 5.61521E+04	 5.61329E+04
 2.00000E+01	 4.73204E+04	 4.72951E+04
 2.10000E+01	 4.73204E+04	 4.72951E+04
 2.10000E+01	 3.99474E+04	 3.99175E+04
 2.20000E+01	 3.99474E+04	 3.99175E+04
 2.20000E+01	 3.40900E+04	 3.40570E+04
 2.30000E+01	 3.40900E+04	 3.40570E+04
 2.30000E+01	 2.93701E+04	 2.93350E+04
 2.40000E+01	 2.93701E+04	 2.93350E+04
 2.40000E+01	 2.66490E+04	 2.66116E+04
 2.50000E+01	 2.66490E+04	 2.66116E+04
 2.50000E+01	 2.47799E+04	 2.47402E+04
 2.60000E+01	 2.47799E+04	 2.47402E+04
 2.60000E+01	 2.47123E+04	 2.46688E+04
 2.70000E+01	 2.47123E+04	 2.46688E+04
 2.70000E+01	 2.50375E+04	 2.49905E+04
 2.80000E+01	 2.50375E+04	 2.49905E+04
 2.80000E+01	 2.51889E+04	 2.51397E+04
 2.90000E+01	 2.51889E+04	 2.51397E+04
 2.90000E+01	 2.69327E+04	 2.68797E+04
 3.00000E+01	 2.69327E+04	 2.68797E+04
 3.00000E+01	 2.80747E+04	 2.80198E+04
 3.10000E+01	 2.80747E+04	 2.80198E+04
 3.10000E+01	 2.80923E+04	 2.80382E+04
 3.20000E+01	 2.80923E+04	 2.80382E+04
 3.20000E+01	 2.82017E+04	 2.81499E+04
 3.30000E+01	 2.82017E+04	 2.81499E+04
 3.30000E+01	 2.45389E+04	 2.44955E+04
 3.40000E+01	 2.45389E+04	 2.44955E+04
 3.40000E+01	 1.90327E+04	 1.89997E+04
 3.50000E+01	 1.90327E+04	 1.89997E+04
 3.50000E+01	 1.35628E+04	 1.35396E+04
 3.60000E+01	 1.35628E+04	 1.35396E+04
 3.60000E+01	 7.79198E+03	 7.77809E+03
 3.70000E+01	 7.79198E+03	 7.77809E+03
 3.70000E+01	 1.55188E+03	 1.54767E+03
 3.80000E+01	 1.55188E+03	 1.54767E+03
 3.80000E+01	 0.00000E+00	 0.00000E+00
 3.90000E+01	 0.00000E+00	 0.00000E+00
 3.90000E+01	 0.00000E+00	 0.00000E+00
 4.00000E+01	 0.00000E+00	 0.00000E+00
 4.00000E+01	 0.00000E+00	 0.00000E+00
 4.10000E+01	 0.00000E+00	 0.00000E+00
 4.10000E+01	 0.00000E+00	 0.00000E+00
 4.20000E+01	 0.00000E+00	 0.00000E+00
 4.20000E+01	 0.00000E+00	 0.00000E+00
 4.30000E+01	 0.00000E+00	 0.00000E+00
 4.30000E+01	 0.00000E+00	 0.00000E+00
 4.40000E+01	 0.00000E+00	 0.00000E+00
 4.40000E+01	 0.00000E+00	 0.00000E+00
 4.50000E+01	 0.00000E+00	 0.00000E+00
 4.50000E+01	 0.00000E+00	 0.00000E+00
 4.60000E+01	 0.00000E+00	 0.00000E+00
 4.60000E+01	 0.00000E+00	 0.00000E+00
 4.70000E+01	 0.00000E+00	 0.00000E+00
 4.70000E+01	 0.00000E+00	 0.00000E+00
 4.80000E+01	 0.00000E+00	 0.00000E+00
 4.80000E+01	 0.00000E+00	 0.00000E+00
 4.90000E+01	 0.00000E+00	 0.00000E+00
 4.90000E+01	 0.00000E+00	 0.00000E+00
 5.00000E+01	 0.00000E+00	 0.00000E+00
 5.00000E+01	 0.00000E+00	 0.00000E+00
 5.10000E+01	 0.00000E+00	 0.00000E+00
 5.10000E+01	 0.00000E+00	 0.00000E+00
 5.20000E+01	 0.00000E+00	 0.00000E+00
 5.20000E+01	 0.00000E+00	 0.00000E+00
 5.30000E+01	 0.00000E+00	 0.00000E+00
 5.30000E+01	 0.00000E+00	 0.00000E+00
 5.40000E+01	 0.00000E+00	 0.00000E+00
 5.40000E+01	 0.00000E+00	 0.00000E+00
 5.50000E+01	 0.00000E+00	 0.00000E+00
 5.50000E+01	 0.00000E+00	 0.00000E+00
 5.60000E+01	 0.00000E+00	 0.00000E+00
 5.60000E+01	 0.00000E+00	 0.00000E+00
 5.70000E+01	 0.00000E+00	 0.00000E+00
 5.70000E+01	 0.00000E+00	 0.00000E+00
 5.80000E+01	 0.00000E+00	 0.00000E+00
 5.80000E+01	 0.00000E+00	 0.00000E+00
 5.90000E+01	 0.00000E+00	 0.00000E+00
 5.90000E+01	 0.00000E+00	 0.00000E+00
 6.00000E+01	 0.00000E+00	 0.00000E+00
