   E (MeV)	Unadj. F×Eavg	Adj. F×Eavg
 1.00000E-10	 1.89846E+05	 1.89127E+05
 1.00000E-09	 1.89846E+05	 1.89127E+05
 1.00000E-09	 1.89867E+05	 1.89095E+05
 1.00000E-08	 1.89867E+05	 1.89095E+05
 1.00000E-08	 3.94297E+05	 3.92593E+05
 2.30000E-08	 3.94297E+05	 3.92593E+05
 2.30000E-08	 4.19772E+05	 4.17804E+05
 5.00000E-08	 4.19772E+05	 4.17804E+05
 5.00000E-08	 7.51586E+05	 7.47584E+05
 7.60000E-08	 7.51586E+05	 7.47584E+05
 7.60000E-08	 7.58037E+05	 7.53153E+05
 1.15000E-07	 7.58037E+05	 7.53153E+05
 1.15000E-07	 7.99445E+05	 7.92821E+05
 1.70000E-07	 7.99445E+05	 7.92821E+05
 1.70000E-07	 7.67469E+05	 7.58927E+05
 2.55000E-07	 7.67469E+05	 7.58927E+05
 2.55000E-07	 7.73835E+05	 7.62018E+05
 3.80000E-07	 7.73835E+05	 7.62018E+05
 3.80000E-07	 8.24299E+05	 8.06982E+05
 5.50000E-07	 8.24299E+05	 8.06982E+05
 5.50000E-07	 7.11330E+05	 6.90953E+05
 8.40000E-07	 7.11330E+05	 6.90953E+05
 8.40000E-07	 7.06715E+05	 6.79540E+05
 1.27500E-06	 7.06715E+05	 6.79540E+05
 1.27500E-06	 7.18169E+05	 6.81783E+05
 1.90000E-06	 7.18169E+05	 6.81783E+05
 1.90000E-06	 7.11841E+05	 6.65245E+05
 2.80000E-06	 7.11841E+05	 6.65245E+05
 2.80000E-06	 6.32062E+05	 5.79646E+05
 4.25000E-06	 6.32062E+05	 5.79646E+05
 4.25000E-06	 9.43444E+05	 8.46187E+05
 6.30000E-06	 9.43444E+05	 8.46187E+05
 6.30000E-06	 7.10471E+06	 6.21071E+06
 9.20000E-06	 7.10471E+06	 6.21071E+06
 9.20000E-06	 7.91129E+06	 6.71704E+06
 1.35000E-05	 7.91129E+06	 6.71704E+06
 1.35000E-05	 1.96157E+07	 1.61214E+07
 2.10000E-05	 1.96157E+07	 1.61214E+07
 2.10000E-05	 2.17284E+07	 1.72313E+07
 3.00000E-05	 2.17284E+07	 1.72313E+07
 3.00000E-05	 3.65744E+07	 2.79085E+07
 4.50000E-05	 3.65744E+07	 2.79085E+07
 4.50000E-05	 6.64947E+07	 4.87081E+07
 6.90000E-05	 6.64947E+07	 4.87081E+07
 6.90000E-05	 9.08684E+07	 6.37874E+07
 1.00000E-04	 9.08684E+07	 6.37874E+07
 1.00000E-04	 1.15479E+08	 7.76083E+07
 1.35000E-04	 1.15479E+08	 7.76083E+07
 1.35000E-04	 1.44800E+08	 9.31552E+07
 1.70000E-04	 1.44800E+08	 9.31552E+07
 1.70000E-04	 1.57031E+08	 9.67857E+07
 2.20000E-04	 1.57031E+08	 9.67857E+07
 2.20000E-04	 1.85600E+08	 1.09795E+08
 2.80000E-04	 1.85600E+08	 1.09795E+08
 2.80000E-04	 2.03791E+08	 1.16038E+08
 3.60000E-04	 2.03791E+08	 1.16038E+08
 3.60000E-04	 2.06337E+08	 1.13517E+08
 4.50000E-04	 2.06337E+08	 1.13517E+08
 4.50000E-04	 2.28574E+08	 1.22078E+08
 5.75000E-04	 2.28574E+08	 1.22078E+08
 5.75000E-04	 2.46781E+08	 1.28662E+08
 7.60000E-04	 2.46781E+08	 1.28662E+08
 7.60000E-04	 2.55541E+08	 1.30860E+08
 9.60000E-04	 2.55541E+08	 1.30860E+08
 9.60000E-04	 3.21928E+08	 1.62996E+08
 1.27500E-03	 3.21928E+08	 1.62996E+08
 1.27500E-03	 3.83786E+08	 1.93435E+08
 1.60000E-03	 3.83786E+08	 1.93435E+08
 1.60000E-03	 6.21453E+08	 3.13917E+08
 2.00000E-03	 6.21453E+08	 3.13917E+08
 2.00000E-03	 1.04677E+09	 5.33354E+08
 2.70000E-03	 1.04677E+09	 5.33354E+08
 2.70000E-03	 1.51287E+09	 7.82090E+08
 3.40000E-03	 1.51287E+09	 7.82090E+08
 3.40000E-03	 2.27705E+09	 1.20030E+09
 4.50000E-03	 2.27705E+09	 1.20030E+09
 4.50000E-03	 3.04188E+09	 1.64143E+09
 5.50000E-03	 3.04188E+09	 1.64143E+09
 5.50000E-03	 3.83019E+09	 2.12144E+09
 7.20000E-03	 3.83019E+09	 2.12144E+09
 7.20000E-03	 4.67662E+09	 2.66238E+09
 9.20000E-03	 4.67662E+09	 2.66238E+09
 9.20000E-03	 6.01821E+09	 3.52181E+09
 1.20000E-02	 6.01821E+09	 3.52181E+09
 1.20000E-02	 7.37713E+09	 4.43261E+09
 1.50000E-02	 7.37713E+09	 4.43261E+09
 1.50000E-02	 8.78013E+09	 5.40554E+09
 1.90000E-02	 8.78013E+09	 5.40554E+09
 1.90000E-02	 1.03790E+10	 6.52888E+09
 2.55000E-02	 1.03790E+10	 6.52888E+09
 2.55000E-02	 1.22547E+10	 7.85159E+09
 3.20000E-02	 1.22547E+10	 7.85159E+09
 3.20000E-02	 1.45058E+10	 9.43686E+09
 4.00000E-02	 1.45058E+10	 9.43686E+09
 4.00000E-02	 1.68210E+10	 1.10828E+10
 5.25000E-02	 1.68210E+10	 1.10828E+10
 5.25000E-02	 2.03785E+10	 1.35762E+10
 6.60000E-02	 2.03785E+10	 1.35762E+10
 6.60000E-02	 2.33279E+10	 1.57109E+10
 8.80000E-02	 2.33279E+10	 1.57109E+10
 8.80000E-02	 2.74524E+10	 1.87191E+10
 1.10000E-01	 2.74524E+10	 1.87191E+10
 1.10000E-01	 3.14368E+10	 2.17785E+10
 1.35000E-01	 3.14368E+10	 2.17785E+10
 1.35000E-01	 3.58452E+10	 2.53670E+10
 1.60000E-01	 3.58452E+10	 2.53670E+10
 1.60000E-01	 3.97456E+10	 2.89387E+10
 1.90000E-01	 3.97456E+10	 2.89387E+10
 1.90000E-01	 4.54102E+10	 3.43034E+10
 2.20000E-01	 4.54102E+10	 3.43034E+10
 2.20000E-01	 5.03324E+10	 3.98014E+10
 2.55000E-01	 5.03324E+10	 3.98014E+10
 2.55000E-01	 5.56720E+10	 4.64840E+10
 2.90000E-01	 5.56720E+10	 4.64840E+10
 2.90000E-01	 6.14823E+10	 5.46162E+10
 3.20000E-01	 6.14823E+10	 5.46162E+10
 3.20000E-01	 6.91486E+10	 6.57347E+10
 3.60000E-01	 6.91486E+10	 6.57347E+10
 3.60000E-01	 7.58996E+10	 7.74944E+10
 4.00000E-01	 7.58996E+10	 7.74944E+10
 4.00000E-01	 8.53541E+10	 9.37104E+10
 4.50000E-01	 8.53541E+10	 9.37104E+10
 4.50000E-01	 9.54189E+10	 1.12497E+11
 5.00000E-01	 9.54189E+10	 1.12497E+11
 5.00000E-01	 1.08278E+11	 1.36560E+11
 5.50000E-01	 1.08278E+11	 1.36560E+11
 5.50000E-01	 1.19864E+11	 1.60715E+11
 6.00000E-01	 1.19864E+11	 1.60715E+11
 6.00000E-01	 1.34652E+11	 1.90328E+11
 6.60000E-01	 1.34652E+11	 1.90328E+11
 6.60000E-01	 1.48065E+11	 2.18323E+11
 7.20000E-01	 1.48065E+11	 2.18323E+11
 7.20000E-01	 1.60329E+11	 2.43567E+11
 7.80000E-01	 1.60329E+11	 2.43567E+11
 7.80000E-01	 1.74060E+11	 2.68535E+11
 8.40000E-01	 1.74060E+11	 2.68535E+11
 8.40000E-01	 1.92948E+11	 2.97446E+11
 9.20000E-01	 1.92948E+11	 2.97446E+11
 9.20000E-01	 1.89975E+11	 2.87397E+11
 1.00000E+00	 1.89975E+11	 2.87397E+11
 1.00000E+00	 2.19453E+11	 3.16728E+11
 1.20000E+00	 2.19453E+11	 3.16728E+11
 1.20000E+00	 2.45362E+11	 3.29351E+11
 1.40000E+00	 2.45362E+11	 3.29351E+11
 1.40000E+00	 3.02051E+11	 3.71367E+11
 1.60000E+00	 3.02051E+11	 3.71367E+11
 1.60000E+00	 3.54858E+11	 3.93410E+11
 1.80000E+00	 3.54858E+11	 3.93410E+11
 1.80000E+00	 3.44027E+11	 3.38862E+11
 2.00000E+00	 3.44027E+11	 3.38862E+11
 2.00000E+00	 3.54793E+11	 3.07100E+11
 2.30000E+00	 3.54793E+11	 3.07100E+11
 2.30000E+00	 6.04652E+11	 4.58829E+11
 2.60000E+00	 6.04652E+11	 4.58829E+11
 2.60000E+00	 3.35366E+11	 2.24616E+11
 2.90000E+00	 3.35366E+11	 2.24616E+11
 2.90000E+00	 3.58747E+11	 2.17072E+11
 3.30000E+00	 3.58747E+11	 2.17072E+11
 3.30000E+00	 4.53108E+11	 2.57824E+11
 3.70000E+00	 4.53108E+11	 2.57824E+11
 3.70000E+00	 4.82012E+11	 2.70686E+11
 4.10000E+00	 4.82012E+11	 2.70686E+11
 4.10000E+00	 4.50336E+11	 2.62739E+11
 4.50000E+00	 4.50336E+11	 2.62739E+11
 4.50000E+00	 4.45660E+11	 2.82863E+11
 5.00000E+00	 4.45660E+11	 2.82863E+11
 5.00000E+00	 4.44320E+11	 3.16314E+11
 5.50000E+00	 4.44320E+11	 3.16314E+11
 5.50000E+00	 4.39319E+11	 3.55438E+11
 6.00000E+00	 4.39319E+11	 3.55438E+11
 6.00000E+00	 4.96596E+11	 4.57324E+11
 6.70000E+00	 4.96596E+11	 4.57324E+11
 6.70000E+00	 5.05342E+11	 5.25197E+11
 7.40000E+00	 5.05342E+11	 5.25197E+11
 7.40000E+00	 5.14075E+11	 5.94410E+11
 8.20000E+00	 5.14075E+11	 5.94410E+11
 8.20000E+00	 5.66082E+11	 7.16047E+11
 9.00000E+00	 5.66082E+11	 7.16047E+11
 9.00000E+00	 5.79665E+11	 7.87635E+11
 1.00000E+01	 5.79665E+11	 7.87635E+11
 1.00000E+01	 5.41843E+11	 7.27871E+11
 1.10000E+01	 5.41843E+11	 7.27871E+11
 1.10000E+01	 7.46314E+11	 9.16075E+11
 1.20000E+01	 7.46314E+11	 9.16075E+11
 1.20000E+01	 1.10594E+12	 1.27205E+12
 1.30000E+01	 1.10594E+12	 1.27205E+12
 1.30000E+01	 1.59415E+13	 1.76897E+13
 1.40000E+01	 1.59415E+13	 1.76897E+13
 1.40000E+01	 1.93209E+13	 2.10828E+13
 1.50000E+01	 1.93209E+13	 2.10828E+13
 1.50000E+01	 0.00000E+00	 0.00000E+00
 1.60000E+01	 0.00000E+00	 0.00000E+00
 1.60000E+01	 0.00000E+00	 0.00000E+00
 1.70000E+01	 0.00000E+00	 0.00000E+00
 1.70000E+01	 0.00000E+00	 0.00000E+00
 1.80000E+01	 0.00000E+00	 0.00000E+00
 1.80000E+01	 0.00000E+00	 0.00000E+00
 1.90000E+01	 0.00000E+00	 0.00000E+00
 1.90000E+01	 0.00000E+00	 0.00000E+00
 2.00000E+01	 0.00000E+00	 0.00000E+00
 2.00000E+01	 0.00000E+00	 0.00000E+00
 2.10000E+01	 0.00000E+00	 0.00000E+00
 2.10000E+01	 0.00000E+00	 0.00000E+00
 2.20000E+01	 0.00000E+00	 0.00000E+00
 2.20000E+01	 0.00000E+00	 0.00000E+00
 2.30000E+01	 0.00000E+00	 0.00000E+00
 2.30000E+01	 0.00000E+00	 0.00000E+00
 2.40000E+01	 0.00000E+00	 0.00000E+00
 2.40000E+01	 0.00000E+00	 0.00000E+00
 2.50000E+01	 0.00000E+00	 0.00000E+00
 2.50000E+01	 0.00000E+00	 0.00000E+00
 2.60000E+01	 0.00000E+00	 0.00000E+00
 2.60000E+01	 0.00000E+00	 0.00000E+00
 2.70000E+01	 0.00000E+00	 0.00000E+00
 2.70000E+01	 0.00000E+00	 0.00000E+00
 2.80000E+01	 0.00000E+00	 0.00000E+00
 2.80000E+01	 0.00000E+00	 0.00000E+00
 2.90000E+01	 0.00000E+00	 0.00000E+00
 2.90000E+01	 0.00000E+00	 0.00000E+00
 3.00000E+01	 0.00000E+00	 0.00000E+00
 3.00000E+01	 0.00000E+00	 0.00000E+00
 3.10000E+01	 0.00000E+00	 0.00000E+00
 3.10000E+01	 0.00000E+00	 0.00000E+00
 3.20000E+01	 0.00000E+00	 0.00000E+00
 3.20000E+01	 0.00000E+00	 0.00000E+00
 3.30000E+01	 0.00000E+00	 0.00000E+00
 3.30000E+01	 0.00000E+00	 0.00000E+00
 3.40000E+01	 0.00000E+00	 0.00000E+00
 3.40000E+01	 0.00000E+00	 0.00000E+00
 3.50000E+01	 0.00000E+00	 0.00000E+00
 3.50000E+01	 0.00000E+00	 0.00000E+00
 3.60000E+01	 0.00000E+00	 0.00000E+00
 3.60000E+01	 0.00000E+00	 0.00000E+00
 3.70000E+01	 0.00000E+00	 0.00000E+00
 3.70000E+01	 0.00000E+00	 0.00000E+00
 3.80000E+01	 0.00000E+00	 0.00000E+00
 3.80000E+01	 0.00000E+00	 0.00000E+00
 3.90000E+01	 0.00000E+00	 0.00000E+00
 3.90000E+01	 0.00000E+00	 0.00000E+00
 4.00000E+01	 0.00000E+00	 0.00000E+00
 4.00000E+01	 0.00000E+00	 0.00000E+00
 4.10000E+01	 0.00000E+00	 0.00000E+00
 4.10000E+01	 0.00000E+00	 0.00000E+00
 4.20000E+01	 0.00000E+00	 0.00000E+00
 4.20000E+01	 0.00000E+00	 0.00000E+00
 4.30000E+01	 0.00000E+00	 0.00000E+00
 4.30000E+01	 0.00000E+00	 0.00000E+00
 4.40000E+01	 0.00000E+00	 0.00000E+00
 4.40000E+01	 0.00000E+00	 0.00000E+00
 4.50000E+01	 0.00000E+00	 0.00000E+00
 4.50000E+01	 0.00000E+00	 0.00000E+00
 4.60000E+01	 0.00000E+00	 0.00000E+00
 4.60000E+01	 0.00000E+00	 0.00000E+00
 4.70000E+01	 0.00000E+00	 0.00000E+00
 4.70000E+01	 0.00000E+00	 0.00000E+00
 4.80000E+01	 0.00000E+00	 0.00000E+00
 4.80000E+01	 0.00000E+00	 0.00000E+00
 4.90000E+01	 0.00000E+00	 0.00000E+00
 4.90000E+01	 0.00000E+00	 0.00000E+00
 5.00000E+01	 0.00000E+00	 0.00000E+00
 5.00000E+01	 0.00000E+00	 0.00000E+00
 5.10000E+01	 0.00000E+00	 0.00000E+00
 5.10000E+01	 0.00000E+00	 0.00000E+00
 5.20000E+01	 0.00000E+00	 0.00000E+00
 5.20000E+01	 0.00000E+00	 0.00000E+00
 5.30000E+01	 0.00000E+00	 0.00000E+00
 5.30000E+01	 0.00000E+00	 0.00000E+00
 5.40000E+01	 0.00000E+00	 0.00000E+00
 5.40000E+01	 0.00000E+00	 0.00000E+00
 5.50000E+01	 0.00000E+00	 0.00000E+00
 5.50000E+01	 0.00000E+00	 0.00000E+00
 5.60000E+01	 0.00000E+00	 0.00000E+00
 5.60000E+01	 0.00000E+00	 0.00000E+00
 5.70000E+01	 0.00000E+00	 0.00000E+00
 5.70000E+01	 0.00000E+00	 0.00000E+00
 5.80000E+01	 0.00000E+00	 0.00000E+00
 5.80000E+01	 0.00000E+00	 0.00000E+00
 5.90000E+01	 0.00000E+00	 0.00000E+00
 5.90000E+01	 0.00000E+00	 0.00000E+00
 6.00000E+01	 0.00000E+00	 0.00000E+00
