NIF_RUN Passive 18x snout on TANDM 90-348 Pinhole
  140    5    1    0    0  <-- KG    KA    IPNT  IACT  KQT  (5I5)
0.005  9.0  0.03  0.03        <-- ACVX  FCHN  FCVX  FS         (free format)
0.0   0   0  1 1.0  <-- AK1   NORML ILOG  TIME  ACNM (free fmt: R,I,I,R,R)
ZR902    1.706E-12 0.010                       IFX
IN115N   4.881E-13 0.007                       IFX
AU197G   8.079E-14 0.010            AUNG 3.937 IFX
IN115G   1.161E-13 0.020            INNG 39.37 IFX
AU1972   1.218E-11 0.053                       IFX
Flux Uncertainty 
   6                          <-- NGP  (I4)
 1E-11 1E-7 1 10 13   20.1
 1     1    1 0.5 0.1 0.03
Input Flux Spectrum
 140 0 1.000E+00 0.000E+00 0.000E+00   <-- NGP, ITHERM, TNORM, TMPR, ETE  (2I4, 3F10.4)
3.5536E+14
3.5540E+13
2.4602E+13
1.1840E+13
1.2282E+13
8.1718E+12
5.7757E+12
3.7182E+12
2.5092E+12
1.8250E+12
1.0537E+12
6.8801E+11
4.6574E+11
3.1185E+11
1.8460E+11
1.8413E+11
9.4379E+11
7.1760E+11
1.1707E+12
8.7724E+11
1.0041E+12
1.2010E+12
1.1071E+12
1.0118E+12
9.7753E+11
8.2905E+11
7.6431E+11
6.5564E+11
5.2451E+11
4.5916E+11
3.8062E+11
3.0591E+11
2.9658E+11
2.7486E+11
3.5544E+11
4.5858E+11
5.1066E+11
5.9348E+11
6.2633E+11
6.2098E+11
5.8715E+11
5.8451E+11
5.6258E+11
5.3172E+11
4.8024E+11
4.3883E+11
4.1483E+11
3.7443E+11
3.5409E+11
3.1190E+11
2.8548E+11
2.6420E+11
2.5019E+11
2.3382E+11
2.2805E+11
2.1818E+11
2.1033E+11
2.0753E+11
2.0938E+11
2.0563E+11
2.0676E+11
2.0681E+11
2.1233E+11
2.1461E+11
2.2004E+11
2.2092E+11
2.2008E+11
2.2123E+11
2.2573E+11
2.0373E+11
2.0539E+11
1.9431E+11
2.0731E+11
2.1490E+11
1.8641E+11
1.6989E+11
2.5408E+11
1.2555E+11
1.1914E+11
1.3328E+11
1.2724E+11
1.0782E+11
9.6592E+10
8.7130E+10
7.8658E+10
8.0512E+10
7.3795E+10
6.7852E+10
6.7766E+10
6.2818E+10
5.3127E+10
6.6812E+10
9.1086E+10
1.2157E+12
1.3718E+12
 0.0000E+00 0.0000E+00 0.0000E+00
 0.0000E+00 0.0000E+00 0.0000E+00 0.0000E+00 0.0000E+00 0.0000E+00 0.0000E+00
 0.0000E+00 0.0000E+00 0.0000E+00 0.0000E+00 0.0000E+00 0.0000E+00 0.0000E+00
 0.0000E+00 0.0000E+00 0.0000E+00 0.0000E+00 0.0000E+00 0.0000E+00 0.0000E+00
 0.0000E+00 0.0000E+00 0.0000E+00 0.0000E+00 0.0000E+00 0.0000E+00 0.0000E+00
 0.0000E+00 0.0000E+00 0.0000E+00 0.0000E+00 0.0000E+00 0.0000E+00 0.0000E+00
 0.0000E+00 0.0000E+00 0.0000E+00 0.0000E+00 0.0000E+00 0.0000E+00 0.0000E+00 
  10  13  28  11  8  5  8  7 10 40
